X,Y,Z,r,absv
-0.944143,-0.484241,0.0445986,0.045,8.24202e-05
-0.955487,-0.511716,0.0254554,0.025,8.24202e-05
-0.925792,-0.519898,0.0620443,0.0125,8.24202e-05
-0.977714,-0.500918,0.0623079,0.0225,8.24202e-05
-0.947083,-0.485543,0.0808569,0.0175,8.24202e-05
-0.910641,-0.470387,0.05057,0.0175,8.24202e-05
-0.780904,-0.555887,0.0481853,0.045,0.00152182
-0.803394,-0.542456,0.0244408,0.025,0.00152182
-0.757053,-0.545547,0.0130184,0.0125,0.00152182
-0.793818,-0.585736,0.022475,0.0225,0.00152182
-0.758217,-0.582463,0.0379859,0.0175,0.00152182
-0.751908,-0.541601,0.0656535,0.0175,0.00152182
-0.678679,-0.627874,0.0444574,0.045,0.00303211
-0.644194,-0.625155,0.0371463,0.025,0.00303211
-0.657407,-0.645271,0.0784777,0.0125,0.00303211
-0.665206,-0.662793,0.026628,0.0225,0.00303211
-0.692084,-0.660123,0.0547202,0.0175,0.00303211
-0.699477,-0.613795,0.0712752,0.0175,0.00303211
-0.531675,-0.634906,0.0487785,0.045,0.00259586
-0.555167,-0.60982,0.0404819,0.025,0.00259586
-0.517021,-0.615819,0.0122622,0.0125,0.00259586
-0.559473,-0.64989,0.0219176,0.0225,0.00259586
-0.521555,-0.658789,0.0232409,0.0175,0.00259586
-0.49605,-0.633488,0.0576552,0.0175,0.00259586
-0.45121,-0.580119,0.0446796,0.045,0.00338378
-0.453575,-0.545667,0.0522595,0.025,0.00338378
-0.46,-0.57743,0.0874349,0.0125,0.00338378
-0.414582,-0.566033,0.0580483,0.0225,0.00338378
-0.429695,-0.601265,0.0650506,0.0175,0.00338378
-0.47549,-0.607624,0.0466802,0.0175,0.00338378
-0.397509,-0.662998,0.0448132,0.045,0.00656222
-0.404537,-0.654764,0.0784702,0.025,0.00656222
-0.388132,-0.620528,0.0493791,0.0125,0.00656222
-0.436052,-0.648058,0.0479649,0.0225,0.00656222
-0.411457,-0.64235,0.0182788,0.0175,0.00656222
-0.366469,-0.662441,0.025161,0.0175,0.00656222
-0.318742,-0.719597,0.0473328,0.045,0.00643652
-0.329413,-0.685918,0.045969,0.025,0.00643652
-0.299296,-0.701859,0.0124082,0.0125,0.00643652
-0.35173,-0.716211,0.0224523,0.0225,0.00643652
-0.321442,-0.74022,0.0174595,0.0175,0.00643652
-0.285611,-0.734909,0.0515612,0.0175,0.00643652
-0.139552,-0.55453,0.044755,0.045,0.0124618
-0.108062,-0.53869,0.042023,0.025,0.0124618
-0.138993,-0.522826,0.0748724,0.0125,0.0124618
-0.112848,-0.571426,0.0715908,0.0225,0.0124618
-0.150944,-0.565697,0.0774738,0.0175,0.0124618
-0.173885,-0.542331,0.0400212,0.0175,0.0124618
-0.866191,-0.314792,0.0444489,0.045,0.000411208
-0.891438,-0.335567,0.0579028,0.025,0.000411208
-0.849598,-0.332434,0.0808618,0.0125,0.000411208
-0.888273,-0.293811,0.0725726,0.0225,0.000411208
-0.850003,-0.290383,0.0660626,0.0175,0.000411208
-0.832431,-0.321889,0.0318048,0.0175,0.000411208
-0.71945,-0.408461,0.0449457,0.045,0.00212
-0.749952,-0.398817,0.0298908,0.025,0.00212
-0.731961,-0.441962,0.0197733,0.0125,0.00212
-0.751355,-0.422152,0.0676034,0.0225,0.00212
-0.717501,-0.440601,0.0619223,0.0175,0.00212
-0.686551,-0.41696,0.0309672,0.0175,0.00212
-0.665124,-0.479432,0.050889,0.045,0.00453011
-0.675503,-0.4584,0.0244334,0.025,0.00453011
-0.63728,-0.486394,0.0178929,0.0125,0.00453011
-0.690286,-0.500226,0.0253302,0.0225,0.00453011
-0.659439,-0.514758,0.0441986,0.0175,0.00453011
-0.634128,-0.480999,0.0705566,0.0175,0.00453011
-0.577503,-0.461491,0.0478745,0.045,0.00301904
-0.550662,-0.460463,0.0248857,0.025,0.00301904
-0.545442,-0.485667,0.065197,0.0125,0.00301904
-0.579421,-0.494161,0.0224244,0.0225,0.00301904
-0.588997,-0.493755,0.0601985,0.0175,0.00301904
-0.580733,-0.450148,0.0826725,0.0175,0.00301904
-0.408281,-0.396332,0.0517254,0.045,0.000962016
-0.403789,-0.374734,0.024097,0.025,0.000962016
-0.380515,-0.416514,0.0246284,0.0125,0.000962016
-0.434771,-0.406386,0.0214605,0.0225,0.000962016
-0.416966,-0.431165,0.0457045,0.0175,0.000962016
-0.385004,-0.409373,0.0769864,0.0175,0.000962016
-0.394876,-0.501926,0.0503073,0.045,0.00336533
-0.383254,-0.523593,0.0249009,0.025,0.00336533
-0.400458,-0.480735,0.0124619,0.0125,0.00336533
-0.355233,-0.493503,0.04158,0.0225,0.00336533
-0.382732,-0.467623,0.0512095,0.0175,0.00336533
-0.42793,-0.487494,0.0573184,0.0175,0.00336533
-0.204988,-0.363845,0.0448704,0.045,0.000795257
-0.181707,-0.390079,0.0493135,0.025,0.000795257
-0.17754,-0.350834,0.0763312,0.0125,0.000795257
-0.217595,-0.388925,0.0753798,0.0225,0.000795257
-0.222056,-0.350234,0.0739986,0.0175,0.000795257
-0.201151,-0.32889,0.0342187,0.0175,0.000795257
-0.889007,-0.212951,0.0443716,0.045,0.000756291
-0.897776,-0.244656,0.0573272,0.025,0.000756291
-0.851913,-0.231157,0.0586942,0.0125,0.000756291
-0.895668,-0.210196,0.085198,0.0225,0.000756291
-0.868989,-0.19043,0.0647946,0.0175,0.000756291
-0.867206,-0.202723,0.0166209,0.0175,0.000756291
-0.725401,-0.277709,0.0446692,0.045,0.00108087
-0.759666,-0.286175,0.0426138,0.025,0.00108087
-0.728638,-0.308881,0.014168,0.0125,0.00108087
-0.733457,-0.310124,0.0692269,0.0225,0.00108087
-0.700841,-0.304269,0.0487165,0.0175,0.00108087
-0.701916,-0.263479,0.0202567,0.0175,0.00108087
-0.637506,-0.293482,0.0448685,0.045,0.00154805
-0.662149,-0.314457,0.0306291,0.025,0.00154805
-0.616163,-0.322926,0.0205794,0.0125,0.00154805
-0.643083,-0.326945,0.0686982,0.0225,0.00154805
-0.609313,-0.308598,0.0622361,0.0175,0.00154805
-0.612668,-0.270854,0.0300006,0.0175,0.00154805
-0.548266,-0.291703,0.0445452,0.045,0.000878234
-0.53049,-0.314946,0.0247016,0.025,0.000878234
-0.531399,-0.321163,0.0721149,0.0125,0.000878234
-0.572601,-0.323988,0.0353633,0.0225,0.000878234
-0.572422,-0.304021,0.0688307,0.0175,0.000878234
-0.537646,-0.268511,0.0709902,0.0175,0.000878234
-0.463862,-0.321779,0.0447226,0.045,0.00122773
-0.447635,-0.293133,0.0318375,0.025,0.00122773
-0.439722,-0.305504,0.0773549,0.0125,0.00122773
-0.426186,-0.331959,0.0307375,0.0225,0.00122773
-0.444095,-0.347081,0.0618712,0.0175,0.00122773
-0.488187,-0.326328,0.0718813,0.0175,0.00122773
-0.376848,-0.267737,0.0447063,0.045,0.00214856
-0.34889,-0.276272,0.0248191,0.025,0.00214856
-0.341507,-0.253998,0.0664945,0.0125,0.00214856
-0.361743,-0.304478,0.0565683,0.0225,0.00214856
-0.37712,-0.27726,0.0798381,0.0175,0.00214856
-0.390116,-0.235459,0.0561995,0.0175,0.00214856
-0.234585,-0.253587,0.0449142,0.045,0.012725
-0.236916,-0.222466,0.0282999,0.025,0.012725
-0.241112,-0.223458,0.0759329,0.0125,0.012725
-0.197451,-0.235169,0.0441081,0.0225,0.012725
-0.211787,-0.256917,0.0730955,0.0175,0.012725
-0.258424,-0.272491,0.0655135,0.0175,0.012725
-0.0466623,-0.312542,0.0447531,0.045,0.00618277
-0.0201328,-0.32893,0.0280913,0.025,0.00618277
-0.015424,-0.319069,0.074654,0.0125,0.00618277
-0.0503445,-0.35359,0.0492549,0.0225,0.00618277
-0.0593537,-0.326569,0.0758527,0.0175,0.00618277
-0.0489048,-0.280028,0.061718,0.0175,0.00618277
-0.82388,-0.120852,0.0460825,0.045,0.00249078
-0.828928,-0.150559,0.0645765,0.025,0.00249078
-0.785975,-0.129576,0.0660721,0.0125,0.00249078
-0.834701,-0.111604,0.08502,0.0225,0.00249078
-0.809521,-0.0918641,0.0627706,0.0175,0.00249078
-0.801362,-0.112543,0.0182641,0.0175,0.00249078
-0.716866,-0.179353,0.0464735,0.045,0.00423488
-0.73247,-0.202154,0.0244141,0.025,0.00423488
-0.68746,-0.210642,0.0381816,0.0125,0.00423488
-0.734017,-0.210362,0.0679915,0.0225,0.00423488
-0.700675,-0.192066,0.0764935,0.0175,0.00423488
-0.687297,-0.157826,0.0429723,0.0175,0.00423488
-0.623295,-0.190733,0.0448408,0.045,0.000574908
-0.593367,-0.206863,0.0351364,0.025,0.000574908
-0.594489,-0.183757,0.0769977,0.0125,0.000574908
-0.621975,-0.228937,0.0608869,0.0225,0.000574908
-0.636965,-0.197262,0.077939,0.0175,0.000574908
-0.631403,-0.155513,0.051461,0.0175,0.000574908
-0.519259,-0.207352,0.044342,0.045,0.00157244
-0.490321,-0.202487,0.0246215,0.025,0.00157244
-0.486186,-0.201034,0.0722481,0.0125,0.00157244
-0.499392,-0.243382,0.0392548,0.0225,0.00157244
-0.518397,-0.23184,0.0712602,0.0175,0.00157244
-0.536805,-0.185716,0.0683014,0.0175,0.00157244
-0.421548,-0.182371,0.0447865,0.045,0.00348051
-0.425465,-0.217345,0.0413974,0.025,0.00348051
-0.385678,-0.196927,0.0244407,0.0125,0.00348051
-0.403372,-0.201785,0.0765901,0.0225,0.00348051
-0.390719,-0.169341,0.0590973,0.0175,0.00348051
-0.418288,-0.155328,0.0201279,0.0175,0.00348051
-0.330454,-0.190081,0.0448513,0.045,0.00414792
-0.323706,-0.221084,0.0292543,0.025,0.00414792
-0.291678,-0.185809,0.025085,0.0125,0.00414792
-0.307613,-0.213874,0.0699703,0.0225,0.00414792
-0.305069,-0.175164,0.0662539,0.0175,0.00414792
-0.335188,-0.156176,0.0315082,0.0175,0.00414792
-0.166415,-0.152695,0.0448723,0.045,0.0111793
-0.14222,-0.129491,0.0336406,0.025,0.0111793
-0.188312,-0.121104,0.0240149,0.0125,0.0111793
-0.162065,-0.122234,0.0726569,0.0225,0.0111793
-0.195223,-0.140563,0.0635256,0.0175,0.0111793
-0.190429,-0.17401,0.0270111,0.0175,0.0111793
-0.898928,-0.0198622,0.0469942,0.045,0.00221299
-0.902757,-0.04566,0.0708649,0.025,0.00221299
-0.859613,-0.0258097,0.065201,0.0125,0.00221299
-0.906452,-0.00355302,0.0843593,0.0225,0.00221299
-0.882965,0.0112759,0.0570241,0.0175,0.00221299
-0.878663,-0.0172046,0.0164612,0.0175,0.00221299
-0.763041,-0.0554895,0.0446415,0.045,0.00323343
-0.748038,-0.0871112,0.0396426,0.025,0.00323343
-0.724366,-0.0541971,0.0650159,0.0125,0.00323343
-0.771624,-0.08043,0.0766267,0.0225,0.00323343
-0.765117,-0.0420472,0.0784053,0.0175,0.00323343
-0.753118,-0.0215389,0.0346966,0.0175,0.00323343
-0.677853,-0.0925179,0.0444527,0.045,0.00299207
-0.648307,-0.095592,0.0252791,0.025,0.00299207
-0.649764,-0.0629119,0.0601702,0.0125,0.00299207
-0.651285,-0.118079,0.0634133,0.0225,0.00299207
-0.67548,-0.0929405,0.0807734,0.0175,0.00299207
-0.701588,-0.064855,0.0490782,0.0175,0.00299207
-0.598286,-0.0424719,0.0448875,0.045,0.00162481
-0.580546,-0.065622,0.0249029,0.025,0.00162481
-0.560797,-0.0507294,0.0658379,0.0125,0.00162481
-0.606231,-0.0811266,0.0575929,0.0225,0.00162481
-0.602961,-0.0496054,0.0802747,0.0175,0.00162481
-0.590728,-0.00815713,0.0556293,0.0175,0.00162481
-0.526936,-0.1121,0.0445557,0.045,0.00292185
-0.500979,-0.0881182,0.04563,0.025,0.00292185
-0.521453,-0.101677,0.0866723,0.0125,0.00292185
-0.490598,-0.130883,0.0513005,0.0225,0.00292185
-0.525036,-0.141194,0.0663484,0.0175,0.00292185
-0.562373,-0.110661,0.0541545,0.0175,0.00292185
-0.429417,-0.0699053,0.0448732,0.045,0.0157689
-0.399444,-0.0850158,0.055978,0.025,0.0157689
-0.430548,-0.0689827,0.088581,0.0125,0.0157689
-0.435754,-0.110227,0.052138,0.0225,0.0157689
-0.461127,-0.0813599,0.0585934,0.0175,0.0157689
-0.443042,-0.0360277,0.0489532,0.0175,0.0157689
-0.330486,-0.0806313,0.0448456,0.045,0.0122098
-0.32807,-0.114261,0.0342066,0.025,0.0122098
-0.288692,-0.087121,0.0337276,0.0125,0.0122098
-0.318909,-0.104699,0.0765549,0.0225,0.0122098
-0.306988,-0.0682296,0.0697258,0.0175,0.0122098
-0.324751,-0.0487279,0.0275457,0.0175,0.0122098
-0.0940933,-0.0608311,0.0448446,0.045,0.00971175
-0.113559,-0.0825797,0.0248925,0.025,0.00971175
-0.0659723,-0.0873496,0.024388,0.0125,0.00971175
-0.101853,-0.0958885,0.0655693,0.0225,0.00971175
-0.0690069,-0.074972,0.067109,0.0175,0.00971175
-0.068555,-0.0357767,0.0364737,0.0175,0.00971175
-0.838048,0.111274,0.0447426,0.045,0.00503668
-0.842565,0.107491,0.0796036,0.025,0.00503668
-0.798216,0.113338,0.062677,0.0125,0.00503668
-0.840872,0.148505,0.0627593,0.0225,0.00503668
-0.818253,0.139222,0.0324115,0.0175,0.00503668
-0.820117,0.0911389,0.0197812,0.0175,0.00503668
-0.752087,0.0851555,0.0445099,0.045,0.00418921
-0.755214,0.0868767,0.0796846,0.025,0.00418921
-0.711679,0.0907702,0.0602654,0.0125,0.00418921
-0.75515,0.124718,0.0565163,0.0225,0.00418921
-0.733452,0.111147,0.0271262,0.0175,0.00418921
-0.734606,0.0616423,0.0223387,0.0175,0.00418921
-0.701968,0.0104246,0.048687,0.045,0.00673625
-0.690664,-0.0207604,0.0609224,0.025,0.00673625
-0.735686,-0.00744631,0.0700472,0.0125,0.00673625
-0.711586,-0.0196402,0.0218105,0.0225,0.00673625
-0.733127,0.0118081,0.0299196,0.0175,0.00673625
-0.714009,0.040748,0.0655843,0.0175,0.00673625
-0.615956,0.0508995,0.0449085,0.045,0.00999126
-0.599817,0.0439069,0.075578,0.025,0.00999126
-0.636368,0.0747527,0.0753535,0.0125,0.00999126
-0.635927,0.0204902,0.0647878,0.0225,0.00999126
-0.652226,0.0484322,0.0430541,0.0175,0.00999126
-0.619824,0.0818363,0.0254674,0.0175,0.00999126
-0.527694,0.0334072,0.043786,0.045,0.00656388
-0.520254,-0.000789009,0.0387588,0.025,0.00656388
-0.503884,0.0207328,0.078209,0.0125,0.00656388
-0.555893,0.0098317,0.0629628,0.0225,0.00656388
-0.541873,0.0439193,0.0756207,0.0175,0.00656388
-0.506398,0.0632188,0.0465685,0.0175,0.00656388
-0.437335,0.0474939,0.0445328,0.045,0.00830795
-0.433615,0.0241166,0.0707941,0.025,0.00830795
-0.467777,0.0574028,0.0743254,0.0125,0.00830795
-0.462958,0.0154352,0.0386639,0.0225,0.00830795
-0.470324,0.0527249,0.0300634,0.0175,0.00830795
-0.434027,0.0840663,0.0433013,0.0175,0.00830795
-0.175856,0.0144968,0.0448179,0.045,0.0148201
-0.169647,-0.0201628,0.0480073,0.025,0.0148201
-0.132805,0.0101704,0.0511781,0.0125,0.0148201
-0.176176,0.00369653,0.0848429,0.0225,0.0148201
-0.162791,0.0371957,0.0700981,0.0175,0.0148201
-0.164511,0.0395305,0.0204333,0.0175,0.0148201
-0.894757,0.211181,0.0446949,0.045,0.000558081
-0.889275,0.2113,0.0796224,0.025,0.000558081
-0.857873,0.233713,0.0513544,0.0125,0.000558081
-0.91094,0.245484,0.0614333,0.0225,0.000558081
-0.893801,0.242718,0.0265429,0.0175,0.000558081
-0.875301,0.197611,0.0166354,0.0175,0.000558081
-0.787004,0.199832,0.0448847,0.045,0.00438051
-0.789663,0.216337,0.0760379,0.025,0.00438051
-0.78802,0.24267,0.0361461,0.0125,0.00438051
-0.826842,0.207365,0.0535433,0.0225,0.00438051
-0.810301,0.208441,0.0182732,0.0175,0.00438051
-0.761214,0.200358,0.01872,0.0175,0.00438051
-0.688834,0.24653,0.0462761,0.045,0.00159716
-0.705207,0.275701,0.057719,0.025,0.00159716
-0.69358,0.272531,0.0114346,0.0125,0.00159716
-0.729767,0.242828,0.0408377,0.0225,0.00159716
-0.702019,0.22913,0.0171487,0.0175,0.00159716
-0.655792,0.240998,0.0311898,0.0175,0.00159716
-0.595664,0.23013,0.0447311,0.045,0.000677358
-0.588198,0.240613,0.0776609,0.025,0.000677358
-0.558578,0.253175,0.0422726,0.0125,0.000677358
-0.611044,0.26806,0.0513275,0.0225,0.000677358
-0.59591,0.25479,0.017957,0.0175,0.000677358
-0.577771,0.208563,0.0209682,0.0175,0.000677358
-0.507279,0.214044,0.0445395,0.045,0.00175805
-0.519709,0.223992,0.0761076,0.025,0.00175805
-0.473379,0.230887,0.0664381,0.0125,0.00175805
-0.518034,0.25407,0.0435304,0.0225,0.00175805
-0.487939,0.237794,0.0248713,0.0175,0.00175805
-0.481945,0.189369,0.0345722,0.0175,0.00175805
-0.412031,0.160209,0.0449104,0.045,0.00277443
-0.419174,0.125925,0.0497721,0.025,0.00277443
-0.421348,0.155409,0.0873682,0.0125,0.00277443
-0.452873,0.153718,0.0419859,0.0225,0.00277443
-0.435541,0.185092,0.0572848,0.0175,0.00277443
-0.385889,0.182203,0.0584326,0.0175,0.00277443
-0.330163,0.114893,0.0448875,0.045,0.00363136
-0.343405,0.14765,0.0461644,0.025,0.00363136
-0.37176,0.111947,0.0317137,0.0125,0.00363136
-0.349038,0.121109,0.0812723,0.0225,0.00363136
-0.34838,0.0878204,0.0610187,0.0175,0.00363136
-0.325125,0.0912978,0.0171767,0.0175,0.00363136
-0.0683508,0.192513,0.0448952,0.045,0.0105059
-0.0423729,0.169765,0.0372978,0.025,0.0105059
-0.0447143,0.210914,0.0130332,0.0125,0.0105059
-0.0343634,0.202091,0.0666173,0.0225,0.0105059
-0.0599909,0.227305,0.0515752,0.0175,0.0105059
-0.0961488,0.205897,0.0249421,0.0175,0.0105059
-0.840289,0.401604,0.0445337,0.045,0.000466529
-0.835738,0.427819,0.0678161,0.025,0.000466529
-0.80353,0.392489,0.0664018,0.0125,0.000466529
-0.815627,0.430748,0.0283733,0.0225,0.000466529
-0.812641,0.392299,0.0227618,0.0175,0.000466529
-0.845581,0.365479,0.0486603,0.0175,0.000466529
-0.733785,0.360217,0.0446835,0.045,0.000527486
-0.728015,0.385146,0.0690816,0.025,0.000527486
-0.723399,0.396686,0.022897,0.0125,0.000527486
-0.768507,0.381901,0.0512322,0.0225,0.000527486
-0.756479,0.36736,0.0171347,0.0175,0.000527486
-0.712086,0.345003,0.0192334,0.0175,0.000527486
-0.647352,0.335567,0.0448885,0.045,0.00226236
-0.65403,0.353749,0.0744662,0.025,0.00226236
-0.608706,0.34963,0.0597608,0.0125,0.00226236
-0.651219,0.375904,0.0361254,0.0225,0.00226236
-0.626778,0.350824,0.0190244,0.0175,0.00226236
-0.627945,0.30504,0.0384524,0.0175,0.00226236
-0.510563,0.387774,0.0448074,0.045,0.00321931
-0.498269,0.410321,0.0691066,0.025,0.00321931
-0.49387,0.421721,0.0228658,0.0125,0.00321931
-0.539449,0.416165,0.0536542,0.0225,0.00321931
-0.532707,0.400223,0.0187377,0.0175,0.00321931
-0.494051,0.368917,0.0179411,0.0175,0.00321931
-0.425347,0.34446,0.0448303,0.045,0.0055322
-0.443428,0.368538,0.0633584,0.025,0.0055322
-0.396917,0.362508,0.0727313,0.0125,0.0055322
-0.421511,0.381742,0.0271084,0.0225,0.0055322
-0.394028,0.354179,0.0290303,0.0175,0.0055322
-0.407661,0.313805,0.0547029,0.0175,0.0055322
-0.339082,0.306111,0.0448484,0.045,0.00259005
-0.351411,0.33229,0.0651619,0.025,0.00259005
-0.305836,0.318727,0.0703059,0.0125,0.00259005
-0.330858,0.342738,0.0272518,0.0225,0.00259005
-0.308084,0.311124,0.0264353,0.0175,0.00259005
-0.325754,0.272805,0.0527874,0.0175,0.00259005
-0.158937,0.219459,0.0448217,0.045,0.0152072
-0.174987,0.187978,0.0436626,0.025,0.0152072
-0.132789,0.19308,0.0217361,0.0125,0.0152072
-0.145074,0.195375,0.0755882,0.0225,0.0152072
-0.124103,0.221168,0.0552487,0.0175,0.0152072
-0.149387,0.24335,0.0185921,0.0175,0.0152072
-0.943131,0.46598,0.0448093,0.045,0.000744985
-0.923498,0.467307,0.0741822,0.025,0.000744985
-0.901554,0.461178,0.0321298,0.0125,0.000744985
-0.929803,0.504717,0.0511717,0.0225,0.000744985
-0.93424,0.487233,0.0166269,0.0175,0.000744985
-0.948407,0.439645,0.0197367,0.0175,0.000744985
-0.769538,0.501973,0.0494776,0.045,0.000300232
-0.764596,0.526719,0.0247146,0.025,0.000300232
-0.756761,0.480931,0.0133323,0.0125,0.000300232
-0.803965,0.506361,0.0267998,0.0225,0.000300232
-0.790245,0.473065,0.0416958,0.0175,0.000300232
-0.746732,0.477913,0.0653209,0.0175,0.000300232
-0.68826,0.547,0.0492716,0.045,0.00105215
-0.700468,0.57227,0.0277677,0.025,0.00105215
-0.662835,0.546322,0.013696,0.0125,0.00105215
-0.715195,0.530779,0.0222498,0.0225,0.00105215
-0.683102,0.513489,0.0360281,0.0175,0.00105215
-0.655949,0.542328,0.0661281,0.0175,0.00105215
-0.603569,0.576444,0.0452223,0.045,0.00122785
-0.584256,0.599731,0.0635178,0.025,0.00122785
-0.571095,0.55375,0.0637402,0.0125,0.00122785
-0.572009,0.589987,0.021999,0.0225,0.00122785
-0.586821,0.55394,0.0220253,0.0175,0.00122785
-0.623034,0.546998,0.0554232,0.0175,0.00122785
-0.514259,0.609801,0.0500546,0.045,0.00133098
-0.539394,0.624158,0.0297535,0.025,0.00133098
-0.494034,0.625634,0.0146604,0.0125,0.00133098
-0.527353,0.582148,0.0220794,0.0225,0.00133098
-0.490878,0.58619,0.0351948,0.0175,0.00133098
-0.484877,0.624077,0.0668736,0.0175,0.00133098
-0.375214,0.517603,0.0480299,0.045,0.00235898
-0.357623,0.537758,0.0249143,0.025,0.00235898
-0.368979,0.493013,0.0124072,0.0125,0.00235898
-0.401897,0.536292,0.0223887,0.0225,0.00235898
-0.405358,0.500372,0.0371036,0.0175,0.00235898
-0.366666,0.486123,0.0649398,0.0175,0.00235898
-0.289824,0.462275,0.0448303,0.045,0.00362401
-0.312834,0.458035,0.0713362,0.025,0.00362401
-0.26938,0.475421,0.0811861,0.0125,0.00362401
-0.310382,0.497652,0.0515058,0.0225,0.00362401
-0.273008,0.494327,0.0409754,0.0175,0.00362401
-0.25697,0.447331,0.037949,0.0175,0.00362401
-0.199683,0.482717,0.0480766,0.045,0.0029344
-0.209506,0.516678,0.0477329,0.025,0.0029344
-0.178731,0.501319,0.0144992,0.0125,0.0029344
-0.231781,0.487895,0.0223539,0.0225,0.0029344
-0.201927,0.463353,0.0173353,0.0175,0.0029344
-0.167074,0.466431,0.0527017,0.0175,0.0029344
-0.857174,-0.504722,0.053546,0.045,0.000844689
-0.836644,-0.505479,0.0247716,0.025,0.000844689
-0.837157,-0.543604,0.0536465,0.0125,0.000844689
-0.877475,-0.522648,0.0221572,0.0225,0.000844689
-0.879887,-0.532472,0.0597926,0.0175,0.000844689
-0.849545,-0.506488,0.0894442,0.0175,0.000844689
-0.749175,-0.739213,0.0494509,0.045,0.00186343
-0.768619,-0.71304,0.0357796,0.025,0.00186343
-0.729428,-0.727223,0.0123191,0.0125,0.00186343
-0.776436,-0.754568,0.0222517,0.0225,0.00186343
-0.740152,-0.767434,0.0283051,0.0175,0.00186343
-0.714459,-0.740611,0.0614026,0.0175,0.00186343
-0.581772,-0.708923,0.0445919,0.045,0.00108191
-0.610036,-0.716528,0.0247605,0.025,0.00108191
-0.568849,-0.73908,0.0156769,0.0125,0.00108191
-0.601533,-0.741868,0.0601768,0.0225,0.00108191
-0.562985,-0.736155,0.059774,0.0175,0.00108191
-0.548972,-0.694512,0.0364395,0.0175,0.00108191
-0.490633,-0.725328,0.0445776,0.045,0.00544257
-0.460477,-0.726299,0.0261472,0.025,0.00544257
-0.458333,-0.7287,0.0738666,0.0125,0.00544257
-0.479554,-0.764673,0.0376471,0.0225,0.00544257
-0.496788,-0.750878,0.0697634,0.0175,0.00544257
-0.503709,-0.701614,0.0694098,0.0175,0.00544257
-0.396996,-0.765554,0.0447798,0.045,0.00278441
-0.412531,-0.740619,0.0251112,0.025,0.00278441
-0.434294,-0.782931,0.0299673,0.0125,0.00278441
-0.42389,-0.74405,0.0678657,0.0225,0.00278441
-0.41633,-0.78217,0.0707622,0.0175,0.00278441
-0.384222,-0.799048,0.0367148,0.0175,0.00278441
-0.230771,-0.871722,0.048872,0.045,0.00583758
-0.208904,-0.889017,0.0706147,0.025,0.00583758
-0.194445,-0.879917,0.0259422,0.0125,0.00583758
-0.205123,-0.844925,0.0673887,0.0225,0.00583758
-0.218399,-0.842635,0.03082,0.0175,0.00583758
-0.24673,-0.881179,0.0171565,0.0175,0.00583758
-0.103178,-0.730524,0.0448446,0.045,0.00932854
-0.104562,-0.726887,0.0799852,0.025,0.00932854
-0.138471,-0.752631,0.0581924,0.0125,0.00932854
-0.084318,-0.762594,0.0631352,0.0225,0.00932854
-0.105457,-0.763867,0.0304199,0.0175,0.00932854
-0.12609,-0.720339,0.0179879,0.0175,0.00932854
-0.955265,-0.308216,0.0445585,0.045,0.000188123
-0.975602,-0.335297,0.0547096,0.025,0.000188123
-0.928262,-0.338612,0.0606645,0.0125,0.000188123
-0.964563,-0.304613,0.0847991,0.0225,0.000188123
-0.930855,-0.294705,0.0679376,0.0175,0.000188123
-0.928659,-0.305322,0.019384,0.0175,0.000188123
-0.814433,-0.421396,0.0445004,0.045,0.000810316
-0.836307,-0.428655,0.0713119,0.025,0.000810316
-0.796302,-0.404034,0.0803101,0.0125,0.000810316
-0.840552,-0.389748,0.0504089,0.0225,0.000810316
-0.80319,-0.387118,0.039642,0.0175,0.000810316
-0.779584,-0.430868,0.0377315,0.0175,0.000810316
-0.695547,-0.553475,0.0915079,0.045,0.00576948
-0.704969,-0.585513,0.10312,0.025,0.00576948
-0.735789,-0.549281,0.108106,0.0125,0.00576948
-0.716896,-0.573456,0.0621181,0.0225,0.00576948
-0.718204,-0.535236,0.0696218,0.0175,0.00576948
-0.690704,-0.521361,0.108689,0.0175,0.00576948
-0.618138,-0.561222,0.0448675,0.045,0.00381646
-0.594778,-0.58369,0.0589917,0.025,0.00381646
-0.586746,-0.536705,0.062921,0.0125,0.00381646
-0.627022,-0.567571,0.0848616,0.0225,0.00381646
-0.631185,-0.534099,0.0653404,0.0175,0.00381646
-0.6153,-0.536068,0.0182363,0.0175,0.00381646
-0.531473,-0.538119,0.044569,0.045,0.00191671
-0.522211,-0.568749,0.0295351,0.025,0.00191671
-0.497424,-0.553322,0.0674175,0.0125,0.00191671
-0.550138,-0.569626,0.0640036,0.0225,0.00191671
-0.536765,-0.536982,0.080565,0.0175,0.00191671
-0.513615,-0.506312,0.0489674,0.0175,0.00191671
-0.467249,-0.529143,0.118439,0.045,0.00314363
-0.488538,-0.515805,0.0935612,0.025,0.00314363
-0.483396,-0.563273,0.0963723,0.0125,0.00314363
-0.506296,-0.528073,0.132328,0.0225,0.00314363
-0.479784,-0.55555,0.140131,0.0175,0.00314363
-0.436451,-0.549093,0.116561,0.0175,0.00314363
-0.23395,-0.448932,0.0493002,0.045,0.00150135
-0.251219,-0.419244,0.0409088,0.025,0.00150135
-0.215315,-0.433673,0.0127978,0.0125,0.00150135
-0.264333,-0.457371,0.0223856,0.0225,0.00150135
-0.229367,-0.474521,0.0238206,0.0175,0.00150135
-0.198929,-0.455498,0.058269,0.0175,0.00150135
-0.113059,-0.377691,0.0448446,0.045,0.00394327
-0.101377,-0.379727,0.078152,0.025,0.00394327
-0.140935,-0.403787,0.0661622,0.0125,0.00394327
-0.0887806,-0.410999,0.0493052,0.0225,0.00394327
-0.120501,-0.408423,0.0268119,0.0175,0.00394327
-0.144265,-0.364856,0.0303039,0.0175,0.00394327
-0.795971,-0.222318,0.0446644,0.045,0.000185072
-0.824686,-0.233626,0.0274149,0.025,0.000185072
-0.822266,-0.24011,0.0747392,0.0125,0.000185072
-0.825458,-0.193193,0.045673,0.0225,0.000185072
-0.80016,-0.2014,0.0741584,0.0175,0.000185072
-0.770294,-0.239917,0.0641835,0.0175,0.000185072
-0.693479,-0.347982,0.110438,0.045,0.00338767
-0.717202,-0.351421,0.08445,0.025,0.00338767
-0.71786,-0.382873,0.120476,0.0125,0.00338767
-0.728672,-0.328658,0.120768,0.0225,0.00338767
-0.704976,-0.347926,0.144975,0.0175,0.00338767
-0.66648,-0.369869,0.122358,0.0175,0.00338767
-0.630307,-0.388787,0.0449057,0.045,0.0011946
-0.652059,-0.409429,0.0636339,0.025,0.0011946
-0.604855,-0.414916,0.0690301,0.0125,0.0011946
-0.63712,-0.371998,0.0821946,0.0225,0.0011946
-0.603717,-0.370883,0.062151,0.0175,0.0011946
-0.604956,-0.396268,0.0193837,0.0175,0.0011946
-0.538742,-0.380925,0.0453033,0.045,0.0030585
-0.562478,-0.395184,0.0672879,0.025,0.0030585
-0.516784,-0.40887,0.0707874,0.0125,0.0030585
-0.539721,-0.359582,0.0808319,0.0225,0.0030585
-0.508187,-0.366722,0.0590748,0.0175,0.0030585
-0.517054,-0.395494,0.0194696,0.0175,0.0030585
-0.480016,-0.378453,0.113086,0.045,0.00392549
-0.502419,-0.404592,0.105033,0.025,0.00392549
-0.479668,-0.405962,0.14708,0.0125,0.00392549
-0.517557,-0.37019,0.128614,0.0225,0.00392549
-0.483343,-0.361574,0.145164,0.0175,0.00392549
-0.443878,-0.377992,0.119708,0.0175,0.00392549
-0.392203,-0.330415,0.110705,0.045,0.00287254
-0.394062,-0.312973,0.141403,0.025,0.00287254
-0.426164,-0.347287,0.132488,0.0125,0.00287254
-0.371538,-0.351177,0.140042,0.0225,0.00287254
-0.392322,-0.366814,0.11102,0.0175,0.00287254
-0.415505,-0.33333,0.0824472,0.0175,0.00287254
-0.145117,-0.285933,0.0448532,0.045,0.00224636
-0.16862,-0.30303,0.024721,0.025,0.00224636
-0.141031,-0.32841,0.0544222,0.0125,0.00224636
-0.180439,-0.291366,0.0658674,0.0225,0.00224636
-0.144397,-0.292515,0.0806466,0.0175,0.00224636
-0.108444,-0.287296,0.0466592,0.0175,0.00224636
-0.955068,-0.118841,0.0448151,0.045,0.000527567
-0.95104,-0.117817,0.0799253,0.025,0.000527567
-0.91438,-0.132619,0.0530101,0.0125,0.000527567
-0.938043,-0.0827484,0.0560497,0.0225,0.000527567
-0.930063,-0.102931,0.0236812,0.0175,0.000527567
-0.953999,-0.146433,0.0205761,0.0175,0.000527567
-0.774347,-0.163945,0.115854,0.045,0.00210204
-0.79953,-0.18876,0.115615,0.025,0.00210204
-0.790853,-0.165215,0.156332,0.0125,0.00210204
-0.811253,-0.14657,0.108453,0.0225,0.00210204
-0.782149,-0.130969,0.129148,0.0175,0.00210204
-0.742766,-0.160912,0.134386,0.0175,0.00210204
-0.673174,-0.239017,0.106753,0.045,0.00148485
-0.686742,-0.271608,0.104803,0.025,0.00148485
-0.690133,-0.247736,0.146109,0.0125,0.00148485
-0.713453,-0.237016,0.0971447,0.0225,0.00148485
-0.693852,-0.212006,0.119707,0.0175,0.00148485
-0.646311,-0.224578,0.127245,0.0175,0.00148485
-0.572758,-0.231096,0.111992,0.045,0.00162165
-0.604879,-0.245228,0.116293,0.025,0.00162165
-0.572834,-0.249857,0.151495,0.0125,0.00162165
-0.597412,-0.204374,0.131913,0.0225,0.00162165
-0.559281,-0.209565,0.138065,0.0175,0.00162165
-0.539165,-0.245925,0.11071,0.0175,0.00162165
-0.503579,-0.163993,0.120313,0.045,0.00279092
-0.508118,-0.157431,0.154756,0.025,0.00279092
-0.52156,-0.124224,0.123068,0.0125,0.00279092
-0.54188,-0.174881,0.131856,0.0225,0.00279092
-0.531643,-0.159392,0.0975917,0.0175,0.00279092
-0.483455,-0.147442,0.0944073,0.0175,0.00279092
-0.394367,-0.127887,0.110962,0.045,0.0254006
-0.412934,-0.154461,0.125071,0.025,0.0254006
-0.420715,-0.110021,0.140947,0.0125,0.0254006
-0.430562,-0.13193,0.0911543,0.0225,0.0254006
-0.412041,-0.0984959,0.0987634,0.0175,0.0254006
-0.370373,-0.104078,0.125364,0.0175,0.0254006
-0.255507,-0.140276,0.0449038,0.045,0.00387307
-0.23989,-0.112845,0.028977,0.025,0.00387307
-0.282074,-0.128089,0.0123751,0.0125,0.00387307
-0.269613,-0.104727,0.0609056,0.0225,0.00387307
-0.290285,-0.137271,0.055221,0.0175,0.00387307
-0.2648,-0.17378,0.0330249,0.0175,0.00387307
0.0332613,-0.20634,0.0474796,0.045,0.019721
0.0177431,-0.238021,0.0451342,0.025,0.019721
0.00741022,-0.204878,0.0122364,0.0125,0.019721
0.0551102,-0.230958,0.0222743,0.0225,0.019721
0.0498474,-0.192565,0.0181512,0.0175,0.019721
0.019816,-0.172496,0.0523618,0.0175,0.019721
-0.812348,0.0192633,0.0445929,0.045,0.00265832
-0.830265,-0.0112098,0.0452254,0.025,0.00265832
-0.799847,-0.00169059,0.0808853,0.0125,0.00265832
-0.846961,0.0236703,0.0669822,0.0225,0.00265832
-0.812554,0.0405074,0.0741503,0.0175,0.00265832
-0.776438,0.0268267,0.0427893,0.0175,0.00265832
-0.733301,-0.0861769,0.132238,0.045,0.00307193
-0.76174,-0.0964675,0.150551,0.025,0.00307193
-0.735139,-0.0605883,0.167655,0.0125,0.00307193
-0.765998,-0.0629032,0.121844,0.0225,0.00307193
-0.729039,-0.050847,0.124581,0.0175,0.00307193
-0.697449,-0.0859298,0.140273,0.0175,0.00307193
-0.644815,-0.0565939,0.125922,0.045,0.00356556
-0.636844,-0.0878356,0.140428,0.025,0.00356556
-0.612923,-0.0490193,0.154871,0.0125,0.00356556
-0.666357,-0.0618289,0.160955,0.0225,0.00356556
-0.651707,-0.0282421,0.147686,0.0175,0.00356556
-0.625178,-0.0328914,0.105858,0.0175,0.00356556
-0.573285,0.0137014,0.14956,0.045,0.00669739
-0.597072,-0.0124391,0.150484,0.025,0.00669739
-0.611135,0.031841,0.161842,0.0125,0.00669739
-0.593545,0.0117323,0.113443,0.0225,0.00669739
-0.581167,0.0441343,0.13121,0.0175,0.00669739
-0.560077,0.0360739,0.175541,0.0175,0.00669739
-0.517295,-0.0344858,0.0996332,0.045,0.00635249
-0.52688,-0.0398894,0.133233,0.025,0.00635249
-0.480585,-0.0432821,0.121712,0.0125,0.00635249
-0.513947,0.00079637,0.121144,0.0225,0.00635249
-0.490358,-0.0110708,0.0924819,0.0175,0.00635249
-0.501342,-0.056197,0.0746503,0.0175,0.00635249
-0.421403,-0.0112619,0.12959,0.045,0.00831352
-0.445372,-0.0367975,0.134429,0.025,0.00831352
-0.456221,0.00777119,0.147973,0.0125,0.00831352
-0.447402,-0.0125535,0.0973234,0.0225,0.00831352
-0.431429,0.0194439,0.112808,0.0175,0.00831352
-0.403509,0.0106507,0.153034,0.0175,0.00831352
-0.243698,-0.0445671,0.0448837,0.045,0.0144634
-0.26659,-0.0235379,0.0617287,0.025,0.0144634
-0.219775,-0.0171703,0.0691649,0.0125,0.0144634
-0.249525,-0.00973699,0.023166,0.0225,0.0144634
-0.21612,-0.029532,0.0264878,0.0175,0.0144634
-0.218827,-0.0687694,0.0569526,0.0175,0.0144634
-0.955351,0.0845318,0.0445023,0.045,0.00115208
-0.950498,0.0519448,0.0573294,0.025,0.00115208
-0.917318,0.0852626,0.0660767,0.0125,0.00115208
-0.969764,0.082318,0.083311,0.0225,0.00115208
-0.952197,0.113016,0.0669462,0.0175,0.00115208
-0.936236,0.104801,0.020548,0.0175,0.00115208
-0.785726,0.141686,0.113986,0.045,0.00458942
-0.800663,0.110523,0.10652,0.025,0.00458942
-0.798516,0.12463,0.15217,0.0125,0.00458942
-0.826718,0.146284,0.109838,0.0225,0.00458942
-0.803784,0.165389,0.134893,0.0175,0.00458942
-0.756215,0.150858,0.133861,0.0175,0.00458942
-0.697517,0.157563,0.0473919,0.045,0.00214487
-0.694583,0.123811,0.0574996,0.025,0.00214487
-0.669486,0.157089,0.0809554,0.0125,0.00214487
-0.724191,0.149633,0.0781229,0.0225,0.00214487
-0.704788,0.182951,0.0724442,0.0175,0.00214487
-0.673144,0.18162,0.0340791,0.0175,0.00214487
-0.606284,0.140383,0.0446968,0.045,0.00543199
-0.635207,0.13619,0.0248,0.025,0.00543199
-0.636561,0.122269,0.0705371,0.0125,0.00543199
-0.631431,0.173028,0.0492426,0.0225,0.00543199
-0.609281,0.156937,0.0769767,0.0175,0.00543199
-0.58453,0.116426,0.0620996,0.0175,0.00543199
-0.514843,0.124886,0.0460453,0.045,0.00598775
-0.512757,0.0980551,0.0689751,0.025,0.00598775
-0.494241,0.140374,0.0813746,0.0125,0.00598775
-0.5469,0.126197,0.0723016,0.0225,0.00598775
-0.528019,0.156861,0.0574015,0.0175,0.00598775
-0.489194,0.14472,0.0287615,0.0175,0.00598775
-0.545399,0.0966034,0.132102,0.045,0.00824723
-0.526158,0.0670225,0.129921,0.025,0.00824723
-0.506213,0.106052,0.149064,0.0125,0.00824723
-0.548241,0.0752409,0.167518,0.0225,0.00824723
-0.547455,0.114044,0.163986,0.0175,0.00824723
-0.541275,0.12996,0.117259,0.0175,0.00824723
-0.339645,0.0156317,0.0448589,0.045,0.0134906
-0.315287,0.0285585,0.0669852,0.025,0.0134906
-0.35396,0.00720465,0.0853136,0.0125,0.0134906
-0.312764,-0.0141634,0.0552707,0.0225,0.0134906
-0.350984,-0.0186911,0.0491466,0.0175,0.0134906
-0.375084,0.0237654,0.0395753,0.0175,0.0134906
-0.0134087,-0.00686646,0.0449104,0.045,0.00762071
-0.0275216,0.00111383,0.0763292,0.025,0.00762071
-0.00425577,-0.0403892,0.0714613,0.0125,0.00762071
0.0150147,0.0113664,0.0689609,0.0225,0.00762071
0.0214392,-0.0172621,0.0433116,0.0175,0.00762071
-0.019768,-0.0341467,0.0211334,0.0175,0.00762071
-0.863929,0.306045,0.0449514,0.045,0.00048883
-0.87679,0.278221,0.0625711,0.025,0.00048883
-0.843473,0.305339,0.0835983,0.0125,0.00048883
-0.895342,0.317972,0.0692351,0.0225,0.00048883
-0.8632,0.338543,0.0613311,0.0175,0.00048883
-0.830173,0.314359,0.0330587,0.0175,0.00048883
-0.772398,0.28426,0.0724678,0.045,0.000964557
-0.781995,0.262019,0.0982211,0.025,0.000964557
-0.76425,0.304783,0.110216,0.0125,0.000964557
-0.811368,0.292173,0.0841937,0.0225,0.000964557
-0.784825,0.318467,0.0731097,0.0175,0.000964557
-0.740044,0.299108,0.0633721,0.0175,0.000964557
-0.69375,0.30777,0.118216,0.045,0.00201031
-0.726109,0.294546,0.123513,0.025,0.00201031
-0.693643,0.290522,0.158403,0.0125,0.00201031
-0.717499,0.33578,0.137455,0.0225,0.00201031
-0.679404,0.329958,0.143253,0.0175,0.00201031
-0.660519,0.292141,0.117018,0.0175,0.00201031
-0.560351,0.312813,0.0447531,0.045,0.00130222
-0.548605,0.292738,0.0713804,0.025,0.00130222
-0.536041,0.338868,0.0701036,0.0125,0.00130222
-0.585892,0.316062,0.0772471,0.0225,0.00130222
-0.576533,0.344527,0.0523291,0.0175,0.00130222
-0.542992,0.331192,0.0180914,0.0175,0.00130222
-0.480094,0.287742,0.0877256,0.045,0.000919165
-0.509671,0.276287,0.103347,0.025,0.000919165
-0.477517,0.300024,0.129618,0.0125,0.000919165
-0.508708,0.317741,0.0875534,0.0225,0.000919165
-0.470272,0.32255,0.0918351,0.0175,0.000919165
-0.444605,0.279955,0.0931961,0.0175,0.000919165
-0.308489,0.208044,0.0448723,0.045,0.00281568
-0.327746,0.189926,0.0683438,0.025,0.00281568
-0.292942,0.218547,0.084375,0.0125,0.00281568
-0.339993,0.231384,0.0583437,0.0225,0.00281568
-0.304169,0.243895,0.0494617,0.0175,0.00281568
-0.272692,0.207579,0.0366031,0.0175,0.00281568
-0.146441,0.110353,0.0447941,0.045,0.0137144
-0.160918,0.11263,0.0769691,0.025,0.0137144
-0.130825,0.147008,0.0628229,0.0125,0.0137144
-0.180752,0.133572,0.0432523,0.0225,0.0137144
-0.148208,0.139103,0.0225385,0.0175,0.0137144
-0.111623,0.107218,0.0334873,0.0175,0.0137144
-0.955502,0.301996,0.0448761,0.045,0.000253163
-0.975142,0.318576,0.0691526,0.025,0.000253163
-0.929704,0.332232,0.0631185,0.0125,0.000253163
-0.972583,0.336003,0.0284276,0.0225,0.000253163
-0.937187,0.321792,0.0204277,0.0175,0.000253163
-0.924897,0.281819,0.0473737,0.0175,0.000253163
-0.854027,0.494394,0.0785732,0.045,0.000657361
-0.870449,0.463568,0.0730922,0.025,0.000657361
-0.886923,0.492614,0.107333,0.0125,0.000657361
-0.885831,0.499749,0.0525235,0.0225,0.000657361
-0.873737,0.524978,0.0796533,0.0175,0.000657361
-0.836209,0.508121,0.107627,0.0175,0.000657361
-0.696714,0.442325,0.0440435,0.045,0.000526221
-0.709709,0.4404,0.0768678,0.025,0.000526221
-0.662993,0.448879,0.0711065,0.0125,0.000526221
-0.706472,0.480255,0.0576378,0.0225,0.000526221
-0.676307,0.471002,0.0347636,0.0175,0.000526221
-0.671733,0.422228,0.0260976,0.0175,0.000526221
-0.607211,0.442065,0.0496273,0.045,0.000168408
-0.632899,0.425613,0.0675018,0.025,0.000168408
-0.641454,0.469265,0.0499274,0.0125,0.000168408
-0.631976,0.421747,0.0233095,0.0225,0.000168408
-0.614643,0.456049,0.0168519,0.0175,0.000168408
-0.588899,0.473323,0.0557606,0.0175,0.000168408
-0.5248,0.518955,0.0447588,0.045,0.000582737
-0.545063,0.490061,0.0468908,0.025,0.000582737
-0.552815,0.525884,0.077617,0.0125,0.000582737
-0.559521,0.524376,0.0227626,0.0225,0.000582737
-0.540733,0.551651,0.0433012,0.0175,0.000582737
-0.501316,0.53451,0.0683495,0.0175,0.000582737
-0.440347,0.446405,0.0442753,0.045,0.000976264
-0.469054,0.462864,0.0567258,0.025,0.000976264
-0.4266,0.472596,0.0764866,0.0125,0.000976264
-0.444958,0.483025,0.0253936,0.0225,0.000976264
-0.41119,0.466192,0.0351466,0.0175,0.000976264
-0.416373,0.423302,0.0598149,0.0175,0.000976264
-0.26843,0.373038,0.0450048,0.045,0.019832
-0.292904,0.388677,0.0248447,0.025,0.019832
-0.279701,0.343911,0.0143931,0.0125,0.019832
-0.306338,0.363396,0.0587448,0.0225,0.019832
-0.275211,0.339948,0.0585703,0.0175,0.019832
-0.234847,0.360099,0.0376011,0.0175,0.019832
-0.0140343,0.282057,0.0447874,0.045,0.00635652
0.0105586,0.307144,0.0408122,0.025,0.00635652
-0.0278776,0.307928,0.0123596,0.0125,0.00635652
-0.0242648,0.315535,0.0669977,0.0225,0.00635652
-0.048913,0.291882,0.0482422,0.0175,0.00635652
-0.0265158,0.255846,0.0222663,0.0175,0.00635652
-0.949428,0.615273,0.0448341,0.045,0.000275343
-0.975523,0.631464,0.0623515,0.025,0.000275343
-0.98082,0.623432,0.0155015,0.0125,0.000275343
-0.977488,0.587424,0.0573172,0.0225,0.000275343
-0.957327,0.586504,0.0239787,0.0175,0.000275343
-0.927873,0.625998,0.0170788,0.0175,0.000275343
-0.849269,0.767575,0.0446377,0.045,0.000677982
-0.865573,0.792248,0.0252617,0.025,0.000677982
-0.88143,0.747175,0.0231438,0.0125,0.000677982
-0.881748,0.782737,0.0654696,0.0225,0.000677982
-0.869192,0.745848,0.065992,0.0175,0.000677982
-0.83085,0.737119,0.0355166,0.0175,0.000677982
-0.684092,0.820569,0.0478172,0.045,0.00224405
-0.695369,0.85375,0.0524868,0.025,0.00224405
-0.672811,0.842657,0.0117985,0.0125,0.00224405
-0.721666,0.825243,0.0309333,0.0225,0.00224405
-0.692734,0.803124,0.0170604,0.0175,0.00224405
-0.650568,0.806232,0.0432778,0.0175,0.00224405
-0.612176,0.876496,0.0449095,0.045,0.00311062
-0.645856,0.877858,0.0342408,0.025,0.00311062
-0.631335,0.840089,0.0597401,0.0125,0.00311062
-0.635773,0.893136,0.0746592,0.0225,0.00311062
-0.604993,0.86983,0.0799661,0.0175,0.00311062
-0.584861,0.853004,0.037698,0.0175,0.00311062
-0.462966,0.779118,0.0499115,0.045,0.00108524
-0.444126,0.762601,0.024966,0.025,0.00108524
-0.481967,0.788669,0.0116988,0.0125,0.00108524
-0.434274,0.804792,0.0345379,0.0225,0.00108524
-0.470206,0.814578,0.0460196,0.0175,0.00108524
-0.497966,0.775969,0.0606401,0.0175,0.00108524
-0.361979,0.751019,0.0446539,0.045,0.000774335
-0.394548,0.764758,0.0439764,0.025,0.000774335
-0.386254,0.724107,0.0201808,0.0125,0.000774335
-0.385122,0.734021,0.0745563,0.0225,0.000774335
-0.357761,0.71596,0.0534867,0.0175,0.000774335
-0.337326,0.74447,0.0182087,0.0175,0.000774335
-0.116617,0.690488,0.0448914,0.045,0.00672519
-0.106535,0.680386,0.0772379,0.025,0.00672519
-0.0868279,0.658965,0.0392869,0.0125,0.00672519
-0.0826888,0.711401,0.0563045,0.0225,0.00672519
-0.0911714,0.699076,0.0203199,0.0175,0.00672519
-0.13318,0.672584,0.0174118,0.0175,0.00672519
-0.955259,-0.6421,0.0448513,0.045,0.000463618
-0.974339,-0.671762,0.047339,0.025,0.000463618
-0.938249,-0.670212,0.015992,0.0125,0.000463618
-0.937101,-0.668424,0.0712345,0.0225,0.000463618
-0.918966,-0.644223,0.0466551,0.0175,0.000463618
-0.94975,-0.618457,0.0172712,0.0175,0.000463618
-0.837312,-0.707712,0.0447779,0.045,0.00110797
-0.862479,-0.687969,0.0598372,0.025,0.00110797
-0.858161,-0.687288,0.0122096,0.0125,0.00110797
-0.87307,-0.728671,0.0456976,0.0225,0.00110797
-0.846306,-0.72995,0.0173993,0.0175,0.00110797
-0.807932,-0.699088,0.0244694,0.0175,0.00110797
-0.674328,-0.78968,0.0494671,0.045,0.000999966
-0.70912,-0.79552,0.0517854,0.025,0.000999966
-0.693211,-0.763979,0.0195438,0.0125,0.000999966
-0.685654,-0.818684,0.022095,0.0225,0.000999966
-0.658232,-0.79149,0.0168686,0.0175,0.000999966
-0.653864,-0.75964,0.0548353,0.0175,0.000999966
-0.548194,-0.794462,0.0443678,0.045,0.000306997
-0.57909,-0.778215,0.0387579,0.025,0.000306997
-0.575068,-0.824498,0.0273935,0.0125,0.000306997
-0.573227,-0.800044,0.0769399,0.0225,0.000306997
-0.547835,-0.82593,0.0626611,0.0175,0.000306997
-0.524219,-0.810569,0.0216567,0.0175,0.000306997
-0.384192,-0.860826,0.0449028,0.045,0.00329957
-0.406086,-0.847284,0.0691365,0.025,0.00329957
-0.364125,-0.825662,0.0614365,0.0125,0.00329957
-0.407647,-0.831225,0.0278036,0.0225,0.00329957
-0.370391,-0.838903,0.0193305,0.0175,0.00329957
-0.350316,-0.874859,0.0472435,0.0175,0.00329957
-0.303491,-0.815719,0.0487976,0.045,0.00251187
-0.327782,-0.825008,0.0248467,0.025,0.00251187
-0.341951,-0.801541,0.0640395,0.0125,0.00251187
-0.309933,-0.784463,0.0223332,0.0225,0.00251187
-0.302421,-0.781246,0.060438,0.0175,0.00251187
-0.29874,-0.824873,0.0840627,0.0175,0.00251187
-0.0931511,-0.950545,0.0447969,0.045,0.00441091
-0.122879,-0.937262,0.0310199,0.025,0.00441091
-0.12557,-0.977019,0.0574711,0.0125,0.00441091
-0.111598,-0.925635,0.0723273,0.0225,0.00441091
-0.0921095,-0.958423,0.0803196,0.0175,0.00441091
-0.0758078,-0.98258,0.0399995,0.0175,0.00441091
0.0445261,-0.583105,0.0447617,0.045,0.00370368
0.0756659,-0.575595,0.029798,0.025,0.00370368
0.0752779,-0.595834,0.0731305,0.0125,0.00370368
0.0588434,-0.616307,0.0244783,0.0225,0.00370368
0.0388525,-0.616562,0.0579305,0.0175,0.00370368
0.0283572,-0.571235,0.075546,0.0175,0.00370368
-0.915057,-0.399522,0.0446043,0.045,0.000265066
-0.944024,-0.40054,0.0648505,0.025,0.000265066
-0.909128,-0.432202,0.0730532,0.0125,0.000265066
-0.909029,-0.377244,0.0790446,0.0225,0.000265066
-0.88235,-0.398818,0.0605646,0.0175,0.000265066
-0.900178,-0.423863,0.0214503,0.0175,0.000265066
-0.767869,-0.644229,0.0447979,0.045,0.00122873
-0.801474,-0.641851,0.0340713,0.025,0.00122873
-0.775681,-0.679806,0.0205961,0.0125,0.00122873
-0.792572,-0.664731,0.0710308,0.0225,0.00122873
-0.756474,-0.675007,0.0605407,0.0175,0.00122873
-0.736039,-0.645071,0.0264644,0.0175,0.00122873
-0.662178,-0.706376,0.0843639,0.045,0.00194755
-0.679871,-0.677156,0.0934832,0.025,0.00194755
-0.703331,-0.712058,0.0707014,0.0125,0.00194755
-0.680598,-0.711881,0.121094,0.0225,0.00194755
-0.675873,-0.738873,0.0933842,0.0175,0.00194755
-0.654722,-0.721639,0.0517839,0.0175,0.00194755
-0.545458,-0.745152,0.118809,0.045,0.00284424
-0.577702,-0.733297,0.110454,0.025,0.00284424
-0.559291,-0.721735,0.153055,0.0125,0.00284424
-0.542745,-0.707198,0.102348,0.0225,0.00284424
-0.520555,-0.721559,0.130986,0.0175,0.00284424
-0.533402,-0.767392,0.145455,0.0175,0.00284424
-0.468103,-0.664124,0.105944,0.045,0.0100303
-0.479775,-0.643505,0.132185,0.025,0.0100303
-0.508048,-0.678639,0.116254,0.0125,0.0100303
-0.459507,-0.681591,0.142546,0.0225,0.0100303
-0.469598,-0.700282,0.109873,0.0175,0.0100303
-0.480374,-0.67009,0.0718285,0.0175,0.0100303
-0.266893,-0.633045,0.0448885,0.045,0.00718737
-0.241162,-0.652082,0.0599039,0.025,0.00718737
-0.286115,-0.658233,0.0750313,0.0125,0.00718737
-0.263534,-0.669746,0.0259008,0.0225,0.00718737
-0.296549,-0.650104,0.0324572,0.0175,0.00718737
-0.29026,-0.608073,0.0583192,0.0175,0.00718737
-0.138004,-0.46452,0.0480347,0.045,0.00184761
-0.112296,-0.456372,0.0251716,0.025,0.00184761
-0.145062,-0.488759,0.0123257,0.0125,0.00184761
-0.150904,-0.434696,0.0222882,0.0225,0.00184761
-0.172608,-0.463641,0.0367746,0.0175,0.00184761
-0.147158,-0.495887,0.0648356,0.0175,0.00184761
-0.955256,-0.237413,0.0993452,0.045,0.000776291
-0.975942,-0.250824,0.124688,0.025,0.000776291
-0.936152,-0.274451,0.112602,0.0125,0.000776291
-0.941899,-0.224964,0.136565,0.0225,0.000776291
-0.91963,-0.233611,0.105774,0.0175,0.000776291
-0.945147,-0.250077,0.0663689,0.0175,0.000776291
-0.786459,-0.347526,0.0869131,0.045,0.000714879
-0.808247,-0.350253,0.0592031,0.025,0.000714879
-0.817335,-0.37635,0.0982393,0.0125,0.000714879
-0.818411,-0.321498,0.0914309,0.0225,0.000714879
-0.800508,-0.341201,0.119892,0.0175,0.000714879
-0.764789,-0.371889,0.103849,0.0175,0.000714879
-0.763463,-0.482339,0.095624,0.045,0.00141629
-0.795662,-0.490381,0.0834359,0.025,0.00141629
-0.765828,-0.525999,0.0947842,0.0125,0.00141629
-0.789547,-0.48812,0.127325,0.0225,0.00141629
-0.751828,-0.497877,0.126417,0.0175,0.00141629
-0.729724,-0.489072,0.0827256,0.0175,0.00141629
-0.619147,-0.504075,0.126221,0.045,0.00694351
-0.635179,-0.535056,0.12046,0.025,0.00694351
-0.626766,-0.521571,0.16557,0.0125,0.00694351
-0.66029,-0.499204,0.127727,0.0225,0.00694351
-0.634037,-0.480558,0.149678,0.0175,0.00694351
-0.587151,-0.495327,0.142024,0.0175,0.00694351
-0.479416,-0.454148,0.0450277,0.045,0.00457142
-0.507451,-0.445119,0.0645853,0.025,0.00457142
-0.472985,-0.412726,0.0574924,0.0125,0.00457142
-0.507879,-0.435631,0.021243,0.0225,0.00457142
-0.469205,-0.432413,0.0176722,0.0175,0.00457142
-0.443587,-0.456614,0.0527863,0.0175,0.00457142
-0.426042,-0.450925,0.118855,0.045,0.00286898
-0.446021,-0.46458,0.144631,0.025,0.00286898
-0.436099,-0.417802,0.14558,0.0125,0.00286898
-0.466179,-0.446761,0.109348,0.0225,0.00286898
-0.437782,-0.421354,0.101172,0.0175,0.00286898
-0.39324,-0.434372,0.119103,0.0175,0.00286898
-0.296907,-0.318478,0.0448275,0.045,0.00420214
-0.271717,-0.343234,0.0464263,0.025,0.00420214
-0.306018,-0.343164,0.0797568,0.0125,0.00420214
-0.309613,-0.352855,0.0254482,0.0225,0.00420214
-0.33182,-0.328654,0.0464223,0.0175,0.00420214
-0.306586,-0.291497,0.0678136,0.0175,0.00420214
-0.0807171,-0.262644,0.112448,0.045,0.0153804
-0.114863,-0.268415,0.105322,0.025,0.0153804
-0.10057,-0.268547,0.150964,0.0125,0.0153804
-0.101811,-0.227013,0.114501,0.0225,0.0153804
-0.0718287,-0.237404,0.137124,0.0175,0.0153804
-0.0549188,-0.283372,0.12841,0.0175,0.0153804
-0.889149,-0.145549,0.102845,0.045,0.00171579
-0.923659,-0.153192,0.102043,0.025,0.00171579
-0.902223,-0.148131,0.144497,0.0125,0.00171579
-0.911417,-0.110641,0.104922,0.0225,0.00171579
-0.877699,-0.117611,0.123176,0.0175,0.00171579
-0.860101,-0.163625,0.116244,0.0175,0.00171579
-0.763446,-0.27068,0.126178,0.045,0.00168962
-0.787344,-0.246568,0.116303,0.025,0.00168962
-0.79348,-0.269298,0.157935,0.0125,0.00168962
-0.753958,-0.233815,0.142599,0.0225,0.00168962
-0.748932,-0.268573,0.159493,0.0175,0.00168962
-0.765886,-0.306788,0.132527,0.0175,0.00168962
-0.608523,-0.312443,0.134107,0.045,0.000895918
-0.631299,-0.338746,0.140385,0.025,0.000895918
-0.625945,-0.304601,0.173445,0.0125,0.000895918
-0.646655,-0.301252,0.122297,0.0225,0.000895918
-0.619688,-0.278038,0.138191,0.0175,0.000895918
-0.577875,-0.301625,0.151243,0.0175,0.000895918
-0.518952,-0.300344,0.131688,0.045,0.00315487
-0.540761,-0.323578,0.147004,0.025,0.00315487
-0.494789,-0.323068,0.160188,0.0125,0.00315487
-0.533878,-0.284574,0.167005,0.0225,0.00315487
-0.498022,-0.279239,0.1527,0.0175,0.00315487
-0.488997,-0.304549,0.110832,0.0175,0.00315487
-0.445487,-0.253693,0.100552,0.045,0.00299211
-0.466017,-0.227113,0.0895026,0.025,0.00299211
-0.471019,-0.242893,0.134375,0.0125,0.00299211
-0.428175,-0.217365,0.11052,0.0225,0.00299211
-0.427091,-0.25003,0.131747,0.0175,0.00299211
-0.453152,-0.287664,0.112265,0.0175,0.00299211
-0.362424,-0.226885,0.123818,0.045,0.00723584
-0.366846,-0.194727,0.109807,0.025,0.00723584
-0.402911,-0.214219,0.134441,0.0125,0.00723584
-0.353074,-0.197828,0.151872,0.0225,0.00723584
-0.370258,-0.232075,0.158985,0.0175,0.00723584
-0.379495,-0.25892,0.118131,0.0175,0.00723584
-0.162627,-0.062192,0.103323,0.045,0.0287488
-0.189104,-0.0830877,0.092724,0.025,0.0287488
-0.160014,-0.0986326,0.127359,0.0125,0.0287488
-0.195752,-0.0564543,0.127584,0.0225,0.0287488
-0.158463,-0.0555927,0.138877,0.0175,0.0287488
-0.126113,-0.0662205,0.102606,0.0175,0.0287488
-0.95582,-0.0414639,0.115227,0.045,0.00184767
-0.975252,-0.0368876,0.144407,0.025,0.00184767
-0.932075,-0.0164421,0.142108,0.0125,0.00184767
-0.977556,-0.00627687,0.112369,0.0225,0.00184767
-0.941549,-0.0123171,0.0987405,0.0175,0.00184767
-0.92316,-0.0572806,0.10947,0.0175,0.00184767
-0.829339,-0.0469122,0.108397,0.045,0.00281544
-0.858533,-0.0563744,0.0908417,0.025,0.00281544
-0.861741,-0.0476497,0.137757,0.0125,0.00281544
-0.850058,-0.0131481,0.0961714,0.0225,0.00281544
-0.830215,-0.0172393,0.129462,0.0175,0.00281544
-0.810892,-0.0626106,0.136024,0.0175,0.00281544
-0.67202,-0.14992,0.118357,0.045,0.00390703
-0.703102,-0.166322,0.122213,0.025,0.00390703
-0.663866,-0.186901,0.140229,0.0125,0.00390703
-0.688903,-0.139831,0.154852,0.0225,0.00390703
-0.650945,-0.144875,0.147604,0.0175,0.00390703
-0.641014,-0.159393,0.101068,0.0175,0.00390703
-0.585437,-0.129044,0.110112,0.045,0.00493719
-0.599278,-0.161561,0.111141,0.025,0.00493719
-0.622483,-0.125999,0.133151,0.0125,0.00493719
-0.612755,-0.133767,0.0792879,0.0225,0.00493719
-0.606466,-0.101199,0.099746,0.0175,0.00493719
-0.573285,-0.106474,0.136436,0.0175,0.00493719
-0.571253,-0.0727482,0.18888,0.045,0.00656935
-0.568727,-0.106496,0.178646,0.025,0.00656935
-0.607754,-0.0816576,0.166502,0.0125,0.00656935
-0.555225,-0.0747863,0.1507,0.0225,0.00656935
-0.579405,-0.0473326,0.164129,0.0175,0.00656935
-0.595066,-0.0552155,0.210687,0.0175,0.00656935
-0.562811,-0.0936451,0.310157,0.045,0.0205931
-0.578028,-0.0798842,0.281363,0.025,0.0205931
-0.605841,-0.0931355,0.317947,0.0125,0.0205931
-0.568114,-0.0528263,0.315102,0.0225,0.0205931
-0.571258,-0.0800217,0.342838,0.0175,0.0205931
-0.565518,-0.126569,0.326241,0.0175,0.0205931
-0.314725,-0.0640955,0.131788,0.045,0.0580731
-0.280597,-0.0634509,0.141,0.025,0.0580731
-0.31226,-0.0404518,0.168495,0.0125,0.0580731
-0.306769,-0.0945876,0.158727,0.0225,0.0580731
-0.339563,-0.0736367,0.156629,0.0175,0.0580731
-0.338332,-0.0375503,0.122405,0.0175,0.0580731
-0.0103102,-0.109693,0.0447226,0.045,0.00676591
0.0169097,-0.08713,0.0448068,0.025,0.00676591
-0.0187214,-0.0802714,0.0759659,0.0125,0.00676591
0.0178467,-0.121605,0.0727229,0.0225,0.00676591
-0.0208443,-0.124802,0.076119,0.0175,0.00676591
-0.0461596,-0.105199,0.0380418,0.0175,0.00676591
-0.9042,0.130088,0.102375,0.045,0.0027966
-0.908045,0.112482,0.132793,0.025,0.0027966
-0.917575,0.159344,0.132001,0.0125,0.0027966
-0.943512,0.11763,0.106633,0.0225,0.0027966
-0.931512,0.151006,0.0904828,0.0175,0.0027966
-0.882276,0.157852,0.0924507,0.0175,0.0027966
-0.798564,0.0459232,0.134228,0.045,0.00537574
-0.803193,0.0174899,0.113731,0.025,0.00537574
-0.812426,0.0138417,0.160517,0.0125,0.00537574
-0.838034,0.0437739,0.121729,0.0225,0.00537574
-0.82548,0.0562737,0.156441,0.0175,0.00537574
-0.77626,0.0525707,0.162659,0.0175,0.00537574
-0.716587,-0.00348091,0.162737,0.045,0.00553463
-0.736118,-0.0193031,0.187601,0.025,0.00553463
-0.703022,0.0124616,0.201134,0.0125,0.00553463
-0.749414,0.0200667,0.172045,0.0225,0.00553463
-0.713728,0.0328066,0.162938,0.0175,0.00553463
-0.680493,-0.00353092,0.155866,0.0175,0.00553463
-0.652959,0.0484037,0.127064,0.045,0.00776
-0.640225,0.0156457,0.130906,0.025,0.00776
-0.670619,0.032488,0.163769,0.0125,0.00776
-0.6792,0.0209834,0.110381,0.0225,0.00776
-0.688906,0.0537498,0.129114,0.0175,0.00776
-0.650064,0.0786611,0.147706,0.0175,0.00776
-0.60473,0.0926018,0.211118,0.045,0.00912823
-0.631277,0.094584,0.187852,0.025,0.00912823
-0.631735,0.0594533,0.220303,0.0125,0.00912823
-0.636223,0.114096,0.227393,0.0225,0.00912823
-0.612471,0.0898808,0.246581,0.0175,0.00912823
-0.579297,0.0668671,0.217514,0.0175,0.00912823
-0.452691,0.108338,0.108893,0.045,0.022015
-0.463874,0.101326,0.141692,0.025,0.022015
-0.494947,0.119526,0.110217,0.0125,0.022015
-0.469479,0.0704584,0.110315,0.0225,0.022015
-0.471743,0.095591,0.0806172,0.0175,0.022015
-0.450347,0.139578,0.0896941,0.0175,0.022015
-0.0649624,0.0674276,0.0447817,0.045,0.00278682
-0.0517904,0.0958124,0.0283256,0.025,0.00278682
-0.0409263,0.0888461,0.0743793,0.0125,0.00278682
-0.0271858,0.0589252,0.0299699,0.0225,0.00278682
-0.0424053,0.0456851,0.0633138,0.0175,0.00278682
-0.0876357,0.0637485,0.073459,0.0175,0.00278682
-0.955535,0.21146,0.109961,0.045,0.000924902
-0.959888,0.176394,0.108781,0.025,0.000924902
-0.923405,0.194183,0.134079,0.0125,0.000924902
-0.977831,0.198872,0.142567,0.0225,0.000924902
-0.951618,0.227709,0.142297,0.0175,0.000924902
-0.928295,0.233409,0.0987243,0.0175,0.000924902
-0.841631,0.236744,0.122972,0.045,0.00188648
-0.871192,0.222543,0.136182,0.025,0.00188648
-0.847722,0.2551,0.162195,0.0125,0.00188648
-0.874143,0.260842,0.113975,0.0225,0.00188648
-0.838102,0.27297,0.122501,0.0175,0.00188648
-0.806703,0.23625,0.134364,0.0175,0.00188648
-0.733191,0.221066,0.126658,0.045,0.00266577
-0.732379,0.195665,0.10208,0.025,0.00266577
-0.731131,0.183064,0.148201,0.0125,0.00266577
-0.771586,0.207257,0.119317,0.0225,0.00266577
-0.757372,0.218672,0.153761,0.0175,0.00266577
-0.709229,0.231161,0.152618,0.0175,0.00266577
-0.642217,0.233311,0.121339,0.045,0.000908585
-0.664268,0.207385,0.13091,0.025,0.000908585
-0.630309,0.221183,0.161633,0.0125,0.000908585
-0.674126,0.249028,0.142635,0.0225,0.000908585
-0.637216,0.261476,0.143849,0.0175,0.000908585
-0.605813,0.234296,0.116461,0.0175,0.000908585
-0.566406,0.18755,0.136065,0.045,0.00145356
-0.578019,0.170139,0.164562,0.025,0.00145356
-0.538494,0.19679,0.168439,0.0125,0.00145356
-0.590686,0.212274,0.158823,0.0225,0.00145356
-0.559013,0.223082,0.138855,0.0175,0.00145356
-0.535226,0.185393,0.116748,0.0175,0.00145356
-0.410089,0.251068,0.0449028,0.045,0.00135622
-0.435168,0.226158,0.0441675,0.025,0.00135622
-0.389649,0.21277,0.0501886,0.0125,0.00135622
-0.422442,0.242294,0.0834924,0.0225,0.00135622
-0.386194,0.251291,0.072362,0.0175,0.00135622
-0.381122,0.257669,0.0232846,0.0175,0.00135622
-0.280695,0.131392,0.118053,0.045,0.0284048
-0.295693,0.102376,0.104522,0.025,0.0284048
-0.296003,0.108412,0.151966,0.0125,0.0284048
-0.321288,0.137731,0.112502,0.0225,0.0284048
-0.29955,0.15165,0.141699,0.0175,0.0284048
-0.252256,0.136237,0.140808,0.0175,0.0284048
0.0324144,0.205203,0.0477915,0.045,0.00413592
0.0532798,0.188222,0.024851,0.025,0.00413592
0.0350517,0.230622,0.012303,0.0125,0.00413592
0.0715491,0.218243,0.0519382,0.0225,0.00413592
0.0394578,0.240039,0.0556551,0.0175,0.00413592
-0.00280828,0.215545,0.0462414,0.0175,0.00413592
-0.95511,0.384514,0.0805178,0.045,0.000790746
-0.973629,0.370101,0.106962,0.025,0.000790746
-0.929209,0.385503,0.115741,0.0125,0.000790746
-0.974442,0.414193,0.102063,0.0225,0.000790746
-0.939195,0.416846,0.085651,0.0175,0.000790746
-0.92372,0.374763,0.0640975,0.0175,0.000790746
-0.773856,0.428015,0.0998478,0.045,0.000831141
-0.804146,0.420286,0.116365,0.025,0.000831141
-0.77011,0.443646,0.140519,0.0125,0.000831141
-0.800064,0.460015,0.0970319,0.0225,0.000831141
-0.761349,0.462182,0.100931,0.0175,0.000831141
-0.739047,0.418003,0.106022,0.0175,0.000831141
-0.683569,0.485026,0.12241,0.045,0.00101387
-0.715649,0.470456,0.125334,0.025,0.00101387
-0.70607,0.510133,0.150264,0.0125,0.00101387
-0.709687,0.502831,0.0955847,0.0225,0.00101387
-0.680903,0.520559,0.114974,0.0175,0.00101387
-0.656753,0.490937,0.146822,0.0175,0.00101387
-0.599186,0.510547,0.107207,0.045,0.000788227
-0.59229,0.545211,0.106304,0.025,0.000788227
-0.604084,0.523057,0.0655899,0.0125,0.000788227
-0.63442,0.532077,0.110918,0.0225,0.000788227
-0.629937,0.49824,0.0921092,0.0175,0.000788227
-0.583035,0.481675,0.0912212,0.0175,0.000788227
-0.531031,0.451637,0.115108,0.045,0.0013037
-0.566301,0.449712,0.116625,0.025,0.0013037
-0.545638,0.492844,0.116176,0.0125,0.0013037
-0.546977,0.453952,0.0769093,0.0225,0.0013037
-0.515555,0.472943,0.0899765,0.0175,0.0013037
-0.505978,0.465379,0.138206,0.0175,0.0013037
-0.358274,0.40418,0.0449076,0.045,0.00352351
-0.331745,0.404974,0.0682659,0.025,0.00352351
-0.370583,0.431586,0.0766855,0.0125,0.00352351
-0.365164,0.376593,0.0750777,0.0225,0.00352351
-0.392117,0.397997,0.0567977,0.0175,0.00352351
-0.373403,0.430129,0.0237475,0.0175,0.00352351
-0.151671,0.401958,0.0497046,0.045,0.00262913
-0.17682,0.381919,0.0350079,0.025,0.00262913
-0.162657,0.421464,0.0121368,0.0125,0.00262913
-0.134618,0.375101,0.0231208,0.0225,0.00262913
-0.122862,0.411672,0.0296879,0.0175,0.00262913
-0.151565,0.436682,0.061714,0.0175,0.00262913
-0.955626,0.532816,0.105921,0.045,0.000810596
-0.921615,0.528776,0.0971461,0.025,0.000810596
-0.93308,0.532936,0.143393,0.0125,0.000810596
-0.945282,0.4927,0.107498,0.0225,0.000810596
-0.970026,0.511095,0.131334,0.0175,0.000810596
-0.973784,0.559956,0.122764,0.0175,0.000810596
-0.869238,0.575738,0.044549,0.045,0.000588725
-0.874969,0.580061,0.0791678,0.025,0.000588725
-0.831481,0.589617,0.061704,0.0125,0.000588725
-0.87964,0.615103,0.0523539,0.0225,0.000588725
-0.854058,0.602872,0.0256197,0.0175,0.000588725
-0.846638,0.553679,0.0257699,0.0175,0.000588725
-0.770014,0.682699,0.0438089,0.045,0.00104163
-0.80093,0.689325,0.0279891,0.025,0.00104163
-0.792602,0.708388,0.0710557,0.0125,0.00104163
-0.767746,0.718296,0.0226794,0.0225,0.00104163
-0.750441,0.710539,0.0567253,0.0175,0.00104163
-0.761433,0.665684,0.075223,0.0175,0.00104163
-0.679104,0.730857,0.0447435,0.045,0.00108779
-0.707112,0.720302,0.0635628,0.025,0.00108779
-0.695111,0.766596,0.0642123,0.0125,0.00108779
-0.713723,0.735555,0.0224239,0.0225,0.00108779
-0.682673,0.759102,0.0220619,0.0175,0.00108779
-0.647148,0.746199,0.0544111,0.0175,0.00108779
-0.57655,0.772509,0.0447254,0.045,0.00127692
-0.606433,0.76504,0.0620803,0.025,0.00127692
-0.587543,0.808747,0.0665983,0.0125,0.00127692
-0.609308,0.78414,0.0221342,0.0225,0.00127692
-0.575036,0.80257,0.0242556,0.0175,0.00127692
-0.542959,0.78197,0.0562198,0.0175,0.00127692
-0.423351,0.685217,0.0447683,0.045,0.00104087
-0.455095,0.675809,0.057172,0.025,0.00104087
-0.43317,0.71367,0.0764939,0.0125,0.00104087
-0.453044,0.706693,0.0253802,0.0225,0.00104087
-0.41769,0.719864,0.0351476,0.0175,0.00104087
-0.390189,0.687048,0.0604817,0.0175,0.00104087
-0.189604,0.743391,0.0448189,0.045,0.00651763
-0.204228,0.768086,0.0654664,0.025,0.00651763
-0.20741,0.772989,0.0179971,0.0125,0.00651763
-0.229651,0.734687,0.0510809,0.0225,0.00651763
-0.209548,0.72846,0.0182807,0.0175,0.00651763
-0.162569,0.744742,0.0199733,0.0175,0.00651763
-0.0853004,0.601031,0.0448265,0.045,0.00326081
-0.0950206,0.593253,0.0779175,0.025,0.00326081
-0.118534,0.627737,0.054563,0.0125,0.00326081
-0.11625,0.573451,0.0443622,0.0225,0.00326081
-0.110698,0.602323,0.0187826,0.0175,0.00326081
-0.071962,0.631644,0.0294982,0.0175,0.00326081
-0.870156,-0.605984,0.0442123,0.045,0.00179465
-0.851335,-0.629757,0.02603,0.025,0.00179465
-0.83463,-0.614615,0.0682104,0.0125,0.00179465
-0.879848,-0.644289,0.0567633,0.0225,0.00179465
-0.877783,-0.612495,0.0792044,0.0175,0.00179465
-0.862809,-0.571656,0.0550586,0.0175,0.00179465
-0.852024,-0.796078,0.0442734,0.045,0.00131412
-0.857217,-0.83012,0.0362645,0.025,0.00131412
-0.86456,-0.815723,0.0812789,0.0125,0.00131412
-0.891938,-0.802519,0.0351017,0.0225,0.00131412
-0.878127,-0.7779,0.0619702,0.0175,0.00131412
-0.82867,-0.779322,0.0671604,0.0175,0.00131412
-0.695937,-0.880868,0.044672,0.045,0.00117269
-0.664506,-0.897053,0.0443472,0.025,0.00117269
-0.665942,-0.849538,0.0390856,0.0125,0.00117269
-0.679513,-0.880629,0.0827369,0.0225,0.00117269
-0.700871,-0.852276,0.0666528,0.0175,0.00117269
-0.713833,-0.861054,0.0194306,0.0175,0.00117269
-0.613376,-0.853003,0.0621634,0.045,0.00118759
-0.593934,-0.873686,0.0410872,0.025,0.00118759
-0.572468,-0.85137,0.0775379,0.0125,0.00118759
-0.610853,-0.891149,0.0782029,0.0225,0.00118759
-0.611456,-0.857709,0.0982073,0.0175,0.00118759
-0.612093,-0.817036,0.0695657,0.0175,0.00118759
-0.471868,-0.84154,0.0448809,0.045,0.00377832
-0.490165,-0.855516,0.0717118,0.025,0.00377832
-0.502637,-0.866938,0.0269741,0.0125,0.00377832
-0.456318,-0.878676,0.0547771,0.0225,0.00377832
-0.458914,-0.86356,0.0189509,0.0175,0.00377832
-0.48151,-0.819268,0.0172948,0.0175,0.00377832
-0.365092,-0.809251,0.11657,0.045,0.0117865
-0.367797,-0.842879,0.127144,0.025,0.0117865
-0.336383,-0.814319,0.149167,0.0125,0.0117865
-0.391611,-0.812003,0.148317,0.0225,0.0117865
-0.366851,-0.78271,0.141419,0.0175,0.0117865
-0.337355,-0.790033,0.102031,0.0175,0.0117865
-0.119309,-0.642085,0.0448332,0.045,0.0177113
-0.0886782,-0.655358,0.0331902,0.025,0.0177113
-0.0917227,-0.608331,0.0413539,0.0125,0.0177113
-0.0944646,-0.650565,0.0769201,0.0225,0.0177113
-0.119235,-0.620601,0.0742173,0.0175,0.0177113
-0.142773,-0.617722,0.030483,0.0175,0.0177113
-0.955439,-0.366236,0.12755,0.045,0.0002391
-0.946438,-0.397806,0.114424,0.025,0.0002391
-0.91628,-0.36112,0.108764,0.0125,0.0002391
-0.932227,-0.386873,0.15501,0.0225,0.0002391
-0.931693,-0.348432,0.148626,0.0175,0.0002391
-0.961561,-0.333668,0.111681,0.0175,0.0002391
-0.851162,-0.56505,0.121239,0.045,0.00134993
-0.822423,-0.544461,0.12164,0.025,0.00134993
-0.863876,-0.526364,0.137183,0.0125,0.00134993
-0.832924,-0.566948,0.158421,0.0225,0.00134993
-0.871254,-0.56795,0.151453,0.0175,0.00134993
-0.883222,-0.562451,0.103479,0.0175,0.00134993
-0.769292,-0.60036,0.126142,0.045,0.00908937
-0.774238,-0.635043,0.121385,0.025,0.00908937
-0.74982,-0.620367,0.159802,0.0125,0.00908937
-0.803016,-0.6128,0.146798,0.0225,0.00908937
-0.777642,-0.585564,0.158334,0.0175,0.00908937
-0.738974,-0.579654,0.127595,0.0175,0.00908937
-0.599522,-0.646229,0.106443,0.045,0.00232718
-0.585485,-0.676004,0.119344,0.025,0.00232718
-0.556178,-0.64238,0.102079,0.0125,0.00232718
-0.589344,-0.640961,0.146286,0.0225,0.00232718
-0.586775,-0.614183,0.118088,0.0175,0.00232718
-0.599044,-0.631128,0.0729512,0.0175,0.00232718
-0.52896,-0.592335,0.127329,0.045,0.0018836
-0.512923,-0.577526,0.155141,0.025,0.0018836
-0.540781,-0.550231,0.127457,0.0125,0.0018836
-0.55431,-0.592724,0.160131,0.0225,0.0018836
-0.564776,-0.587533,0.122952,0.0175,0.0018836
-0.526512,-0.586193,0.0911862,0.0175,0.0018836
-0.347302,-0.580183,0.0447817,0.045,0.00174412
-0.340169,-0.545566,0.0456395,0.025,0.00174412
-0.376495,-0.560879,0.0185587,0.0125,0.00174412
-0.370708,-0.561629,0.0735333,0.0225,0.00174412
-0.381434,-0.591351,0.0507235,0.0175,0.00174412
-0.346892,-0.60487,0.0175713,0.0175,0.00174412
-0.273889,-0.378723,0.111071,0.045,0.00466856
-0.294961,-0.407067,0.11267,0.025,0.00466856
-0.24943,-0.413007,0.0992851,0.0125,0.00466856
-0.270086,-0.397104,0.148036,0.0225,0.00466856
-0.24162,-0.379713,0.127887,0.0175,0.00466856
-0.255825,-0.36285,0.0832902,0.0175,0.00466856
-0.0408554,-0.373655,0.112674,0.045,0.0109207
-0.0493885,-0.356934,0.142633,0.025,0.0109207
-0.0284553,-0.399846,0.145427,0.0125,0.0109207
-0.00835478,-0.351949,0.126505,0.0225,0.0109207
-0.00705909,-0.386561,0.108641,0.0175,0.0109207
-0.0518189,-0.405581,0.0981643,0.0175,0.0109207
-0.855327,-0.259508,0.11941,0.045,0.00100245
-0.836139,-0.267366,0.148047,0.025,0.00100245
-0.84767,-0.221662,0.139941,0.0125,0.00100245
-0.880235,-0.264636,0.152152,0.0225,0.00100245
-0.88517,-0.239015,0.123204,0.0175,0.00100245
-0.848304,-0.238919,0.0897989,0.0175,0.00100245
-0.724833,-0.386336,0.201286,0.045,0.00596554
-0.698895,-0.410268,0.199173,0.025,0.00596554
-0.731015,-0.408009,0.163809,0.0125,0.00596554
-0.693121,-0.370931,0.179475,0.0225,0.00596554
-0.730971,-0.364368,0.172918,0.0175,0.00596554
-0.761386,-0.389558,0.203175,0.0175,0.00596554
-0.694607,-0.43576,0.128852,0.045,0.00403372
-0.663289,-0.44959,0.120026,0.025,0.00403372
-0.670302,-0.402701,0.113721,0.0125,0.00403372
-0.668091,-0.432069,0.160507,0.0225,0.00403372
-0.695537,-0.406357,0.150291,0.0175,0.00403372
-0.720617,-0.418835,0.109178,0.0175,0.00403372
-0.610919,-0.405192,0.137373,0.045,0.00213972
-0.597241,-0.437257,0.143269,0.025,0.00213972
-0.598757,-0.420819,0.0983805,0.0125,0.00213972
-0.569782,-0.402438,0.141726,0.0225,0.00213972
-0.591903,-0.381213,0.117665,0.0175,0.00213972
-0.640013,-0.393878,0.117994,0.0175,0.00213972
-0.53489,-0.465141,0.126834,0.045,0.00328612
-0.505497,-0.471575,0.108269,0.025,0.00328612
-0.507304,-0.432355,0.135583,0.0125,0.00328612
-0.507545,-0.485643,0.150301,0.0225,0.00328612
-0.532108,-0.457911,0.1624,0.0175,0.00328612
-0.55919,-0.437596,0.125947,0.0175,0.00328612
-0.483667,-0.440978,0.197875,0.045,0.0290885
-0.492686,-0.441925,0.232048,0.025,0.0290885
-0.492048,-0.399692,0.20961,0.0125,0.0290885
-0.524888,-0.443429,0.20156,0.0225,0.0290885
-0.505304,-0.423548,0.174358,0.0175,0.0290885
-0.455897,-0.424824,0.180046,0.0175,0.0290885
-0.207673,-0.317224,0.12505,0.045,0.00404881
-0.207964,-0.350797,0.113971,0.025,0.00404881
-0.229896,-0.317634,0.0873872,0.0125,0.00404881
-0.176173,-0.323761,0.0989003,0.0225,0.00404881
-0.19719,-0.291087,0.101984,0.0175,0.00404881
-0.234558,-0.294108,0.134688,0.0175,0.00404881
-0.955691,-0.125639,0.158742,0.045,0.0011658
-0.94644,-0.157297,0.146006,0.025,0.0011658
-0.924946,-0.141287,0.185619,0.0125,0.0011658
-0.977764,-0.155378,0.177373,0.0225,0.0011658
-0.964584,-0.122644,0.193912,0.0175,0.0011658
-0.93685,-0.0944871,0.163697,0.0175,0.0011658
-0.833858,-0.122647,0.168957,0.045,0.00293766
-0.805257,-0.108393,0.184084,0.025,0.00293766
-0.813383,-0.099892,0.137724,0.0125,0.00293766
-0.842444,-0.084271,0.182083,0.0225,0.00293766
-0.856263,-0.101254,0.149844,0.0175,0.00293766
-0.83793,-0.146748,0.141524,0.0175,0.00293766
-0.697824,-0.301731,0.188281,0.045,0.00771629
-0.671969,-0.315009,0.16815,0.025,0.00771629
-0.687468,-0.270628,0.159335,0.0125,0.00771629
-0.660907,-0.290602,0.203515,0.0225,0.00771629
-0.693324,-0.268972,0.203499,0.0175,0.00771629
-0.731895,-0.290388,0.180507,0.0175,0.00771629
-0.632792,-0.231576,0.18759,0.045,0.00468905
-0.608447,-0.228592,0.213054,0.025,0.00468905
-0.60045,-0.259071,0.177073,0.0125,0.00468905
-0.603998,-0.203905,0.176455,0.0225,0.00468905
-0.622422,-0.228806,0.152807,0.0175,0.00468905
-0.653473,-0.25977,0.176304,0.0175,0.00468905
-0.532507,-0.222266,0.192404,0.045,0.00242333
-0.560428,-0.200641,0.194067,0.025,0.00242333
-0.567972,-0.247496,0.188137,0.0125,0.00242333
-0.546637,-0.220383,0.231334,0.0225,0.00242333
-0.531704,-0.25177,0.213709,0.0175,0.00242333
-0.519906,-0.244422,0.16594,0.0175,0.00242333
-0.593916,-0.182864,0.299732,0.045,0.00912984
-0.58268,-0.154209,0.282337,0.025,0.00912984
-0.618861,-0.179526,0.263968,0.0125,0.00912984
-0.616614,-0.149918,0.3106,0.0225,0.00912984
-0.629456,-0.186506,0.306706,0.0175,0.00912984
-0.59484,-0.218483,0.290761,0.0175,0.00912984
-0.079505,-0.190171,0.0447998,0.045,0.00347084
-0.112743,-0.196408,0.0551114,0.025,0.00347084
-0.0791733,-0.189788,0.088529,0.0125,0.00347084
-0.0992892,-0.154307,0.0512101,0.0225,0.00347084
-0.061748,-0.161601,0.0587072,0.0175,0.00347084
-0.0481432,-0.20863,0.049869,0.0175,0.00347084
0.135684,-0.131674,0.12113,0.045,0.00113962
0.103943,-0.116783,0.125688,0.025,0.00113962
0.106552,-0.164288,0.120795,0.0125,0.00113962
0.125601,-0.131896,0.161342,0.0225,0.00113962
0.145299,-0.159644,0.142348,0.0175,0.00113962
0.150134,-0.151196,0.0935601,0.0175,0.00113962
-0.928641,0.0463886,0.123237,0.045,0.00271302
-0.922673,0.0604584,0.155118,0.025,0.00271302
-0.949555,0.0847898,0.123927,0.0125,0.00271302
-0.959567,0.0365691,0.149043,0.0225,0.00271302
-0.962849,0.0442549,0.110978,0.0175,0.00271302
-0.92009,0.0575157,0.0892798,0.0175,0.00271302
-0.796912,-0.0444698,0.210326,0.045,0.00484068
-0.806464,-0.0695352,0.233359,0.025,0.00484068
-0.760451,-0.0662637,0.220724,0.0125,0.00484068
-0.791861,-0.0307084,0.249106,0.0225,0.00484068
-0.769035,-0.0225688,0.218586,0.0175,0.00484068
-0.782116,-0.0460683,0.176733,0.0175,0.00484068
-0.710483,-0.106519,0.218108,0.045,0.00230343
-0.685627,-0.126929,0.232792,0.025,0.00230343
-0.679506,-0.0794948,0.23303,0.0125,0.00230343
-0.717504,-0.110297,0.258792,0.0225,0.00230343
-0.723888,-0.0785323,0.237136,0.0175,0.00230343
-0.709794,-0.0832745,0.189661,0.0175,0.00230343
-0.639947,-0.00124264,0.211666,0.045,0.00399264
-0.611397,-0.0175818,0.198707,0.025,0.00399264
-0.643336,0.000607999,0.168105,0.0125,0.00399264
-0.610094,0.0264622,0.20392,0.0225,0.00399264
-0.648408,0.0319636,0.199388,0.0175,0.00399264
-0.675891,-0.00837735,0.208995,0.0175,0.00399264
-0.563065,0.00103664,0.256888,0.045,0.0145583
-0.534795,0.00346507,0.277981,0.025,0.0145583
-0.533361,-0.0268695,0.241032,0.0125,0.0145583
-0.536068,0.0283471,0.241266,0.0225,0.0145583
-0.558553,0.00390065,0.220882,0.0175,0.0145583
-0.585783,-0.0267569,0.249054,0.0175,0.0145583
-0.490248,-0.0650663,0.26124,0.045,0.0247884
-0.502329,-0.0318423,0.260777,0.025,0.0247884
-0.532226,-0.0673301,0.24919,0.0125,0.0247884
-0.508017,-0.055972,0.297576,0.0225,0.0247884
-0.508984,-0.0904378,0.279412,0.0175,0.0247884
-0.486688,-0.0904746,0.234939,0.0175,0.0247884
-0.107172,0.0121784,0.102769,0.045,0.0105107
-0.107947,0.0471526,0.107888,0.025,0.0105107
-0.122177,0.0297873,0.0656571,0.0125,0.0105107
-0.144815,0.0237437,0.115729,0.0225,0.0105107
-0.136928,-0.00448946,0.09005,0.0175,0.0105107
-0.0885928,-0.00897259,0.0791585,0.0175,0.0105107
-0.956009,0.137247,0.176656,0.045,0.00109521
-0.922086,0.147198,0.176203,0.025,0.00109521
-0.946968,0.148515,0.135379,0.0125,0.00109521
-0.953256,0.178328,0.181508,0.0225,0.00109521
-0.981073,0.159216,0.162022,0.0175,0.00109521
-0.974039,0.110016,0.159822,0.0175,0.00109521
-0.855067,0.161844,0.170117,0.045,0.00153586
-0.832056,0.179712,0.190148,0.025,0.00153586
-0.829682,0.184467,0.142616,0.0125,0.00153586
-0.869517,0.19996,0.177679,0.0225,0.00153586
-0.873964,0.179735,0.144665,0.0175,0.00153586
-0.850642,0.135791,0.14459,0.0175,0.00153586
-0.728329,0.0933781,0.163635,0.045,0.0053598
-0.728008,0.0655483,0.185439,0.025,0.0053598
-0.686645,0.0804981,0.166649,0.0125,0.0053598
-0.720379,0.105847,0.202366,0.0225,0.0053598
-0.705278,0.120881,0.169736,0.0175,0.0053598
-0.719191,0.097204,0.128254,0.0175,0.0053598
-0.653872,0.139344,0.139809,0.045,0.00786392
-0.626271,0.117521,0.136355,0.025,0.00786392
-0.625348,0.159535,0.113518,0.0125,0.00786392
-0.624756,0.148836,0.167753,0.0225,0.00786392
-0.647929,0.174028,0.149121,0.0175,0.00786392
-0.677921,0.152864,0.115541,0.0175,0.00786392
-0.52601,0.151519,0.207652,0.045,0.0066339
-0.507802,0.134259,0.182741,0.025,0.0066339
-0.554162,0.143289,0.175215,0.0125,0.0066339
-0.511631,0.178345,0.179503,0.0225,0.0066339
-0.545771,0.180578,0.198163,0.0175,0.0066339
-0.554929,0.142012,0.228227,0.0175,0.0066339
-0.46704,0.200302,0.123747,0.045,0.118515
-0.484245,0.222149,0.145581,0.025,0.118515
-0.501629,0.178124,0.138721,0.0125,0.118515
-0.454477,0.194089,0.162764,0.0225,0.118515
-0.458648,0.166803,0.135253,0.0175,0.118515
-0.476766,0.184064,0.0922553,0.0175,0.118515
-0.243284,0.0907116,0.0448532,0.045,0.0243888
-0.256653,0.123434,0.0455566,0.025,0.0243888
-0.273855,0.0909195,0.0761247,0.0125,0.0243888
-0.223464,0.113478,0.0732713,0.0225,0.0243888
-0.232007,0.0755505,0.0759652,0.0175,0.0243888
-0.258318,0.0579863,0.0375695,0.0175,0.0243888
0.0379925,-0.0680265,0.10839,0.045,0.0160729
0.0733186,-0.0666828,0.107883,0.025,0.0160729
0.0486622,-0.0270131,0.0975938,0.0125,0.0160729
0.0521789,-0.0550397,0.145116,0.0225,0.0160729
0.019621,-0.0430042,0.1274,0.0175,0.0160729
0.012651,-0.0628155,0.0823005,0.0175,0.0160729
-0.954479,0.305818,0.134545,0.045,0.000642565
-0.934189,0.331791,0.147339,0.025,0.000642565
-0.943085,0.330599,0.100361,0.0125,0.000642565
-0.977678,0.339216,0.142614,0.0225,0.000642565
-0.982598,0.31431,0.113046,0.0175,0.000642565
-0.947868,0.278777,0.110565,0.0175,0.000642565
-0.813243,0.349897,0.118799,0.045,0.00158229
-0.809954,0.334667,0.150536,0.025,0.00158229
-0.777884,0.324256,0.116615,0.0125,0.00158229
-0.787534,0.372115,0.142552,0.0225,0.00158229
-0.7844,0.366548,0.104107,0.0175,0.00158229
-0.818937,0.336131,0.0852124,0.0175,0.00158229
-0.684628,0.395905,0.124369,0.045,0.00122097
-0.684102,0.419148,0.151005,0.025,0.00122097
-0.711204,0.428637,0.112757,0.0125,0.00122097
-0.716062,0.388376,0.15033,0.0225,0.00122097
-0.716706,0.384412,0.111566,0.0175,0.00122097
-0.67458,0.398431,0.089117,0.0175,0.00122097
-0.593166,0.376081,0.108339,0.045,0.00296
-0.57321,0.384006,0.136427,0.025,0.00296
-0.577824,0.416477,0.101615,0.0125,0.00296
-0.615793,0.396473,0.136463,0.0225,0.00296
-0.618886,0.399556,0.0977377,0.0175,0.00296
-0.585369,0.372738,0.0725897,0.0175,0.00296
-0.505253,0.367592,0.132259,0.045,0.00245751
-0.521483,0.364519,0.163519,0.025,0.00245751
-0.537233,0.397419,0.132583,0.0125,0.00245751
-0.537897,0.342268,0.128816,0.0225,0.00245751
-0.525268,0.367416,0.101856,0.0175,0.00245751
-0.486713,0.395183,0.116606,0.0175,0.00245751
-0.429974,0.276612,0.161569,0.045,0.0640233
-0.40376,0.26894,0.139119,0.025,0.0640233
-0.392692,0.281872,0.183815,0.0125,0.0640233
-0.41907,0.236821,0.165627,0.0225,0.0640233
-0.430475,0.260649,0.194278,0.0175,0.0640233
-0.438984,0.307386,0.179507,0.0175,0.0640233
-0.253214,0.280821,0.0529127,0.045,0.00562592
-0.265907,0.30216,0.0277427,0.025,0.00562592
-0.221455,0.285116,0.0231563,0.0125,0.00562592
-0.269789,0.258295,0.022309,0.0225,0.00562592
-0.238265,0.24906,0.0432789,0.0175,0.00562592
-0.224863,0.283993,0.0760678,0.0175,0.00562592
-0.94869,0.454302,0.16317,0.045,0.00109085
-0.933795,0.486034,0.158566,0.025,0.00109085
-0.945258,0.460212,0.119975,0.0125,0.00109085
-0.978068,0.483116,0.158122,0.0225,0.00109085
-0.979328,0.446377,0.145182,0.0175,0.00109085
-0.937892,0.420354,0.154174,0.0175,0.00109085
-0.878983,0.555708,0.146316,0.045,0.0011987
-0.846618,0.567802,0.138819,0.025,0.0011987
-0.872484,0.548099,0.103744,0.0125,0.0011987
-0.88134,0.594634,0.132245,0.0225,0.0011987
-0.90699,0.566079,0.125505,0.0175,0.0011987
-0.893833,0.522136,0.144764,0.0175,0.0011987
-0.766891,0.591499,0.0510588,0.045,0.000683133
-0.736435,0.593644,0.0688883,0.025,0.000683133
-0.741378,0.619098,0.0286992,0.0125,0.000683133
-0.767916,0.623852,0.0769629,0.0225,0.000683133
-0.783973,0.622186,0.0414924,0.0175,0.000683133
-0.774976,0.579706,0.0172131,0.0175,0.000683133
-0.605013,0.666095,0.0445213,0.045,0.00133692
-0.592527,0.698882,0.0488907,0.025,0.00133692
-0.622186,0.690262,0.0123731,0.0125,0.00133692
-0.631798,0.688577,0.0667884,0.0225,0.00133692
-0.640867,0.661213,0.0405637,0.0175,0.00133692
-0.601473,0.641689,0.0172846,0.0175,0.00133692
-0.521843,0.700554,0.0447598,0.045,0.000654209
-0.504418,0.677066,0.0646266,0.025,0.000654209
-0.496572,0.677575,0.0174495,0.0125,0.000654209
-0.484861,0.715853,0.0555792,0.0225,0.000654209
-0.503107,0.721478,0.0216054,0.0175,0.000654209
-0.546038,0.696698,0.0173781,0.0175,0.000654209
-0.341247,0.628154,0.0448856,0.045,0.00361769
-0.31977,0.649302,0.026406,0.025,0.00361769
-0.366725,0.650721,0.017426,0.0125,0.00361769
-0.339057,0.665388,0.0629846,0.0225,0.00361769
-0.37053,0.642485,0.0610745,0.0175,0.00361769
-0.363592,0.600749,0.034903,0.0175,0.00361769
-0.278745,0.563454,0.0448732,0.045,0.00572557
-0.302524,0.557884,0.0704375,0.025,0.00572557
-0.289838,0.60286,0.060254,0.0125,0.00572557
-0.31709,0.566024,0.0293241,0.0225,0.00572557
-0.286356,0.587438,0.0185704,0.0175,0.00572557
-0.245229,0.578509,0.0451009,0.0175,0.00572557
-0.288495,0.414354,0.122374,0.045,0.00828131
-0.31603,0.392239,0.124021,0.025,0.00828131
-0.30408,0.417014,0.163148,0.0125,0.00828131
-0.323645,0.434934,0.114647,0.0225,0.00828131
-0.292644,0.448638,0.13388,0.0175,0.00828131
-0.256338,0.415205,0.140128,0.0175,0.00828131
-0.944956,0.772311,0.0447922,0.045,0.000414066
-0.975213,0.77344,0.0265372,0.025,0.000414066
-0.941387,0.742428,0.0130629,0.0125,0.000414066
-0.971394,0.74395,0.0594689,0.0225,0.000414066
-0.932702,0.740182,0.0567325,0.0175,0.000414066
-0.910084,0.778985,0.0353376,0.0175,0.000414066
-0.95503,0.95222,0.045927,0.045,0.000187707
-0.927894,0.936851,0.0625825,0.025,0.000187707
-0.931001,0.932705,0.0150361,0.0125,0.000187707
-0.922279,0.977638,0.0460399,0.0225,0.000187707
-0.948333,0.973716,0.0173249,0.0175,0.000187707
-0.982594,0.938648,0.0257763,0.0175,0.000187707
-0.842824,0.946132,0.0438242,0.045,0.000930952
-0.815828,0.950803,0.0661715,0.025,0.000930952
-0.855408,0.976978,0.0721553,0.0125,0.000930952
-0.848037,0.922444,0.0774469,0.0225,0.000930952
-0.876148,0.940414,0.0573078,0.0175,0.000930952
-0.859351,0.968627,0.0199326,0.0175,0.000930952
-0.688202,0.954639,0.0446844,0.045,0.0015303
-0.655536,0.968039,0.0465251,0.025,0.0015303
-0.681749,0.965818,0.0864684,0.0125,0.0015303
-0.661315,0.924942,0.0553573,0.0225,0.0015303
-0.697957,0.928557,0.0681267,0.0175,0.0015303
-0.721308,0.969136,0.0513039,0.0175,0.0015303
-0.558042,0.955378,0.0443211,0.045,0.00141897
-0.532191,0.932851,0.0529406,0.025,0.00141897
-0.573534,0.930638,0.0768855,0.0125,0.00141897
-0.562911,0.919719,0.0237425,0.0225,0.00141897
-0.591386,0.942342,0.0377472,0.0175,0.00141897
-0.575119,0.981856,0.0632224,0.0175,0.00141897
-0.375565,0.941707,0.0447512,0.045,0.00237857
-0.351943,0.923364,0.0258951,0.025,0.00237857
-0.361881,0.909068,0.0704412,0.0125,0.00237857
-0.394259,0.910019,0.0256409,0.0225,0.00237857
-0.402844,0.923926,0.0610194,0.0175,0.00237857
-0.372862,0.96064,0.0761237,0.0175,0.00237857
-0.0280819,0.673052,0.0450487,0.045,0.00321408
-0.00872834,0.659934,0.0715695,0.025,0.00321408
0.0060497,0.652838,0.0266388,0.0125,0.00321408
0.001795,0.699878,0.0553684,0.0225,0.00321408
-0.0117108,0.693091,0.0194478,0.0175,0.00321408
-0.0459649,0.657082,0.0172067,0.0175,0.00321408
-0.953368,-0.73875,0.0446463,0.045,0.00160801
-0.949766,-0.713725,0.0693592,0.025,0.00160801
-0.980206,-0.749732,0.0773825,0.0125,0.00160801
-0.925131,-0.750482,0.0726424,0.0225,0.00160801
-0.950512,-0.773717,0.0543494,0.0175,0.00160801
-0.982041,-0.749575,0.0243815,0.0175,0.00160801
-0.919232,-0.946136,0.0443964,0.045,0.00171468
-0.940436,-0.921328,0.0307975,0.025,0.00171468
-0.955883,-0.946752,0.0682477,0.0125,0.00171468
-0.91429,-0.910482,0.0649658,0.0225,0.00171468
-0.91295,-0.946306,0.0802503,0.0175,0.00171468
-0.922665,-0.982576,0.0476146,0.0175,0.00171468
-0.751169,-0.951284,0.0445051,0.045,0.000899699
-0.753622,-0.917741,0.0336051,0.025,0.000899699
-0.786325,-0.949238,0.0185751,0.0125,0.000899699
-0.776561,-0.930108,0.0695157,0.0225,0.000899699
-0.780481,-0.967392,0.0588714,0.0175,0.000899699
-0.746081,-0.982869,0.026436,0.0175,0.000899699
-0.619265,-0.955551,0.0564537,0.045,0.00127496
-0.648096,-0.956772,0.0360272,0.025,0.00127496
-0.616163,-0.921939,0.0286495,0.0125,0.00127496
-0.611064,-0.97654,0.0216548,0.0225,0.00127496
-0.586543,-0.952997,0.0407127,0.0175,0.00127496
-0.606771,-0.930406,0.0801526,0.0175,0.00127496
-0.470963,-0.952115,0.0516148,0.045,0.00183124
-0.50027,-0.969412,0.061203,0.025,0.00183124
-0.504648,-0.928928,0.0361156,0.0125,0.00183124
-0.482984,-0.97754,0.0211544,0.0225,0.00183124
-0.466784,-0.942364,0.0167944,0.0175,0.00183124
-0.458264,-0.918588,0.0596555,0.0175,0.00183124
-0.288116,-0.953853,0.0447922,0.045,0.00237609
-0.270985,-0.972801,0.0692356,0.025,0.00237609
-0.259708,-0.979127,0.0231886,0.0125,0.00237609
-0.252901,-0.934717,0.0554019,0.0225,0.00237609
-0.268856,-0.935622,0.0198579,0.0175,0.00237609
-0.309979,-0.963461,0.0168694,0.0175,0.00237609
-0.143234,-0.831296,0.0448437,0.045,0.0046994
-0.154672,-0.801308,0.0300146,0.025,0.0046994
-0.16471,-0.809461,0.076061,0.0125,0.0046994
-0.115895,-0.800866,0.0515765,0.0225,0.0046994
-0.124948,-0.829621,0.0762731,0.0175,0.0046994
-0.160913,-0.859806,0.0598307,0.0175,0.0046994
-0.184286,-0.525362,0.116987,0.045,0.00369251
-0.215626,-0.528749,0.132997,0.025,0.00369251
-0.205157,-0.557921,0.0965703,0.0125,0.00369251
-0.181976,-0.554258,0.146625,0.0225,0.00369251
-0.163549,-0.554907,0.112292,0.0175,0.00369251
-0.174902,-0.516686,0.0825391,0.0175,0.00369251
-0.955406,-0.562672,0.0863113,0.045,0.00127297
-0.921227,-0.5714,0.0886728,0.025,0.00127297
-0.932953,-0.525159,0.0852371,0.0125,0.00127297
-0.94314,-0.561216,0.125886,0.0225,0.00127297
-0.968782,-0.537361,0.108793,0.0175,0.00127297
-0.974881,-0.545766,0.0601401,0.0175,0.00127297
-0.86763,-0.768324,0.127613,0.045,0.00275904
-0.88908,-0.743879,0.113743,0.025,0.00275904
-0.9081,-0.784769,0.129674,0.0125,0.00275904
-0.882977,-0.744269,0.15769,0.0225,0.00275904
-0.875668,-0.782468,0.160176,0.0175,0.00275904
-0.85969,-0.802793,0.117672,0.0175,0.00275904
-0.771896,-0.834845,0.0538321,0.045,0.00152567
-0.791878,-0.863284,0.0473577,0.025,0.00152567
-0.809289,-0.828942,0.0757291,0.0125,0.00152567
-0.797157,-0.827389,0.0218156,0.0225,0.00152567
-0.786202,-0.801721,0.0490166,0.0175,0.00152567
-0.75762,-0.821158,0.0847973,0.0175,0.00152567
-0.549212,-0.835411,0.128416,0.045,0.00229982
-0.563118,-0.807244,0.144642,0.025,0.00229982
-0.59089,-0.832955,0.115398,0.0125,0.00229982
-0.567787,-0.847092,0.163591,0.0225,0.00229982
-0.566672,-0.867296,0.130285,0.0175,0.00229982
-0.544008,-0.843476,0.0929496,0.0175,0.00229982
-0.464278,-0.782913,0.113122,0.045,0.00525198
-0.484174,-0.810337,0.123226,0.025,0.00525198
-0.494361,-0.766937,0.14055,0.0125,0.00525198
-0.497667,-0.785909,0.0887295,0.0225,0.00525198
-0.480606,-0.752917,0.100528,0.0175,0.00525198
-0.442532,-0.75991,0.131777,0.0175,0.00525198
-0.269149,-0.802835,0.134806,0.045,0.0326592
-0.296763,-0.812171,0.154813,0.025,0.0326592
-0.304064,-0.802854,0.108473,0.0125,0.0326592
-0.275353,-0.843739,0.132145,0.0225,0.0326592
-0.263357,-0.820311,0.103405,0.0175,0.0326592
-0.261433,-0.772223,0.116007,0.0175,0.0326592
-0.132909,-0.419869,0.125896,0.045,0.00619302
-0.154103,-0.445648,0.114224,0.025,0.00619302
-0.151495,-0.437588,0.161296,0.0125,0.00619302
-0.171447,-0.40538,0.121037,0.0225,0.00619302
-0.146277,-0.39507,0.148946,0.0175,0.00619302
-0.103312,-0.420118,0.147668,0.0175,0.00619302
-0.95217,-0.286928,0.179094,0.045,0.000875474
-0.975125,-0.300543,0.202283,0.025,0.000875474
-0.951796,-0.33022,0.172914,0.0125,0.000875474
-0.932291,-0.298329,0.213642,0.0225,0.000875474
-0.918572,-0.300811,0.177251,0.0175,0.000875474
-0.951187,-0.286874,0.142365,0.0175,0.000875474
-0.865549,-0.45983,0.130605,0.045,0.000634272
-0.886573,-0.461073,0.102207,0.025,0.000634272
-0.90367,-0.442102,0.142646,0.0125,0.000634272
-0.863119,-0.424148,0.109638,0.0225,0.000634272
-0.861669,-0.428292,0.148361,0.0175,0.000634272
-0.868034,-0.475114,0.163925,0.0175,0.000634272
-0.707372,-0.568497,0.182774,0.045,0.00476329
-0.720274,-0.548109,0.15693,0.025,0.00476329
-0.733649,-0.5393,0.201997,0.0125,0.00476329
-0.683868,-0.534625,0.178413,0.0225,0.00476329
-0.692297,-0.552697,0.211896,0.0175,0.00476329
-0.723483,-0.591125,0.206823,0.0175,0.00476329
-0.620478,-0.585393,0.168796,0.045,0.0067682
-0.645196,-0.57945,0.144225,0.025,0.0067682
-0.657025,-0.604694,0.183088,0.0125,0.0067682
-0.642355,-0.551579,0.178633,0.0225,0.0067682
-0.627969,-0.577815,0.203602,0.0175,0.0067682
-0.605292,-0.616278,0.181661,0.0175,0.0067682
-0.554777,-0.527417,0.188177,0.045,0.00981684
-0.567942,-0.539103,0.157516,0.025,0.00981684
-0.568333,-0.568374,0.195338,0.0125,0.00981684
-0.595732,-0.521081,0.187039,0.0225,0.00981684
-0.574755,-0.530777,0.218419,0.0175,0.00981684
-0.526566,-0.538629,0.208875,0.0175,0.00981684
-0.427727,-0.61076,0.16564,0.045,0.0082076
-0.438726,-0.603351,0.132866,0.025,0.0082076
-0.469228,-0.624322,0.163153,0.0125,0.0082076
-0.44667,-0.573887,0.165076,0.0225,0.0082076
-0.44798,-0.600053,0.193927,0.0175,0.0082076
-0.423898,-0.642414,0.183898,0.0175,0.0082076
-0.296453,-0.287763,0.129329,0.045,0.0123385
-0.293977,-0.264245,0.103046,0.025,0.0123385
-0.314331,-0.250707,0.144155,0.0125,0.0123385
-0.261987,-0.265157,0.13378,0.0225,0.0123385
-0.284693,-0.278497,0.162508,0.0175,0.0123385
-0.325272,-0.302538,0.146684,0.0175,0.0123385
-0.548123,-0.169492,0.379175,0.045,0.0199251
-0.520629,-0.155834,0.396712,0.025,0.0199251
-0.536533,-0.133206,0.357692,0.0125,0.0199251
-0.561374,-0.1412,0.406429,0.0225,0.0199251
-0.576384,-0.148012,0.371115,0.0175,0.0199251
-0.551715,-0.1824,0.344963,0.0175,0.0199251
-0.893106,-0.200458,0.174939,0.045,0.00196793
-0.909505,-0.23139,0.179863,0.025,0.00196793
-0.905241,-0.201481,0.216941,0.0125,0.00196793
-0.934005,-0.195713,0.170084,0.0225,0.00196793
-0.909491,-0.169832,0.185832,0.0175,0.00196793
-0.862594,-0.186034,0.189463,0.0175,0.00196793
-0.805356,-0.21499,0.182309,0.045,0.00247635
-0.824577,-0.198627,0.157554,0.025,0.00247635
-0.845856,-0.231205,0.185364,0.0125,0.00247635
-0.824417,-0.182024,0.198701,0.0225,0.00247635
-0.817784,-0.21605,0.216506,0.0175,0.00247635
-0.796407,-0.250261,0.187393,0.0175,0.00247635
-0.62984,-0.355236,0.214154,0.045,0.0138768
-0.648178,-0.355745,0.183931,0.025,0.0138768
-0.640681,-0.396988,0.20696,0.0125,0.0138768
-0.670444,-0.352967,0.222209,0.0225,0.0138768
-0.64371,-0.371665,0.243526,0.0175,0.0138768
-0.597957,-0.370603,0.224019,0.0175,0.0138768
-0.542554,-0.373319,0.196006,0.045,0.0182383
-0.556185,-0.364514,0.227417,0.025,0.0182383
-0.579362,-0.39651,0.200461,0.0125,0.0182383
-0.529929,-0.400196,0.224937,0.0225,0.0182383
-0.538339,-0.408533,0.187808,0.0175,0.0182383
-0.555121,-0.36967,0.161673,0.0175,0.0182383
-0.482385,-0.299253,0.21361,0.045,0.00607762
-0.477019,-0.266318,0.201924,0.025,0.00607762
-0.52193,-0.281147,0.209039,0.0125,0.00607762
-0.481287,-0.2729,0.245596,0.0225,0.00607762
-0.503918,-0.304474,0.242489,0.0175,0.00607762
-0.499637,-0.328203,0.198974,0.0175,0.00607762
-0.213333,-0.148153,0.123846,0.045,0.0174219
-0.196762,-0.117412,0.129359,0.025,0.0174219
-0.239652,-0.124311,0.149368,0.0125,0.0174219
-0.191636,-0.149912,0.159129,0.0225,0.0174219
-0.226164,-0.166693,0.152423,0.0175,0.0174219
-0.245211,-0.15652,0.107605,0.0175,0.0174219
-0.446431,-0.20551,0.175952,0.045,0.00279942
-0.420742,-0.225524,0.189718,0.025,0.00279942
-0.41533,-0.178003,0.189685,0.0125,0.00279942
-0.451875,-0.209334,0.216873,0.0225,0.00279942
-0.459538,-0.1777,0.195441,0.0175,0.00279942
-0.447152,-0.1823,0.147478,0.0175,0.00279942
-0.952257,-0.0509214,0.208673,0.045,0.00143377
-0.956134,-0.0821776,0.224735,0.025,0.00143377
-0.914976,-0.0584504,0.230257,0.0125,0.00143377
-0.965854,-0.045312,0.247433,0.0225,0.00143377
-0.940994,-0.0223103,0.228155,0.0175,0.00143377
-0.928907,-0.0390686,0.182899,0.0175,0.00143377
-0.86858,-0.0029211,0.176299,0.045,0.00327337
-0.89751,0.0173208,0.178113,0.025,0.00327337
-0.865708,0.0194401,0.213772,0.0125,0.00327337
-0.860498,0.0347109,0.160896,0.0225,0.00327337
-0.835945,0.0123944,0.181337,0.0175,0.00327337
-0.856034,-0.0301235,0.197574,0.0175,0.00327337
-0.714362,-0.194294,0.185099,0.045,0.00421852
-0.704893,-0.226794,0.174898,0.025,0.00421852
-0.749241,-0.219904,0.191429,0.0125,0.00421852
-0.72526,-0.200448,0.145575,0.0225,0.00421852
-0.745177,-0.179952,0.17207,0.0175,0.00421852
-0.724958,-0.180634,0.21752,0.0175,0.00421852
-0.647774,-0.0817013,0.280566,0.045,0.00494456
-0.656962,-0.114776,0.2721,0.025,0.00494456
-0.649603,-0.104034,0.318121,0.0125,0.00494456
-0.688881,-0.0861668,0.283564,0.0225,0.00494456
-0.666309,-0.064329,0.306636,0.0175,0.00494456
-0.61774,-0.0676377,0.296384,0.0175,0.00494456
-0.610075,-0.079587,0.391432,0.045,0.0107333
-0.607239,-0.0525524,0.368825,0.025,0.0107333
-0.635178,-0.089537,0.357032,0.0125,0.0107333
-0.640888,-0.0525787,0.397748,0.0225,0.0107333
-0.643208,-0.091357,0.400847,0.0175,0.0107333
-0.601231,-0.115146,0.388723,0.0175,0.0107333
-0.521054,-0.078742,0.396132,0.045,0.0276384
-0.52776,-0.0870907,0.429826,0.025,0.0276384
-0.49387,-0.111414,0.40643,0.0125,0.0276384
-0.495241,-0.0581601,0.421207,0.0225,0.0276384
-0.486666,-0.0724591,0.385983,0.0175,0.0276384
-0.523884,-0.0978373,0.364869,0.0175,0.0276384
-0.374466,0.063961,0.112173,0.045,0.00866563
-0.408128,0.0542105,0.107508,0.025,0.00866563
-0.398411,0.0889848,0.138874,0.0125,0.00866563
-0.392474,0.0883718,0.0839138,0.0225,0.00866563
-0.365855,0.0992739,0.110208,0.0175,0.00866563
-0.352249,0.0630035,0.141422,0.0175,0.00866563
-0.107264,0.143018,0.118744,0.045,0.0129334
-0.128645,0.148756,0.14631,0.025,0.0129334
-0.148135,0.141195,0.103293,0.0125,0.0129334
-0.118958,0.10687,0.135336,0.0225,0.0129334
-0.113223,0.114088,0.0974708,0.0175,0.0129334
-0.101756,0.161447,0.0874382,0.0175,0.0129334
-0.89395,0.112794,0.23628,0.045,0.00138144
-0.9285,0.115357,0.243328,0.025,0.00138144
-0.904245,0.0779152,0.26057,0.0125,0.00138144
-0.899578,0.131631,0.27278,0.0225,0.00138144
-0.87069,0.107101,0.263696,0.0175,0.00138144
-0.874211,0.0877781,0.217988,0.0175,0.00138144
-0.81253,0.0802078,0.215891,0.045,0.0024449
-0.829376,0.110733,0.210024,0.025,0.0024449
-0.799353,0.107818,0.24714,0.0125,0.0024449
-0.788794,0.105275,0.192934,0.0225,0.0024449
-0.776408,0.0805296,0.220376,0.0175,0.0024449
-0.813054,0.0566759,0.244104,0.0175,0.0024449
-0.681905,0.0683546,0.250014,0.045,0.0040313
-0.708402,0.0540622,0.231477,0.025,0.0040313
-0.715538,0.0961389,0.253067,0.0125,0.0040313
-0.681702,0.0832001,0.211306,0.0225,0.0040313
-0.672501,0.102935,0.243627,0.0175,0.0040313
-0.678349,0.0768495,0.285584,0.0175,0.0040313
-0.597241,0.160295,0.268986,0.045,0.00873189
-0.609882,0.152114,0.300975,0.025,0.00873189
-0.626273,0.191384,0.279141,0.0125,0.00873189
-0.632122,0.138212,0.265186,0.0225,0.00873189
-0.620637,0.167362,0.24201,0.0175,0.00873189
-0.578367,0.189237,0.256492,0.0175,0.00873189
-0.576868,0.0768633,0.302197,0.045,0.00357218
-0.594535,0.0686015,0.331687,0.025,0.00357218
-0.549899,0.0853393,0.335564,0.0125,0.00357218
-0.595595,0.11059,0.317383,0.0225,0.00357218
-0.560875,0.109468,0.299719,0.0175,0.00357218
-0.545977,0.0636471,0.28733,0.0175,0.00357218
-0.517875,0.152897,0.310426,0.045,0.00577476
-0.53943,0.180389,0.315863,0.025,0.00577476
-0.558576,0.138104,0.304335,0.0125,0.00577476
-0.530898,0.153089,0.349785,0.0225,0.00577476
-0.524445,0.12158,0.327778,0.0175,0.00577476
-0.511389,0.131991,0.280915,0.0175,0.00577476
0.0175734,0.107103,0.0448399,0.045,0.00471029
-0.0150218,0.115182,0.0558983,0.025,0.00471029
0.0222342,0.137498,0.0759358,0.0125,0.00471029
0.00333696,0.140021,0.0240438,0.0225,0.00471029
0.0401658,0.133992,0.0352704,0.0175,0.00471029
0.0466174,0.0925184,0.0619782,0.0175,0.00471029
-0.955241,0.245993,0.201566,0.045,0.000675775
-0.926405,0.247568,0.221962,0.025,0.000675775
-0.941359,0.28744,0.200188,0.0125,0.000675775
-0.965684,0.257702,0.23994,0.0225,0.000675775
-0.981932,0.270186,0.20679,0.0175,0.000675775
-0.960553,0.252009,0.165711,0.0175,0.000675775
-0.872245,0.306382,0.170378,0.045,0.0016036
-0.902479,0.289921,0.178435,0.025,0.0016036
-0.871942,0.300456,0.213705,0.0125,0.0016036
-0.901089,0.334195,0.181019,0.0225,0.0016036
-0.862971,0.336353,0.188837,0.0175,0.0016036
-0.837014,0.296595,0.173986,0.0175,0.0016036
-0.76825,0.285979,0.178471,0.045,0.00240753
-0.780548,0.313789,0.196509,0.025,0.00240753
-0.741668,0.291198,0.212803,0.0125,0.00240753
-0.748631,0.320454,0.166415,0.0225,0.00240753
-0.73298,0.2849,0.169532,0.0175,0.00240753
-0.764256,0.250542,0.187319,0.0175,0.00240753
-0.63776,0.314771,0.188045,0.045,0.00306429
-0.672895,0.315535,0.184175,0.025,0.00306429
-0.653522,0.336724,0.222427,0.0125,0.00306429
-0.649119,0.349732,0.168876,0.0225,0.00306429
-0.620005,0.345886,0.194495,0.0175,0.00306429
-0.616014,0.300227,0.213844,0.0175,0.00306429
-0.570408,0.284228,0.137105,0.045,0.00140086
-0.568471,0.288574,0.172139,0.025,0.00140086
-0.528979,0.295082,0.145957,0.0125,0.00140086
-0.575987,0.324165,0.146731,0.0225,0.00140086
-0.557515,0.310376,0.115309,0.0175,0.00140086
-0.553922,0.260771,0.114128,0.0175,0.00140086
-0.402149,0.356403,0.1308,0.045,0.00815754
-0.419205,0.3554,0.161753,0.025,0.00815754
-0.391953,0.393411,0.151752,0.0125,0.00815754
-0.43852,0.376034,0.127548,0.0225,0.00815754
-0.405262,0.386009,0.109852,0.0175,0.00815754
-0.366432,0.357485,0.122248,0.0175,0.00815754
-0.3765,0.200037,0.117455,0.045,0.0222121
-0.359843,0.197495,0.148536,0.025,0.0222121
-0.372636,0.240808,0.132793,0.0125,0.0222121
-0.404208,0.198135,0.148235,0.0225,0.0222121
-0.407488,0.219036,0.115507,0.0175,0.0222121
-0.367594,0.216589,0.0858837,0.0175,0.0222121
-0.163084,0.313008,0.0448341,0.045,0.00194566
-0.189615,0.305894,0.0670942,0.025,0.00194566
-0.177351,0.351544,0.0598,0.0125,0.00194566
-0.199295,0.314869,0.0247328,0.0225,0.00194566
-0.168239,0.337561,0.0184604,0.0175,0.00194566
-0.130396,0.329089,0.049624,0.0175,0.00194566
-0.879007,0.411566,0.126625,0.045,0.00159429
-0.867979,0.383836,0.145584,0.025,0.00159429
-0.842732,0.424418,0.147396,0.0125,0.00159429
-0.894011,0.413941,0.1652,0.0225,0.00159429
-0.882603,0.443874,0.143004,0.0175,0.00159429
-0.863662,0.430357,0.0990315,0.0175,0.00159429
-0.746777,0.63171,0.147902,0.045,0.00318426
-0.763012,0.626086,0.178801,0.025,0.00318426
-0.780866,0.659076,0.149129,0.0125,0.00318426
-0.777437,0.604243,0.142974,0.0225,0.00318426
-0.766455,0.631409,0.11728,0.0175,0.00318426
-0.73018,0.661245,0.133679,0.0175,0.00318426
-0.68711,0.645136,0.079402,0.045,0.000766231
-0.72092,0.640828,0.0700052,0.025,0.000766231
-0.706731,0.683699,0.0857613,0.0125,0.000766231
-0.69235,0.656445,0.0398623,0.0225,0.000766231
-0.66837,0.673147,0.0656458,0.0175,0.000766231
-0.67122,0.653781,0.111383,0.0175,0.000766231
-0.622274,0.602765,0.131898,0.045,0.00215042
-0.648459,0.626387,0.134422,0.025,0.00215042
-0.603895,0.640275,0.144848,0.0125,0.00215042
-0.62545,0.62419,0.0965477,0.0225,0.00215042
-0.592461,0.611387,0.112875,0.0175,0.00215042
-0.59905,0.588815,0.156717,0.0175,0.00215042
-0.425002,0.595401,0.0448999,0.045,0.00142388
-0.444245,0.612179,0.0693581,0.025,0.00142388
-0.431704,0.566697,0.0772054,0.0125,0.00142388
-0.400082,0.611901,0.0736307,0.0225,0.00142388
-0.394682,0.57804,0.055111,0.0175,0.00142388
-0.431675,0.565801,0.02418,0.0175,0.00142388
-0.399817,0.446166,0.128031,0.045,0.00526537
-0.394928,0.480809,0.133127,0.025,0.00526537
-0.409886,0.454064,0.169849,0.0125,0.00526537
-0.36169,0.453049,0.142786,0.0225,0.00526537
-0.384494,0.422566,0.151123,0.0175,0.00526537
-0.429611,0.424782,0.130276,0.0175,0.00526537
-0.175245,0.621112,0.0447426,0.045,0.00541048
-0.192502,0.591135,0.0520626,0.025,0.00541048
-0.155075,0.603327,0.0792296,0.0125,0.00541048
-0.204162,0.628128,0.07361,0.0225,0.00541048
-0.16907,0.644952,0.0715479,0.0175,0.00541048
-0.140613,0.627862,0.0344922,0.0175,0.00541048
-0.944248,0.702216,0.10482,0.045,0.000446918
-0.973375,0.682195,0.103944,0.025,0.000446918
-0.958574,0.699402,0.146043,0.0125,0.000446918
-0.977866,0.726283,0.101755,0.0225,0.000446918
-0.945429,0.734409,0.121769,0.0175,0.000446918
-0.911697,0.697844,0.121292,0.0175,0.000446918
-0.873939,0.681934,0.0531263,0.045,0.00086311
-0.901293,0.66341,0.0657193,0.025,0.00086311
-0.906622,0.710433,0.0587945,0.0125,0.00086311
-0.89852,0.670036,0.021934,0.0225,0.00086311
-0.879056,0.703708,0.0244085,0.0175,0.00086311
-0.854254,0.70962,0.0671275,0.0175,0.00086311
-0.760612,0.774594,0.0580301,0.045,0.00208359
-0.774913,0.797866,0.0355825,0.025,0.00208359
-0.739973,0.81256,0.0647511,0.0125,0.00208359
-0.738249,0.776184,0.0231569,0.0225,0.00208359
-0.724394,0.771155,0.0592332,0.0175,0.00208359
-0.759196,0.773256,0.0947208,0.0175,0.00208359
-0.521797,0.854959,0.0449095,0.045,0.0136336
-0.548634,0.838644,0.0611454,0.025,0.0136336
-0.509997,0.850392,0.086771,0.0125,0.0136336
-0.547138,0.882982,0.0619785,0.0225,0.0136336
-0.508337,0.885527,0.0593809,0.0175,0.0136336
-0.48675,0.845424,0.0393642,0.0175,0.0136336
-0.430442,0.859018,0.0747061,0.045,0.00126881
-0.453946,0.874439,0.0532647,0.025,0.00126881
-0.42828,0.90194,0.0828019,0.0125,0.00126881
-0.411779,0.87136,0.0398042,0.0225,0.00126881
-0.396332,0.871697,0.0755816,0.0175,0.00126881
-0.427782,0.857223,0.111308,0.0175,0.00126881
-0.285852,0.950902,0.0447693,0.045,0.0014032
-0.251359,0.950037,0.0370566,0.025,0.0014032
-0.278959,0.982499,0.0153308,0.0125,0.0014032
-0.26533,0.977823,0.0687035,0.0225,0.0014032
-0.301108,0.98263,0.0540208,0.0175,0.0014032
-0.315921,0.945552,0.024343,0.0175,0.0014032
-0.0950584,0.77825,0.0449076,0.045,0.00133828
-0.0688816,0.756814,0.0551675,0.025,0.00133828
-0.0615654,0.80407,0.0560436,0.0125,0.00133828
-0.0962355,0.773173,0.0860365,0.0225,0.00133828
-0.104851,0.805815,0.0665693,0.0175,0.00133828
-0.097877,0.802473,0.0174248,0.0175,0.00133828
0.0196466,0.620583,0.130082,0.045,0.0074831
0.0394463,0.641919,0.15015,0.025,0.0074831
0.0141934,0.607298,0.171389,0.0125,0.0074831
0.0568705,0.60348,0.136456,0.0225,0.0074831
0.0228933,0.584545,0.134051,0.0175,0.0074831
-0.016548,0.614402,0.128763,0.0175,0.0074831
-0.945424,-0.851318,0.0449095,0.045,0.00115583
-0.96929,-0.843977,0.0699394,0.025,0.00115583
-0.927631,-0.820486,0.0703112,0.0125,0.00115583
-0.968642,-0.819005,0.033269,0.0225,0.00115583
-0.930682,-0.823952,0.0259696,0.0175,0.00115583
-0.911342,-0.864958,0.0464497,0.0175,0.00115583
-0.840813,-0.911851,0.0698853,0.045,0.0024299
-0.837181,-0.884258,0.0480809,0.025,0.0024299
-0.865358,-0.879672,0.0864538,0.0125,0.0024299
-0.81063,-0.88692,0.0835314,0.0225,0.0024299
-0.835744,-0.906949,0.105596,0.0175,0.0024299
-0.869922,-0.93206,0.0795909,0.0175,0.0024299
-0.688566,-0.941624,0.111526,0.045,0.00191637
-0.666535,-0.933093,0.137828,0.025,0.00191637
-0.713623,-0.932483,0.146182,0.0125,0.00191637
-0.680401,-0.975114,0.134558,0.0225,0.00191637
-0.714379,-0.966588,0.117482,0.0175,0.00191637
-0.714777,-0.922692,0.0940736,0.0175,0.00191637
-0.545454,-0.909403,0.075285,0.045,0.00186594
-0.513271,-0.89838,0.084916,0.025,0.00186594
-0.546282,-0.865716,0.0734761,0.0125,0.00186594
-0.544907,-0.90113,0.115905,0.0225,0.00186594
-0.574671,-0.894978,0.0915116,0.0175,0.00186594
-0.564494,-0.905906,0.0440562,0.0175,0.00186594
-0.381342,-0.955258,0.0437441,0.045,0.00173856
-0.366588,-0.927844,0.0605004,0.025,0.00173856
-0.367765,-0.927624,0.0126876,0.0125,0.00173856
-0.409363,-0.925162,0.0490168,0.0225,0.00173856
-0.406537,-0.948914,0.0182499,0.0175,0.00173856
-0.367837,-0.980109,0.0202909,0.0175,0.00173856
-0.189372,-0.953438,0.0447798,0.045,0.00555498
-0.190436,-0.975083,0.0727144,0.025,0.00555498
-0.214186,-0.933624,0.0748493,0.0125,0.00555498
-0.222935,-0.977678,0.0426173,0.0225,0.00555498
-0.220584,-0.940472,0.0312642,0.0175,0.00555498
-0.176498,-0.919305,0.040395,0.0175,0.00555498
-0.238272,-0.542734,0.0448112,0.045,0.00279279
-0.260446,-0.547678,0.0719015,0.025,0.00279279
-0.21593,-0.56485,0.0752122,0.0125,0.00279279
-0.233449,-0.512475,0.0727374,0.0225,0.00279279
-0.205286,-0.528769,0.0512878,0.0175,0.00279279
-0.220931,-0.566153,0.0224316,0.0175,0.00279279
-0.955399,-0.46594,0.13941,0.045,0.000871052
-0.958564,-0.453696,0.106394,0.025,0.000871052
-0.92778,-0.432202,0.136022,0.0125,0.000871052
-0.926713,-0.483346,0.11506,0.0225,0.000871052
-0.92221,-0.473275,0.152438,0.0175,0.000871052
-0.96188,-0.450672,0.172196,0.0175,0.000871052
-0.869066,-0.678843,0.128495,0.045,0.0019684
-0.872319,-0.656423,0.101352,0.025,0.0019684
-0.882452,-0.640799,0.145406,0.0125,0.0019684
-0.834138,-0.656977,0.123951,0.0225,0.0019684
-0.849843,-0.668617,0.157665,0.0175,0.0019684
-0.893357,-0.692196,0.152613,0.0175,0.0019684
-0.717787,-0.767499,0.129052,0.045,0.00411932
-0.695875,-0.79196,0.115955,0.025,0.00411932
-0.680828,-0.764705,0.152262,0.0125,0.00411932
-0.721074,-0.802581,0.150897,0.0225,0.00411932
-0.723526,-0.766325,0.164978,0.0175,0.00411932
-0.715676,-0.730868,0.130976,0.0175,0.00411932
-0.628223,-0.778841,0.125672,0.045,0.00450885
-0.622021,-0.774939,0.16026,0.025,0.00450885
-0.663121,-0.795101,0.146414,0.0125,0.00450885
-0.611246,-0.813425,0.140985,0.0225,0.00450885
-0.638406,-0.811451,0.113107,0.0175,0.00450885
-0.65418,-0.765258,0.103497,0.0175,0.00450885
-0.578323,-0.779748,0.214636,0.045,0.0155784
-0.585763,-0.748389,0.229171,0.025,0.0155784
-0.616981,-0.784217,0.234588,0.0125,0.0155784
-0.565498,-0.779032,0.254054,0.0225,0.0155784
-0.580412,-0.809708,0.235204,0.0175,0.0155784
-0.59519,-0.799665,0.188774,0.0175,0.0155784
-0.392405,-0.723682,0.124107,0.045,0.0122497
-0.408342,-0.700158,0.103069,0.025,0.0122497
-0.431275,-0.715187,0.142257,0.0125,0.0122497
-0.385029,-0.685233,0.137747,0.0225,0.0122497
-0.390332,-0.716915,0.159813,0.0175,0.0122497
-0.401113,-0.758003,0.133919,0.0175,0.0122497
-0.3211,-0.417009,0.0448275,0.045,0.00309709
-0.309948,-0.44763,0.0311154,0.025,0.00309709
-0.294584,-0.434974,0.0746042,0.0125,0.00309709
-0.345555,-0.447959,0.0575876,0.0225,0.00309709
-0.335085,-0.41674,0.0784331,0.0175,0.00309709
-0.303318,-0.386494,0.054959,0.0175,0.00309709
-0.429792,-0.366601,0.186432,0.045,0.00461805
-0.411458,-0.336749,0.181667,0.025,0.00461805
-0.410462,-0.35772,0.224641,0.0125,0.00461805
-0.39062,-0.375541,0.176216,0.0225,0.00461805
-0.4131,-0.395457,0.201051,0.0175,0.00461805
-0.45789,-0.37513,0.208518,0.0175,0.00461805
-0.868318,-0.346642,0.136205,0.045,0.000708798
-0.849854,-0.3647,0.11206,0.025,0.000708798
-0.836632,-0.319894,0.12231,0.0125,0.000708798
-0.83581,-0.365081,0.154148,0.0225,0.000708798
-0.850545,-0.330207,0.16339,0.0175,0.000708798
-0.888152,-0.315778,0.134193,0.0175,0.000708798
-0.790334,-0.414005,0.14698,0.045,0.00103794
-0.799476,-0.448033,0.149907,0.025,0.00103794
-0.771923,-0.428638,0.183851,0.0125,0.00103794
-0.824377,-0.417541,0.170374,0.0225,0.00103794
-0.795545,-0.391798,0.175347,0.0175,0.00103794
-0.757779,-0.397341,0.14344,0.0175,0.00103794
-0.641858,-0.529432,0.242103,0.045,0.0227754
-0.667396,-0.548442,0.257479,0.025,0.0227754
-0.627836,-0.538612,0.282496,0.0125,0.0227754
-0.667035,-0.504501,0.263626,0.0225,0.0227754
-0.628497,-0.500404,0.259534,0.0175,0.0227754
-0.606896,-0.537091,0.233795,0.0175,0.0227754
-0.629272,-0.495457,0.324373,0.045,0.0381372
-0.647522,-0.517032,0.34562,0.025,0.0381372
-0.599736,-0.518232,0.347207,0.0125,0.0381372
-0.634503,-0.477683,0.36146,0.0225,0.0381372
-0.603063,-0.474609,0.338639,0.0175,0.0381372
-0.605507,-0.501868,0.297094,0.0175,0.0381372
-0.566339,-0.549373,0.286719,0.045,0.0210043
-0.59934,-0.561174,0.291375,0.025,0.0210043
-0.575162,-0.575243,0.252582,0.0125,0.0210043
-0.565646,-0.586095,0.305948,0.0225,0.0210043
-0.53983,-0.57331,0.279701,0.0175,0.0210043
-0.550892,-0.528762,0.260517,0.0175,0.0210043
-0.534807,-0.291116,0.320998,0.045,0.00908891
-0.567956,-0.294994,0.332665,0.025,0.00908891
-0.534511,-0.27957,0.363178,0.0125,0.00908891
-0.555126,-0.255095,0.318097,0.0225,0.00908891
-0.517486,-0.259686,0.327091,0.0175,0.00908891
-0.503178,-0.30721,0.330516,0.0175,0.00908891
-0.500873,-0.218654,0.280272,0.045,0.00404479
-0.487529,-0.20147,0.308141,0.025,0.00404479
-0.481707,-0.182616,0.264573,0.0125,0.00404479
-0.528011,-0.190365,0.293765,0.0225,0.00404479
-0.521775,-0.200485,0.256651,0.0175,0.00404479
-0.485198,-0.233662,0.250624,0.0175,0.00404479
-0.955643,-0.182022,0.23568,0.045,0.00179984
-0.969384,-0.214211,0.240686,0.025,0.00179984
-0.927676,-0.203535,0.261517,0.0125,0.00179984
-0.978024,-0.182574,0.270573,0.0225,0.00179984
-0.94509,-0.162611,0.264608,0.0175,0.00179984
-0.924399,-0.170604,0.220077,0.0175,0.00179984
-0.891161,-0.110489,0.236701,0.045,0.00351244
-0.896035,-0.139446,0.21701,0.025,0.00351244
-0.855763,-0.135505,0.242509,0.0125,0.00351244
-0.908061,-0.140554,0.259706,0.0225,0.00351244
-0.881915,-0.114264,0.271705,0.0175,0.00351244
-0.865842,-0.0838799,0.23574,0.0175,0.00351244
-0.664044,-0.277229,0.271811,0.045,0.00967506
-0.66676,-0.251924,0.296352,0.025,0.00967506
-0.644992,-0.241621,0.25503,0.0125,0.00967506
-0.697894,-0.254333,0.264831,0.0225,0.00967506
-0.674682,-0.270037,0.23775,0.0175,0.00967506
-0.635069,-0.293701,0.256347,0.0175,0.00967506
-0.624089,-0.14372,0.20395,0.045,0.00799834
-0.597966,-0.157626,0.184606,0.025,0.00799834
-0.586839,-0.127013,0.219628,0.0125,0.00799834
-0.609086,-0.177531,0.22267,0.0225,0.00799834
-0.621923,-0.145209,0.240255,0.0175,0.00799834
-0.635592,-0.109164,0.208808,0.0175,0.00799834
-0.620931,-0.25227,0.349614,0.045,0.013151
-0.622568,-0.217709,0.356886,0.025,0.013151
-0.65234,-0.24742,0.379654,0.0125,0.013151
-0.597264,-0.243607,0.382532,0.0225,0.013151
-0.618226,-0.276005,0.377079,0.0175,0.013151
-0.645342,-0.275747,0.33537,0.0175,0.013151
-0.524888,-0.285807,0.517945,0.045,0.0242147
-0.498452,-0.262357,0.519064,0.025,0.0242147
-0.542943,-0.247278,0.52805,0.0125,0.0242147
-0.510978,-0.282021,0.556816,0.0225,0.0242147
-0.547979,-0.287768,0.546016,0.0175,0.0242147
-0.554779,-0.288412,0.496738,0.0175,0.0242147
-0.53055,-0.141591,0.237816,0.045,0.0139921
-0.524574,-0.148681,0.271934,0.025,0.0139921
-0.563182,-0.122997,0.260219,0.0125,0.0139921
-0.551176,-0.175777,0.248979,0.0225,0.0139921
-0.563378,-0.148674,0.223775,0.0175,0.0139921
-0.532368,-0.110061,0.21904,0.0175,0.0139921
-0.429273,-0.127887,0.216791,0.045,0.00060233
-0.439608,-0.0950496,0.224848,0.025,0.00060233
-0.413219,-0.119264,0.256546,0.0125,0.00060233
-0.399746,-0.100773,0.206219,0.0225,0.00060233
-0.394123,-0.136701,0.22023,0.0175,0.00060233
-0.436119,-0.16049,0.232287,0.0175,0.00060233
-0.947388,0.0427618,0.218884,0.045,0.00179129
-0.92502,0.0509902,0.244998,0.025,0.00179129
-0.96109,0.0808832,0.235361,0.0125,0.00179129
-0.962362,0.0292631,0.255109,0.0225,0.00179129
-0.983194,0.0434721,0.225396,0.0175,0.00179129
-0.955616,0.0594099,0.18718,0.0175,0.00179129
-0.844851,0.00761414,0.265818,0.045,0.00269541
-0.859319,-0.023884,0.272785,0.025,0.00269541
-0.81233,-0.0181593,0.279624,0.0125,0.00269541
-0.854928,0.00524908,0.305963,0.0225,0.00269541
-0.823837,0.023378,0.291015,0.0175,0.00269541
-0.81924,0.018303,0.241739,0.0175,0.00269541
-0.720563,-0.0146875,0.256781,0.045,0.00398085
-0.713076,-0.047075,0.268822,0.025,0.00398085
-0.710826,-0.0389728,0.221739,0.0125,0.00398085
-0.679693,-0.0185183,0.262588,0.0225,0.00398085
-0.697164,0.00160712,0.234154,0.0175,0.00398085
-0.746776,-0.00207589,0.234335,0.0175,0.00398085
-0.644124,0.0194254,0.316438,0.045,0.00775347
-0.659265,0.0172344,0.348311,0.025,0.00775347
-0.625253,0.0501075,0.341237,0.0125,0.00775347
-0.675698,0.0461729,0.318964,0.0225,0.00775347
-0.642124,0.0518454,0.300008,0.0175,0.00775347
-0.609505,0.0146293,0.305102,0.0175,0.00775347
-0.554701,0.00140953,0.352236,0.045,0.00706644
-0.553715,0.0115821,0.386082,0.025,0.00706644
-0.595022,0.0150806,0.362228,0.0125,0.00706644
-0.566373,-0.0299109,0.376762,0.0225,0.00706644
-0.580699,-0.0216801,0.341467,0.0175,0.00706644
-0.561821,0.0196078,0.321121,0.0175,0.00706644
-0.487415,-0.0882778,0.16345,0.045,0.00951841
-0.490576,-0.104969,0.194457,0.025,0.00951841
-0.452611,-0.11452,0.166982,0.0125,0.00951841
-0.466597,-0.0676738,0.19279,0.0225,0.00951841
-0.456065,-0.0715885,0.155474,0.0175,0.00951841
-0.486585,-0.100416,0.128781,0.0175,0.00951841
-0.494379,-0.00250244,0.189561,0.045,0.011314
-0.498915,0.0239026,0.166491,0.025,0.011314
-0.533251,0.015345,0.198667,0.0125,0.011314
-0.481479,0.0332028,0.206219,0.0225,0.011314
-0.499149,0.00401761,0.225054,0.0175,0.011314
-0.513027,-0.0335831,0.195582,0.0175,0.011314
-0.955199,0.0832224,0.299061,0.045,0.000554762
-0.93312,0.055611,0.298693,0.025,0.000554762
-0.928556,0.0882257,0.333377,0.0125,0.000554762
-0.969951,0.0529957,0.323299,0.0225,0.000554762
-0.972889,0.0913031,0.32983,0.0175,0.000554762
-0.949624,0.119411,0.296012,0.0175,0.000554762
-0.83479,0.242036,0.220593,0.045,0.00214584
-0.79968,0.239347,0.223761,0.025,0.00214584
-0.818139,0.279835,0.206226,0.0125,0.00214584
-0.822593,0.258046,0.256838,0.0225,0.00214584
-0.851601,0.271223,0.234396,0.0175,0.00214584
-0.856737,0.24659,0.191479,0.0175,0.00214584
-0.763754,0.172823,0.196863,0.045,0.00573344
-0.738659,0.197494,0.193462,0.025,0.00573344
-0.753636,0.174403,0.154347,0.0125,0.00573344
-0.780989,0.20931,0.187356,0.0225,0.00573344
-0.793011,0.17427,0.175254,0.0175,0.00573344
-0.764013,0.136697,0.190167,0.0175,0.00573344
-0.619773,0.233258,0.221136,0.045,0.00588428
-0.598325,0.234546,0.249213,0.025,0.00588428
-0.5824,0.21403,0.209051,0.0125,0.00588428
-0.595538,0.26682,0.218893,0.0225,0.00588428
-0.607457,0.244932,0.188933,0.0175,0.00588428
-0.634261,0.205218,0.202325,0.0175,0.00588428
-0.530215,0.243892,0.212605,0.045,0.00610662
-0.558307,0.242625,0.191176,0.025,0.00610662
-0.563841,0.230352,0.23707,0.0125,0.00610662
-0.551393,0.279456,0.214933,0.0225,0.00610662
-0.532919,0.26165,0.244265,0.0175,0.00610662
-0.512533,0.218019,0.231787,0.0175,0.00610662
-0.575252,0.291048,0.29376,0.045,0.00441175
-0.590631,0.311025,0.318548,0.025,0.00441175
-0.548844,0.290044,0.328604,0.0125,0.00441175
-0.560469,0.329737,0.291923,0.0225,0.00441175
-0.54033,0.297016,0.285403,0.0175,0.00441175
-0.566566,0.255366,0.292606,0.0175,0.00441175
-0.199161,0.167192,0.105942,0.045,0.0299334
-0.171884,0.188196,0.113991,0.025,0.0299334
-0.207019,0.205629,0.0866199,0.0125,0.0299334
-0.208114,0.18974,0.13956,0.0225,0.0299334
-0.233037,0.179308,0.111475,0.0175,0.0299334
-0.211924,0.154362,0.0739653,0.0175,0.0299334
-0.0949335,0.26919,0.0837078,0.045,0.0116566
-0.0957038,0.239575,0.103004,0.025,0.0116566
-0.0561065,0.24983,0.0782174,0.0125,0.0116566
-0.0786847,0.2763,0.12118,0.0225,0.0116566
-0.0668845,0.292069,0.0875521,0.0175,0.0116566
-0.0912746,0.275136,0.0476349,0.0175,0.0116566
-0.955584,0.374057,0.202414,0.045,0.000884497
-0.938556,0.377703,0.233183,0.025,0.000884497
-0.925822,0.342051,0.203955,0.0125,0.000884497
-0.921285,0.396707,0.196999,0.0225,0.000884497
-0.936217,0.371061,0.171739,0.0175,0.000884497
-0.976359,0.347046,0.188675,0.0175,0.000884497
-0.811135,0.484376,0.158985,0.045,0.00163323
-0.820494,0.515808,0.145779,0.025,0.00163323
-0.854041,0.482095,0.150834,0.0125,0.00163323
-0.824919,0.508955,0.189393,0.0225,0.00163323
-0.830221,0.470442,0.186672,0.0175,0.00163323
-0.811912,0.45042,0.144972,0.0175,0.00163323
-0.752275,0.544314,0.127408,0.045,0.00270995
-0.74979,0.517703,0.150552,0.025,0.00270995
-0.709756,0.534582,0.130555,0.0125,0.00270995
-0.744909,0.559237,0.165379,0.0225,0.00270995
-0.731192,0.57365,0.131869,0.0175,0.00270995
-0.743731,0.547002,0.0917742,0.0175,0.00270995
-0.622358,0.663725,0.201181,0.045,0.0106841
-0.633293,0.647217,0.230472,0.025,0.0106841
-0.623461,0.621056,0.191659,0.0125,0.0106841
-0.589672,0.651186,0.223388,0.0225,0.0106841
-0.592193,0.652019,0.184507,0.0175,0.0106841
-0.636673,0.666351,0.167444,0.0175,0.0106841
-0.529524,0.561749,0.131864,0.045,0.00209819
-0.509401,0.590493,0.127523,0.025,0.00209819
-0.505077,0.55449,0.0963368,0.0125,0.00209819
-0.547961,0.588099,0.105701,0.0225,0.00209819
-0.54874,0.549191,0.103614,0.0175,0.00209819
-0.521302,0.526536,0.138383,0.0175,0.00209819
-0.515059,0.333875,0.229868,0.045,0.00803054
-0.507131,0.320911,0.261791,0.025,0.00803054
-0.4744,0.347214,0.238893,0.0125,0.00803054
-0.523696,0.361985,0.25909,0.0225,0.00803054
-0.509879,0.369319,0.223396,0.0175,0.00803054
-0.500375,0.32848,0.196622,0.0175,0.00803054
-0.444987,0.287714,0.258902,0.045,0.00850308
-0.460963,0.256426,0.25492,0.025,0.00850308
-0.468196,0.290287,0.221925,0.0125,0.00850308
-0.421906,0.262999,0.234919,0.0225,0.00850308
-0.426044,0.301558,0.231072,0.0175,0.00850308
-0.45803,0.321771,0.263373,0.0175,0.00850308
-0.955151,0.543563,0.19531,0.045,0.000815015
-0.938226,0.542993,0.226346,0.025,0.000815015
-0.913503,0.533537,0.18651,0.0125,0.000815015
-0.937807,0.580498,0.20264,0.0225,0.000815015
-0.941224,0.563101,0.167936,0.0175,0.000815015
-0.961333,0.517644,0.170012,0.0175,0.000815015
-0.828325,0.626658,0.106258,0.045,0.00162954
-0.803912,0.649762,0.0952945,0.025,0.00162954
-0.837382,0.635278,0.0643518,0.0125,0.00162954
-0.842591,0.665359,0.110442,0.0225,0.00162954
-0.863499,0.634022,0.100461,0.0175,0.00162954
-0.836577,0.592466,0.0956393,0.0175,0.00162954
-0.774654,0.71372,0.126785,0.045,0.00286129
-0.740582,0.721151,0.132607,0.025,0.00286129
-0.757792,0.725511,0.0881962,0.0125,0.00286129
-0.770027,0.754324,0.133764,0.0225,0.00286129
-0.795231,0.737904,0.108987,0.0175,0.00286129
-0.791257,0.688406,0.105964,0.0175,0.00286129
-0.630939,0.799942,0.117356,0.045,0.00377072
-0.60158,0.788004,0.133024,0.025,0.00377072
-0.598832,0.803584,0.0878886,0.0125,0.00377072
-0.610073,0.831537,0.13424,0.0225,0.00377072
-0.63025,0.832408,0.10091,0.0175,0.00377072
-0.649673,0.788496,0.087894,0.0175,0.00377072
-0.401688,0.78547,0.117307,0.045,0.00155366
-0.398528,0.753414,0.131882,0.025,0.00155366
-0.412517,0.756638,0.0862592,0.0125,0.00155366
-0.364078,0.769955,0.109336,0.0225,0.00155366
-0.385459,0.792058,0.0853973,0.0175,0.00155366
-0.430432,0.803559,0.103288,0.0175,0.00155366
-0.249955,0.670819,0.0446291,0.045,0.00194051
-0.273217,0.644211,0.0436744,0.025,0.00194051
-0.267034,0.667867,0.0847801,0.0125,0.00194051
-0.287914,0.685496,0.0367229,0.0225,0.00194051
-0.260419,0.702972,0.0581089,0.0175,0.00194051
-0.219019,0.675972,0.0637708,0.0175,0.00194051
-0.128679,0.728967,0.125236,0.045,0.00284734
-0.153585,0.716217,0.146849,0.025,0.00284734
-0.148803,0.763627,0.142735,0.0125,0.00284734
-0.16486,0.726391,0.105159,0.0225,0.00284734
-0.137861,0.754118,0.100576,0.0175,0.00284734
-0.0989402,0.749691,0.131245,0.0175,0.00284734
-0.548299,0.492752,0.431785,0.045,0.026798
-0.562456,0.511057,0.458515,0.025,0.026798
-0.579965,0.467679,0.44855,0.0125,0.026798
-0.530053,0.482092,0.467453,0.0225,0.026798
-0.537786,0.458376,0.437511,0.0175,0.026798
-0.562282,0.4803,0.400171,0.0175,0.026798
-0.947054,0.862778,0.0447092,0.045,0.000776848
-0.918063,0.868683,0.0253532,0.025,0.000776848
-0.954459,0.899555,0.0222355,0.0125,0.000776848
-0.921396,0.888198,0.0650621,0.0225,0.000776848
-0.960338,0.889687,0.0653115,0.0175,0.000776848
-0.982029,0.85625,0.0355381,0.0175,0.000776848
-0.757101,0.886303,0.0446873,0.045,0.000491236
-0.783129,0.908958,0.0523878,0.025,0.000491236
-0.744735,0.907522,0.080872,0.0125,0.000491236
-0.748931,0.923402,0.0280852,0.0225,0.000491236
-0.722876,0.89859,0.0430582,0.0175,0.000491236
-0.743029,0.857658,0.0628938,0.0175,0.000491236
-0.719666,0.952903,0.128608,0.045,0.00161919
-0.687871,0.943589,0.116266,0.025,0.00161919
-0.690847,0.980412,0.146642,0.0125,0.00161919
-0.701319,0.926787,0.155067,0.0225,0.00161919
-0.724227,0.956869,0.164503,0.0175,0.00161919
-0.739359,0.983764,0.125481,0.0175,0.00161919
-0.619278,0.95137,0.109912,0.045,0.00303046
-0.597812,0.947035,0.137668,0.025,0.00303046
-0.593206,0.986464,0.110992,0.0125,0.00303046
-0.635164,0.970341,0.143176,0.0225,0.00303046
-0.637383,0.982741,0.106296,0.0175,0.00303046
-0.612846,0.954113,0.0738411,0.0175,0.00303046
-0.464353,0.955431,0.0447092,0.045,0.00113682
-0.437737,0.966857,0.0649838,0.025,0.00113682
-0.479193,0.955297,0.085846,0.0125,0.00113682
-0.442858,0.923144,0.0593475,0.0225,0.00113682
-0.481386,0.924531,0.0536566,0.0175,0.00113682
-0.497935,0.968795,0.0381068,0.0175,0.00113682
-0.125347,0.943497,0.0448151,0.045,0.00334202
-0.10508,0.964453,0.0648178,0.025,0.00334202
-0.106637,0.97221,0.0176489,0.0125,0.00334202
-0.14648,0.977492,0.055608,0.0225,0.00334202
-0.148923,0.958647,0.0215839,0.0175,0.00334202
-0.1175,0.920302,0.0174213,0.0175,0.00334202
-0.199171,0.793297,0.130334,0.045,0.0059776
-0.190414,0.823697,0.11455,0.025,0.0059776
-0.182424,0.819032,0.161474,0.0125,0.0059776
-0.159325,0.792343,0.118926,0.0225,0.0059776
-0.174496,0.776408,0.151092,0.0175,0.0059776
-0.223085,0.785274,0.15705,0.0175,0.0059776
-0.955425,-0.749474,0.133729,0.045,0.00160743
-0.935097,-0.761685,0.159952,0.025,0.00160743
-0.923508,-0.772669,0.114868,0.0125,0.00160743
-0.923723,-0.723574,0.140282,0.0225,0.00160743
-0.939753,-0.732153,0.105812,0.0175,0.00160743
-0.97575,-0.766407,0.108231,0.0175,0.00160743
-0.953208,-0.954217,0.126889,0.045,0.00205017
-0.953823,-0.918868,0.126575,0.025,0.00205017
-0.988156,-0.942658,0.103277,0.0125,0.00205017
-0.977462,-0.940222,0.157461,0.0225,0.00205017
-0.983373,-0.97234,0.136196,0.0175,0.00205017
-0.949803,-0.979149,0.100116,0.0175,0.00205017
-0.774066,-0.955669,0.131343,0.045,0.00152876
-0.806216,-0.952992,0.11688,0.025,0.00152876
-0.802467,-0.953914,0.164551,0.0125,0.00152876
-0.785026,-0.915786,0.128518,0.0225,0.00152876
-0.764314,-0.932036,0.157254,0.0175,0.00152876
-0.75859,-0.981245,0.152706,0.0175,0.00152876
-0.59763,-0.955114,0.143343,0.045,0.00232993
-0.631123,-0.965621,0.147562,0.025,0.00232993
-0.614249,-0.930795,0.175667,0.0125,0.00232993
-0.622934,-0.930982,0.121071,0.0225,0.00232993
-0.590584,-0.919601,0.139582,0.0175,0.00232993
-0.568499,-0.955708,0.165727,0.0175,0.00232993
-0.508903,-0.952957,0.144204,0.045,0.00528023
-0.534089,-0.93173,0.157052,0.025,0.00528023
-0.491483,-0.932598,0.178766,0.0125,0.00528023
-0.504924,-0.914951,0.128129,0.0225,0.00528023
-0.47588,-0.939177,0.137526,0.0175,0.00528023
-0.490997,-0.981638,0.158585,0.0175,0.00528023
-0.420192,-0.955239,0.123589,0.045,0.00443553
-0.401395,-0.927485,0.112347,0.025,0.00443553
-0.394937,-0.942996,0.157126,0.0125,0.00443553
-0.383467,-0.967946,0.109145,0.0225,0.00443553
-0.40287,-0.983104,0.139353,0.0175,0.00443553
-0.445018,-0.959092,0.150399,0.0175,0.00443553
-0.0514555,-0.955022,0.128007,0.045,0.00528495
-0.0768105,-0.940232,0.147715,0.025,0.00528495
-0.0348924,-0.917603,0.143435,0.0125,0.00528495
-0.0733218,-0.928231,0.10514,0.0225,0.00528495
-0.0350453,-0.935024,0.102399,0.0175,0.00528495
-0.0177768,-0.967263,0.136124,0.0175,0.00528495
-0.116833,-0.784091,0.118133,0.045,0.00685421
-0.123825,-0.75388,0.135115,0.025,0.00685421
-0.135254,-0.757388,0.0888053,0.0125,0.00685421
-0.155768,-0.784553,0.132365,0.0225,0.00685421
-0.143267,-0.800071,0.0988746,0.0175,0.00685421
-0.0950632,-0.791979,0.0896043,0.0175,0.00685421
-0.949417,-0.650474,0.155244,0.045,0.0016114
-0.973407,-0.67643,0.156116,0.025,0.0016114
-0.988258,-0.631236,0.161059,0.0125,0.0016114
-0.965357,-0.656276,0.117415,0.0225,0.0016114
-0.954811,-0.622157,0.133017,0.0175,0.0016114
-0.9391,-0.625463,0.180104,0.0175,0.0016114
-0.869435,-0.854918,0.149845,0.045,0.00383072
-0.867992,-0.880673,0.125667,0.025,0.00383072
-0.909592,-0.872096,0.147652,0.0125,0.00383072
-0.880866,-0.840205,0.11281,0.0225,0.00383072
-0.895624,-0.829761,0.147334,0.0175,0.00383072
-0.876911,-0.855133,0.185818,0.0175,0.00383072
-0.74368,-0.863518,0.133527,0.045,0.00309831
-0.753982,-0.84879,0.163973,0.025,0.00309831
-0.708294,-0.844282,0.150565,0.0125,0.00309831
-0.754083,-0.823879,0.127255,0.0225,0.00309831
-0.725395,-0.843299,0.109406,0.0175,0.00309831
-0.719273,-0.889871,0.125794,0.0175,0.00309831
-0.510043,-0.87144,0.20065,0.045,0.00362023
-0.50467,-0.887143,0.169433,0.025,0.00362023
-0.510453,-0.914508,0.20823,0.0125,0.00362023
-0.546409,-0.880856,0.183111,0.0225,0.00362023
-0.538159,-0.882071,0.221179,0.0175,0.00362023
-0.490789,-0.87134,0.231943,0.0175,0.00362023
-0.490397,-0.771207,0.198282,0.045,0.0184517
-0.502922,-0.800565,0.21349,0.025,0.0184517
-0.463501,-0.780363,0.231527,0.0125,0.0184517
-0.515344,-0.761239,0.229858,0.0225,0.0184517
-0.483046,-0.742269,0.219104,0.0175,0.0184517
-0.45863,-0.763689,0.18142,0.0175,0.0184517
-0.304711,-0.720649,0.143385,0.045,0.0148593
-0.287598,-0.732889,0.114972,0.025,0.0148593
-0.284856,-0.68623,0.12512,0.0125,0.0148593
-0.26548,-0.729666,0.153301,0.0225,0.0148593
-0.286643,-0.700151,0.167434,0.0175,0.0148593
-0.331967,-0.696319,0.147284,0.0175,0.0148593
-0.27268,-0.579135,0.133082,0.045,0.00591384
-0.295967,-0.586672,0.158595,0.025,0.00591384
-0.28369,-0.541003,0.151447,0.0125,0.00591384
-0.311312,-0.575695,0.118436,0.0225,0.00591384
-0.280883,-0.553374,0.108709,0.0175,0.00591384
-0.239241,-0.563926,0.133801,0.0175,0.00591384
-0.95573,-0.368038,0.21696,0.045,0.00117428
-0.954886,-0.392445,0.242525,0.025,0.00117428
-0.946441,-0.406065,0.197462,0.0125,0.00117428
-0.916854,-0.373029,0.230469,0.0225,0.00117428
-0.927765,-0.365752,0.193771,0.0175,0.00117428
-0.977063,-0.36397,0.187322,0.0175,0.00117428
-0.874064,-0.527271,0.198882,0.045,0.00340941
-0.906878,-0.540356,0.200311,0.025,0.00340941
-0.895498,-0.503684,0.228827,0.0125,0.00340941
-0.898982,-0.505746,0.173692,0.0225,0.00340941
-0.869503,-0.491394,0.194758,0.0175,0.00340941
-0.847206,-0.525028,0.223854,0.0175,0.00340941
-0.786093,-0.52565,0.18336,0.045,0.00375892
-0.805683,-0.552927,0.194414,0.025,0.00375892
-0.760565,-0.549285,0.209859,0.0125,0.00375892
-0.803959,-0.516454,0.219623,0.0225,0.00375892
-0.76844,-0.505446,0.207961,0.0175,0.00375892
-0.755124,-0.52379,0.163675,0.0175,0.00375892
-0.625803,-0.709796,0.184448,0.045,0.00882277
-0.646588,-0.707829,0.155916,0.025,0.00882277
-0.666337,-0.702488,0.199147,0.0125,0.00882277
-0.630019,-0.670255,0.172722,0.0225,0.00882277
-0.627413,-0.683298,0.209353,0.0175,0.00882277
-0.625142,-0.732858,0.213044,0.0175,0.00882277
-0.627911,-0.698229,0.3091,0.045,0.00517304
-0.60965,-0.691427,0.2796,0.025,0.00517304
-0.634761,-0.65606,0.299752,0.0125,0.00517304
-0.590507,-0.683191,0.318772,0.0225,0.00517304
-0.623767,-0.676351,0.337895,0.0175,0.00517304
-0.663813,-0.697015,0.316817,0.0175,0.00517304
-0.373276,-0.543016,0.138136,0.045,0.00256539
-0.406771,-0.546487,0.148907,0.025,0.00256539
-0.389203,-0.502499,0.142278,0.0125,0.00256539
-0.398761,-0.542596,0.105439,0.0225,0.00256539
-0.366039,-0.521813,0.109447,0.0175,0.00256539
-0.343796,-0.527455,0.153588,0.0175,0.00256539
-0.518761,-0.359746,0.46622,0.045,0.0216352
-0.541538,-0.386116,0.460235,0.025,0.0216352
-0.497354,-0.389379,0.442218,0.0125,0.0216352
-0.514049,-0.38929,0.49492,0.0225,0.0216352
-0.485708,-0.367565,0.479312,0.0175,0.0216352
-0.501326,-0.336517,0.443716,0.0175,0.0216352
-0.535419,-0.383757,0.314915,0.045,0.0198021
-0.51973,-0.410784,0.298381,0.025,0.0198021
-0.517009,-0.367204,0.278865,0.0125,0.0198021
-0.495599,-0.386056,0.32622,0.0225,0.0198021
-0.516321,-0.353425,0.321258,0.0175,0.0198021
-0.562717,-0.361215,0.305083,0.0175,0.0198021
-0.86308,-0.279831,0.215405,0.045,0.00197476
-0.885846,-0.306253,0.209613,0.025,0.00197476
-0.868393,-0.300213,0.253731,0.0125,0.00197476
-0.90166,-0.26743,0.224154,0.0225,0.00197476
-0.869222,-0.256942,0.243035,0.0175,0.00197476
-0.828026,-0.27933,0.226402,0.0175,0.00197476
-0.79196,-0.327977,0.189365,0.045,0.00391956
-0.824843,-0.338409,0.197102,0.025,0.00391956
-0.788129,-0.365165,0.212056,0.0125,0.00391956
-0.802795,-0.313955,0.226845,0.0225,0.00391956
-0.767313,-0.325947,0.216076,0.0175,0.00391956
-0.765135,-0.343369,0.169527,0.0175,0.00391956
-0.642369,-0.439645,0.244739,0.045,0.0131043
-0.652507,-0.43914,0.278606,0.025,0.0131043
-0.640134,-0.397939,0.257704,0.0125,0.0131043
-0.682913,-0.431357,0.247243,0.0225,0.0131043
-0.657901,-0.416537,0.221291,0.0175,0.0131043
-0.610752,-0.430814,0.228235,0.0175,0.0131043
-0.555855,-0.456691,0.259587,0.045,0.0186068
-0.582369,-0.475928,0.246287,0.025,0.0186068
-0.592866,-0.438364,0.273968,0.0125,0.0186068
-0.569096,-0.439881,0.224079,0.0225,0.0186068
-0.556443,-0.420531,0.255451,0.0175,0.0186068
-0.545135,-0.449809,0.294051,0.0175,0.0186068
-0.485056,-0.414727,0.570926,0.045,0.0193729
-0.462826,-0.436152,0.588153,0.025,0.0193729
-0.505428,-0.453238,0.574715,0.0125,0.0193729
-0.462699,-0.43669,0.543786,0.0225,0.0193729
-0.499992,-0.426123,0.539748,0.0175,0.0193729
-0.51855,-0.402044,0.579128,0.0175,0.0193729
-0.561097,-0.226307,0.447034,0.045,0.0162807
-0.563731,-0.252629,0.470491,0.025,0.0162807
-0.520232,-0.236614,0.458708,0.0125,0.0162807
-0.561196,-0.210969,0.48555,0.0225,0.0162807
-0.540829,-0.197223,0.455301,0.0175,0.0162807
-0.545574,-0.224238,0.413796,0.0175,0.0162807
-0.48536,-0.233371,0.379686,0.045,0.0286027
-0.483118,-0.257694,0.354126,0.025,0.0286027
-0.509737,-0.26727,0.392691,0.0125,0.0286027
-0.517081,-0.229153,0.353328,0.0225,0.0286027
-0.518212,-0.223509,0.391872,0.0175,0.0286027
-0.475367,-0.233631,0.415043,0.0175,0.0286027
-0.951709,-0.10127,0.302046,0.045,0.00196197
-0.974655,-0.126884,0.293838,0.025,0.00196197
-0.98818,-0.0929345,0.324693,0.0125,0.00196197
-0.97612,-0.0889372,0.270889,0.0225,0.00196197
-0.962381,-0.0665495,0.299678,0.0175,0.00196197
-0.935945,-0.0913832,0.333728,0.0175,0.00196197
-0.859076,-0.0751095,0.320307,0.045,0.00300279
-0.891903,-0.0814694,0.331795,0.025,0.00300279
-0.855264,-0.0889818,0.361605,0.0125,0.00300279
-0.873936,-0.0417088,0.33986,0.0225,0.00300279
-0.837042,-0.0542484,0.340414,0.0175,0.00300279
-0.829804,-0.0968441,0.315752,0.0175,0.00300279
-0.773081,-0.0756454,0.295678,0.045,0.00389878
-0.773621,-0.107261,0.311495,0.025,0.00389878
-0.731867,-0.0902717,0.295509,0.0125,0.00389878
-0.764445,-0.0714319,0.336007,0.0225,0.00389878
-0.749021,-0.0507095,0.306827,0.0175,0.00389878
-0.764035,-0.065148,0.261649,0.0175,0.00389878
-0.700358,-0.0382738,0.356514,0.045,0.00807333
-0.685451,-0.0678953,0.344253,0.025,0.00807333
-0.731678,-0.0598837,0.334959,0.0125,0.00807333
-0.686939,-0.0323497,0.317738,0.0225,0.00807333
-0.719125,-0.0171283,0.333586,0.0175,0.00807333
-0.727877,-0.0323592,0.380131,0.0175,0.00807333
-0.606864,-0.00734138,0.444446,0.045,0.00252715
-0.60897,-0.0258749,0.47448,0.025,0.00252715
-0.579587,-0.0412354,0.44001,0.0125,0.00252715
-0.577071,0.00472567,0.470628,0.0225,0.00252715
-0.574085,0.00224638,0.431851,0.0175,0.00252715
-0.614753,-0.0157632,0.409562,0.0175,0.00252715
-0.526634,-0.117742,0.573502,0.045,0.0148197
-0.514617,-0.142939,0.551806,0.025,0.0148197
-0.484734,-0.108168,0.565427,0.0125,0.0148197
-0.508638,-0.147933,0.595488,0.0225,0.0148197
-0.50773,-0.109823,0.603584,0.0175,0.0148197
-0.530325,-0.0813963,0.569577,0.0175,0.0148197
-0.468034,-0.0108795,0.372437,0.045,0.0168872
-0.473296,-0.0395738,0.352463,0.025,0.0168872
-0.430265,-0.0187081,0.351828,0.0125,0.0168872
-0.456202,-0.0448364,0.393069,0.0225,0.0168872
-0.439175,-0.00981526,0.394596,0.0175,0.0168872
-0.459435,0.0238522,0.364083,0.0175,0.0168872
-0.379208,0.11529,0.185797,0.045,0.00841147
-0.35565,0.139201,0.174693,0.025,0.00841147
-0.383009,0.117117,0.142268,0.0125,0.00841147
-0.39731,0.152425,0.182332,0.0225,0.00841147
-0.41373,0.117946,0.174564,0.0175,0.00841147
-0.382803,0.0792823,0.17943,0.0175,0.00841147
-0.846963,0.0844412,0.316655,0.045,0.00179402
-0.862797,0.0528723,0.318292,0.025,0.00179402
-0.871579,0.084804,0.352799,0.0125,0.00179402
-0.884446,0.0864912,0.299061,0.0225,0.00179402
-0.867173,0.114543,0.319881,0.0175,0.00179402
-0.823145,0.101367,0.338932,0.0175,0.00179402
-0.81996,0.158662,0.266356,0.045,0.00146255
-0.837431,0.174084,0.239769,0.025,0.00146255
-0.842893,0.191457,0.283994,0.0125,0.00146255
-0.798033,0.190647,0.251695,0.0225,0.00146255
-0.800271,0.17935,0.288925,0.0175,0.00146255
-0.831338,0.14127,0.296656,0.0175,0.00146255
-0.68177,0.17067,0.233841,0.045,0.00940762
-0.665227,0.170857,0.202595,0.025,0.00940762
-0.707479,0.148719,0.206096,0.0125,0.00940762
-0.695284,0.202429,0.210874,0.0225,0.00940762
-0.716636,0.181003,0.235446,0.0175,0.00940762
-0.691667,0.143444,0.256442,0.0175,0.00940762
-0.624755,0.338159,0.372939,0.045,0.00995061
-0.64646,0.34196,0.345291,0.025,0.00995061
-0.599993,0.351721,0.339541,0.0125,0.00995061
-0.624865,0.303508,0.350178,0.0225,0.00995061
-0.59426,0.318691,0.368929,0.0175,0.00995061
-0.603809,0.362024,0.391424,0.0175,0.00995061
-0.58453,0.161773,0.392824,0.045,0.0100954
-0.560664,0.17898,0.412429,0.025,0.0100954
-0.593128,0.204401,0.388193,0.0125,0.0100954
-0.600067,0.169475,0.430481,0.0225,0.0100954
-0.619811,0.169759,0.396883,0.0175,0.0100954
-0.591525,0.161721,0.356754,0.0175,0.0100954
-0.524252,0.224757,0.453363,0.045,0.00800751
-0.503633,0.237503,0.427626,0.025,0.00800751
-0.50109,0.257356,0.471064,0.0125,0.00800751
-0.487074,0.206458,0.454659,0.0225,0.00800751
-0.509215,0.2159,0.485308,0.0175,0.00800751
-0.551116,0.239901,0.473338,0.0175,0.00800751
-0.453547,0.0992079,0.233627,0.045,0.0143164
-0.421558,0.0842494,0.231924,0.025,0.0143164
-0.425034,0.131695,0.226989,0.0125,0.0143164
-0.435591,0.0999306,0.270987,0.0225,0.0143164
-0.458667,0.127501,0.25595,0.0175,0.0143164
-0.473216,0.118416,0.209251,0.0175,0.0143164
-0.915054,0.310126,0.250257,0.045,0.00143112
-0.885632,0.290536,0.249519,0.025,0.00143112
-0.897934,0.311993,0.290455,0.0125,0.00143112
-0.923458,0.271509,0.262781,0.0225,0.00143112
-0.939563,0.304231,0.276516,0.0175,0.00143112
-0.920856,0.345837,0.256667,0.0175,0.00143112
-0.820251,0.40039,0.194092,0.045,0.00161721
-0.837597,0.429865,0.203053,0.025,0.00161721
-0.824114,0.399717,0.237648,0.0125,0.00161721
-0.793232,0.430377,0.203552,0.0225,0.00161721
-0.789074,0.392367,0.211082,0.0175,0.00161721
-0.828336,0.364761,0.19799,0.0175,0.00161721
-0.732515,0.457393,0.191985,0.045,0.00217492
-0.746615,0.43145,0.211432,0.025,0.00217492
-0.774094,0.468714,0.199439,0.0125,0.00217492
-0.75134,0.429877,0.167342,0.0225,0.00217492
-0.749914,0.468452,0.161985,0.0175,0.00217492
-0.727012,0.493108,0.198626,0.0175,0.00217492
-0.653399,0.538417,0.186474,0.045,0.00305969
-0.661519,0.552147,0.218026,0.025,0.00305969
-0.69605,0.530952,0.192611,0.0125,0.00305969
-0.650808,0.509151,0.215723,0.0225,0.00305969
-0.663113,0.504123,0.179089,0.0175,0.00305969
-0.664915,0.546092,0.152438,0.0175,0.00305969
-0.557656,0.497817,0.187532,0.045,0.00230845
-0.568602,0.512672,0.217691,0.025,0.00230845
-0.53441,0.479283,0.219604,0.0125,0.00230845
-0.533159,0.529824,0.197237,0.0225,0.00230845
-0.521985,0.4965,0.180404,0.0175,0.00230845
-0.55859,0.46321,0.175226,0.0175,0.00230845
-0.461832,0.508407,0.108622,0.045,0.00257408
-0.446194,0.539827,0.104351,0.025,0.00257408
-0.422535,0.505347,0.127566,0.0125,0.00257408
-0.438152,0.507909,0.0745959,0.0225,0.00257408
-0.443751,0.47824,0.099236,0.0175,0.00257408
-0.471996,0.489686,0.138559,0.0175,0.00257408
-0.330047,0.302836,0.13425,0.045,0.0124934
-0.304371,0.29645,0.157702,0.025,0.0124934
-0.336689,0.330275,0.167649,0.0125,0.0124934
-0.343238,0.275614,0.162599,0.0225,0.0124934
-0.364624,0.303414,0.145612,0.0175,0.0124934
-0.338859,0.332682,0.114715,0.0175,0.0124934
-0.134527,0.463074,0.115431,0.045,0.00388787
-0.122011,0.458897,0.0826301,0.025,0.00388787
-0.0919185,0.472777,0.117116,0.0125,0.00388787
-0.118916,0.424924,0.111002,0.0225,0.00388787
-0.117278,0.446931,0.143123,0.0175,0.00388787
-0.136788,0.49235,0.137517,0.0175,0.00388787
-0.875691,0.640217,0.181306,0.045,0.000793651
-0.887759,0.654153,0.211475,0.025,0.000793651
-0.858943,0.680532,0.183884,0.0125,0.000793651
-0.910122,0.66212,0.173989,0.0225,0.000793651
-0.879223,0.659162,0.150425,0.0175,0.000793651
-0.841791,0.632473,0.16944,0.0175,0.000793651
-0.79917,0.679506,0.207015,0.045,0.00281385
-0.816688,0.698867,0.230853,0.025,0.00281385
-0.779897,0.67208,0.245563,0.0125,0.00281385
-0.780346,0.716091,0.21211,0.0225,0.00281385
-0.762876,0.68188,0.205541,0.0175,0.00281385
-0.794192,0.643284,0.203385,0.0175,0.00281385
-0.595196,0.718733,0.116171,0.045,0.0044079
-0.592449,0.700232,0.146174,0.025,0.0044079
-0.59187,0.676709,0.104535,0.0125,0.0044079
-0.555247,0.712513,0.125343,0.0225,0.0044079
-0.570895,0.713125,0.0896566,0.0175,0.0044079
-0.620317,0.718815,0.0893579,0.0175,0.0044079
-0.47061,0.702361,0.119856,0.045,0.00233103
-0.471863,0.718647,0.151212,0.025,0.00233103
-0.442888,0.680948,0.146038,0.0125,0.00233103
-0.440529,0.73079,0.122238,0.0225,0.00233103
-0.438227,0.696212,0.104411,0.0175,0.00233103
-0.479013,0.668162,0.109377,0.0175,0.00233103
-0.277443,0.781946,0.0462265,0.045,0.00428871
-0.260799,0.766825,0.0735088,0.025,0.00428871
-0.252739,0.749983,0.029476,0.0125,0.00428871
-0.240076,0.799171,0.0513037,0.0225,0.00428871
-0.258003,0.792556,0.0173386,0.0175,0.00428871
-0.301622,0.769044,0.0217545,0.0175,0.00428871
-0.376516,0.558952,0.127887,0.045,0.0152113
-0.3974,0.579328,0.107919,0.025,0.0152113
-0.370491,0.600039,0.141602,0.0125,0.0152113
-0.355183,0.573629,0.0955103,0.0225,0.0152113
-0.341395,0.56781,0.131493,0.0175,0.0152113
-0.375688,0.552251,0.164003,0.0175,0.0152113
-0.282004,0.620922,0.114157,0.045,0.00596421
-0.313431,0.605875,0.108157,0.025,0.00596421
-0.286696,0.589615,0.144329,0.0125,0.00596421
-0.310998,0.638835,0.137763,0.0225,0.00596421
-0.273937,0.632189,0.147816,0.0175,0.00596421
-0.247705,0.607776,0.113307,0.0175,0.00596421
-0.954314,0.618032,0.134573,0.045,0.000670449
-0.974804,0.60211,0.158587,0.025,0.000670449
-0.932536,0.619673,0.172461,0.0125,0.000670449
-0.977507,0.646188,0.154272,0.0225,0.000670449
-0.94087,0.651053,0.141911,0.0175,0.000670449
-0.92082,0.610307,0.121594,0.0175,0.000670449
-0.852424,0.857198,0.0465889,0.045,0.001175
-0.857442,0.871214,0.0786567,0.025,0.001175
-0.824099,0.890323,0.0501862,0.0125,0.001175
-0.879034,0.888895,0.0441613,0.0225,0.001175
-0.85231,0.879124,0.0175331,0.0175,0.001175
-0.823437,0.840901,0.030963,0.0175,0.001175
-0.68174,0.87284,0.120494,0.045,0.00330888
-0.686363,0.843655,0.139907,0.025,0.00330888
-0.713322,0.882025,0.149316,0.0125,0.00330888
-0.712232,0.849826,0.10439,0.0225,0.00330888
-0.710747,0.888758,0.105321,0.0175,0.00330888
-0.671037,0.9069,0.129175,0.0175,0.00330888
-0.52716,0.938523,0.12616,0.045,0.00289131
-0.516249,0.963272,0.103391,0.025,0.00289131
-0.562661,0.951763,0.104323,0.0125,0.00289131
-0.531575,0.976154,0.142987,0.0225,0.00289131
-0.555446,0.945744,0.147903,0.0175,0.00289131
-0.542799,0.905627,0.121338,0.0175,0.00289131
-0.347804,0.938332,0.130092,0.045,0.00110244
-0.315371,0.94481,0.142587,0.025,0.00110244
-0.324401,0.953592,0.0964478,0.0125,0.00110244
-0.344774,0.978027,0.141659,0.0225,0.00110244
-0.365035,0.964326,0.111319,0.0175,0.00110244
-0.360248,0.915307,0.104304,0.0175,0.00110244
-0.250333,0.86867,0.0446053,0.045,0.00154755
-0.282389,0.878325,0.0559723,0.025,0.00154755
-0.257776,0.846071,0.0812985,0.0125,0.00154755
-0.246891,0.899489,0.0721199,0.0225,0.00154755
-0.222333,0.869532,0.0678493,0.0175,0.00154755
-0.236654,0.836384,0.0336277,0.0175,0.00154755
-0.167863,0.831034,0.0447836,0.045,0.00136079
-0.160678,0.804165,0.066611,0.025,0.00136079
-0.155709,0.848891,0.0828086,0.0125,0.00136079
-0.201377,0.821821,0.0673825,0.0225,0.00136079
-0.190299,0.85741,0.0560041,0.0175,0.00136079
-0.147118,0.858202,0.0313111,0.0175,0.00136079
0.0538855,0.706927,0.128957,0.045,0.00266675
0.0720486,0.737044,0.125338,0.025,0.00266675
0.042266,0.72382,0.090329,0.0125,0.00266675
0.031105,0.738876,0.142339,0.0225,0.00266675
0.0178584,0.707279,0.123768,0.0175,0.00266675
0.0535977,0.675718,0.10957,0.0175,0.00266675
-0.955596,-0.833949,0.164122,0.045,0.00262871
-0.943036,-0.830198,0.196957,0.025,0.00262871
-0.922804,-0.862598,0.168176,0.0125,0.00262871
-0.923696,-0.80747,0.164122,0.0225,0.00262871
-0.932365,-0.833139,0.136109,0.0175,0.00262871
-0.971298,-0.86224,0.146712,0.0175,0.00262871
-0.809684,-0.902615,0.19561,0.045,0.00457855
-0.794276,-0.930764,0.210449,0.025,0.00457855
-0.772169,-0.908983,0.174057,0.0125,0.00457855
-0.783083,-0.890351,0.224949,0.0225,0.00457855
-0.790325,-0.872093,0.191289,0.0175,0.00457855
-0.822129,-0.896255,0.16163,0.0175,0.00457855
-0.654562,-0.864579,0.142858,0.045,0.0044815
-0.625081,-0.884051,0.14154,0.025,0.0044815
-0.624427,-0.842993,0.166062,0.0125,0.0044815
-0.652602,-0.889527,0.175911,0.0225,0.0044815
-0.666838,-0.853256,0.175201,0.0175,0.0044815
-0.662356,-0.830649,0.131112,0.0175,0.0044815
-0.567704,-0.949527,0.227694,0.045,0.00153116
-0.567679,-0.97514,0.203322,0.025,0.00153116
-0.542085,-0.981377,0.243241,0.0125,0.00153116
-0.596847,-0.977615,0.236666,0.0225,0.00153116
-0.57496,-0.958083,0.262322,0.0175,0.00153116
-0.540964,-0.928388,0.241408,0.0175,0.00153116
-0.449926,-0.870802,0.12692,0.045,0.00537901
-0.453584,-0.887285,0.157983,0.025,0.00537901
-0.410965,-0.868757,0.146677,0.0125,0.00537901
-0.459019,-0.843272,0.156553,0.0225,0.00537901
-0.435269,-0.837491,0.126201,0.0175,0.00537901
-0.428911,-0.87768,0.0975764,0.0175,0.00537901
-0.319168,-0.887418,0.100593,0.045,0.00482639
-0.293553,-0.888165,0.12495,0.025,0.00482639
-0.337958,-0.900309,0.137919,0.0125,0.00482639
-0.303196,-0.92559,0.103152,0.0225,0.00482639
-0.34053,-0.916606,0.0965028,0.0175,0.00482639
-0.350114,-0.867806,0.0978153,0.0175,0.00482639
-0.220301,-0.782057,0.0449486,0.045,0.00408792
-0.19481,-0.786947,0.0689556,0.025,0.00408792
-0.224652,-0.74996,0.0743311,0.0125,0.00408792
-0.234922,-0.804225,0.0767846,0.0225,0.00408792
-0.254611,-0.777586,0.056255,0.0175,0.00408792
-0.227342,-0.7546,0.0215701,0.0175,0.00408792
-0.955817,-0.496603,0.223512,0.045,0.000938134
-0.959856,-0.528797,0.209468,0.025,0.000938134
-0.928792,-0.49861,0.189188,0.0125,0.000938134
-0.927383,-0.522473,0.239037,0.0225,0.000938134
-0.922257,-0.484679,0.23103,0.0175,0.000938134
-0.961846,-0.462877,0.210237,0.0175,0.000938134
-0.783978,-0.706172,0.13444,0.045,0.00384183
-0.751002,-0.708923,0.146889,0.025,0.00384183
-0.765816,-0.740264,0.113939,0.0125,0.00384183
-0.757759,-0.685739,0.109666,0.0225,0.00384183
-0.789298,-0.705686,0.0984339,0.0175,0.00384183
-0.812852,-0.728864,0.135622,0.0175,0.00384183
-0.705647,-0.656558,0.154332,0.045,0.00797749
-0.672754,-0.666677,0.146226,0.025,0.00797749
-0.69757,-0.641341,0.114136,0.0125,0.00797749
-0.678812,-0.626461,0.163965,0.0225,0.00797749
-0.714927,-0.62161,0.150149,0.0175,0.00797749
-0.738296,-0.664167,0.139294,0.0175,0.00797749
-0.603933,-0.866069,0.216917,0.045,0.00845312
-0.637656,-0.870456,0.226588,0.025,0.00845312
-0.603143,-0.88524,0.256215,0.0125,0.00845312
-0.616276,-0.834007,0.240122,0.0225,0.00845312
-0.580816,-0.850173,0.24011,0.0175,0.00845312
-0.576736,-0.889915,0.210463,0.0175,0.00845312
-0.565449,-0.866423,0.298122,0.045,0.00909867
-0.591982,-0.888876,0.291654,0.025,0.00909867
-0.569976,-0.890913,0.33407,0.0125,0.00909867
-0.601071,-0.850694,0.31235,0.0225,0.00909867
-0.565952,-0.846828,0.328795,0.0175,0.00909867
-0.529798,-0.871653,0.305308,0.0175,0.00909867
-0.38833,-0.77006,0.201003,0.045,0.00451696
-0.401405,-0.801122,0.211688,0.025,0.00451696
-0.419598,-0.760943,0.230187,0.0125,0.00451696
-0.421586,-0.779961,0.178316,0.0225,0.00451696
-0.411283,-0.744153,0.189734,0.0175,0.00451696
-0.370974,-0.74305,0.218871,0.0175,0.00451696
-0.33092,-0.642564,0.107371,0.045,0.00783361
-0.361092,-0.629607,0.0942647,0.025,0.00783361
-0.326054,-0.641414,0.0639259,0.0125,0.00783361
-0.356365,-0.673635,0.0970819,0.0225,0.00783361
-0.317544,-0.673519,0.0936646,0.0175,0.00783361
-0.296268,-0.630388,0.106396,0.0175,0.00783361
-0.510792,-0.462598,0.349991,0.045,0.0279582
-0.478664,-0.476677,0.345561,0.025,0.0279582
-0.512451,-0.485809,0.312964,0.0125,0.0279582
-0.487795,-0.438019,0.325788,0.0225,0.0279582
-0.526087,-0.444428,0.322406,0.0175,0.0279582
-0.543956,-0.477652,0.354838,0.0175,0.0279582
-0.894035,-0.432884,0.211007,0.045,0.00180346
-0.882519,-0.463357,0.224748,0.025,0.00180346
-0.859699,-0.445153,0.186861,0.0125,0.00180346
-0.863782,-0.425516,0.238378,0.0225,0.00180346
-0.870225,-0.40595,0.205296,0.0175,0.00180346
-0.907596,-0.424185,0.177985,0.0175,0.00180346
-0.799897,-0.445594,0.231004,0.045,0.00441884
-0.767187,-0.43898,0.219328,0.025,0.00441884
-0.800226,-0.404573,0.215847,0.0125,0.00441884
-0.777638,-0.427375,0.260859,0.0225,0.00441884
-0.815604,-0.422032,0.253876,0.0175,0.00441884
-0.832485,-0.446629,0.214064,0.0175,0.00441884
-0.712194,-0.479691,0.205138,0.045,0.00798719
-0.717245,-0.509513,0.223444,0.025,0.00798719
-0.681534,-0.480417,0.236313,0.0125,0.00798719
-0.736167,-0.472157,0.238113,0.0225,0.00798719
-0.709354,-0.448173,0.223127,0.0175,0.00798719
-0.684022,-0.467524,0.184932,0.0175,0.00798719
-0.653925,-0.58411,0.327232,0.045,0.0168441
-0.624743,-0.603881,0.329972,0.025,0.0168441
-0.626651,-0.562331,0.353582,0.0125,0.0168441
-0.656384,-0.608384,0.360751,0.0225,0.0168441
-0.669988,-0.572003,0.357571,0.0175,0.0168441
-0.659795,-0.550359,0.313951,0.0175,0.0168441
-0.542863,-0.595462,0.470304,0.045,0.0784688
-0.542095,-0.573817,0.442359,0.025,0.0784688
-0.50427,-0.601857,0.450754,0.0125,0.0784688
-0.555884,-0.615578,0.436472,0.0225,0.0784688
-0.534873,-0.630665,0.465621,0.0175,0.0784688
-0.522078,-0.597605,0.500526,0.0175,0.0784688
-0.367844,-0.541864,0.601313,0.045,0.0162137
-0.378423,-0.566163,0.57791,0.025,0.0162137
-0.41156,-0.54197,0.602489,0.0125,0.0162137
-0.375448,-0.523899,0.564731,0.0225,0.0162137
-0.38226,-0.508472,0.599865,0.0175,0.0162137
-0.372017,-0.539093,0.637712,0.0175,0.0162137
-0.384783,-0.413388,0.629984,0.045,0.0240558
-0.36397,-0.398488,0.605595,0.025,0.0240558
-0.404476,-0.376248,0.617931,0.0125,0.0240558
-0.359144,-0.386218,0.647961,0.0225,0.0240558
-0.396054,-0.393372,0.658221,0.0175,0.0240558
-0.419261,-0.426023,0.628719,0.0175,0.0240558
-0.946712,-0.19715,0.328252,0.045,0.00272261
-0.928725,-0.204643,0.298751,0.025,0.00272261
-0.96103,-0.169392,0.297642,0.0125,0.00272261
-0.913354,-0.172696,0.325432,0.0225,0.00272261
-0.948164,-0.162658,0.339792,0.0175,0.00272261
-0.982509,-0.198493,0.336427,0.0175,0.00272261
-0.868114,-0.194565,0.260929,0.045,0.00338391
-0.847659,-0.221436,0.250461,0.025,0.00338391
-0.844169,-0.179609,0.22753,0.0125,0.00338391
-0.831226,-0.192417,0.279729,0.0225,0.00338391
-0.852767,-0.162256,0.267686,0.0175,0.00338391
-0.894437,-0.175405,0.2439,0.0175,0.00338391
-0.791121,-0.146331,0.24411,0.045,0.00366061
-0.801865,-0.180007,0.244802,0.025,0.00366061
-0.800363,-0.157223,0.202777,0.0125,0.00366061
-0.759079,-0.171554,0.236637,0.0225,0.00366061
-0.765111,-0.136553,0.220597,0.0175,0.00366061
-0.807926,-0.11519,0.234218,0.0175,0.00366061
-0.576973,-0.286569,0.236955,0.045,0.00422687
-0.558634,-0.30487,0.212898,0.025,0.00422687
-0.535364,-0.286473,0.250415,0.0125,0.00422687
-0.573785,-0.326188,0.248741,0.0225,0.00422687
-0.573323,-0.295046,0.272166,0.0175,0.00422687
-0.575231,-0.251581,0.248037,0.0175,0.00422687
-0.607551,-0.235009,0.533066,0.045,0.0259849
-0.607769,-0.264619,0.552385,0.025,0.0259849
-0.565683,-0.245589,0.539969,0.0125,0.0259849
-0.604956,-0.225622,0.573363,0.0225,0.0259849
-0.587326,-0.206836,0.544122,0.0175,0.0259849
-0.594732,-0.227475,0.499466,0.0175,0.0259849
-0.421186,-0.240673,0.541849,0.045,0.0315902
-0.425932,-0.240186,0.506817,0.025,0.0315902
-0.464011,-0.246399,0.535082,0.0125,0.0315902
-0.431062,-0.202366,0.529447,0.0225,0.0315902
-0.441945,-0.219337,0.562798,0.0175,0.0315902
-0.426991,-0.266576,0.567252,0.0175,0.0315902
-0.480875,-0.131207,0.335142,0.045,0.0188708
-0.464943,-0.162337,0.329933,0.025,0.0188708
-0.448973,-0.124073,0.306093,0.0125,0.0188708
-0.448137,-0.134729,0.360333,0.0225,0.0188708
-0.460564,-0.102065,0.34309,0.0175,0.0188708
-0.499329,-0.108778,0.312639,0.0175,0.0188708
-0.309458,-0.154039,0.124761,0.045,0.0300027
-0.282239,-0.13615,0.111009,0.025,0.0300027
-0.291164,-0.132009,0.157814,0.0125,0.0300027
-0.274566,-0.176057,0.128822,0.0225,0.0300027
-0.303996,-0.174561,0.154324,0.0175,0.0300027
-0.34035,-0.143151,0.141408,0.0175,0.0300027
-0.92994,-0.0138407,0.294966,0.045,0.00146667
-0.919069,-0.0405118,0.315471,0.025,0.00146667
-0.897721,-0.0338505,0.273193,0.0125,0.00146667
-0.897794,-0.00166593,0.318142,0.0225,0.00146667
-0.905274,0.00929425,0.281499,0.0175,0.00146667
-0.945024,-0.0129305,0.261475,0.0175,0.00146667
-0.826793,0.0563307,0.39952,0.045,0.00319044
-0.825064,0.0214246,0.404865,0.025,0.00319044
-0.818803,0.0382209,0.360524,0.0125,0.00319044
-0.787405,0.0448789,0.405535,0.0225,0.00319044
-0.799876,0.0727888,0.381364,0.0175,0.00319044
-0.849392,0.0772016,0.379428,0.0175,0.00319044
-0.763015,0.0575342,0.286955,0.045,0.000663879
-0.748305,0.0348768,0.309764,0.025,0.000663879
-0.742346,0.081792,0.316902,0.0125,0.000663879
-0.788433,0.0513399,0.319116,0.0225,0.000663879
-0.783406,0.0848134,0.299802,0.0175,0.000663879
-0.748671,0.0826129,0.264254,0.0175,0.000663879
-0.646363,0.105227,0.360664,0.045,0.00636959
-0.661901,0.123872,0.334956,0.025,0.00636959
-0.688218,0.110002,0.372406,0.0125,0.00636959
-0.645949,0.145566,0.370221,0.0225,0.00636959
-0.650378,0.115987,0.395206,0.0175,0.00636959
-0.652018,0.0712605,0.373483,0.0175,0.00636959
-0.577072,0.073535,0.408176,0.045,0.00898255
-0.607047,0.0644525,0.424577,0.025,0.00898255
-0.574351,0.0306039,0.416051,0.0125,0.00898255
-0.571633,0.0747189,0.449259,0.0225,0.00898255
-0.545231,0.0636787,0.422805,0.0175,0.00898255
-0.562347,0.0633424,0.376094,0.0175,0.00898255
-0.536592,0.122951,0.540192,0.045,0.0139534
-0.547294,0.0932414,0.524291,0.025,0.0139534
-0.501559,0.0968845,0.537801,0.0125,0.0139534
-0.547398,0.0947898,0.568634,0.0225,0.0139534
-0.518354,0.120605,0.571606,0.0175,0.0139534
-0.511828,0.148454,0.530902,0.0175,0.0139534
-0.496758,0.0711555,0.350292,0.045,0.0122332
-0.512521,0.0700572,0.38192,0.025,0.0122332
-0.469952,0.0488852,0.376712,0.0125,0.0122332
-0.483291,0.102461,0.3739,0.0225,0.0122332
-0.462147,0.0822274,0.348166,0.0175,0.0122332
-0.486903,0.0448362,0.326624,0.0175,0.0122332
-0.947866,0.151236,0.357058,0.045,0.000867502
-0.939099,0.179559,0.337799,0.025,0.000867502
-0.96643,0.145762,0.317841,0.0125,0.000867502
-0.977627,0.179968,0.359804,0.0225,0.000867502
-0.982843,0.141354,0.359056,0.0175,0.000867502
-0.940835,0.115402,0.352993,0.0175,0.000867502
-0.826175,0.327191,0.247684,0.045,0.00265587
-0.807054,0.321972,0.276961,0.025,0.00265587
-0.793288,0.300657,0.236419,0.0125,0.00265587
-0.794943,0.354413,0.249218,0.0225,0.00265587
-0.80928,0.33754,0.217147,0.0175,0.00265587
-0.845186,0.304298,0.226132,0.0175,0.00265587
-0.693799,0.379766,0.213313,0.045,0.00105604
-0.720768,0.357161,0.209897,0.025,0.00105604
-0.684071,0.353932,0.179395,0.0125,0.00105604
-0.685573,0.344726,0.233886,0.0225,0.00105604
-0.659842,0.366714,0.214567,0.0175,0.00105604
-0.680124,0.405534,0.190975,0.0175,0.00105604
-0.633976,0.44801,0.189791,0.045,0.00123434
-0.60323,0.447252,0.172353,0.025,0.00123434
-0.625688,0.489161,0.177525,0.0125,0.00123434
-0.602779,0.456453,0.215757,0.0225,0.00123434
-0.638451,0.472119,0.216694,0.0175,0.00123434
-0.66802,0.457279,0.179539,0.0175,0.00123434
-0.627453,0.283635,0.524449,0.045,0.012843
-0.660409,0.295609,0.519918,0.025,0.012843
-0.631319,0.293472,0.482014,0.0125,0.012843
-0.652298,0.252581,0.512739,0.0225,0.012843
-0.615004,0.257397,0.502505,0.0175,0.012843
-0.594559,0.299329,0.519788,0.0175,0.012843
-0.604856,0.456355,0.360412,0.045,0.00946034
-0.600706,0.463337,0.394822,0.025,0.00946034
-0.562003,0.462365,0.366739,0.0125,0.00946034
-0.604812,0.497345,0.36662,0.0225,0.00946034
-0.58978,0.478653,0.335906,0.0175,0.00946034
-0.592625,0.429084,0.339041,0.0175,0.00946034
-0.558661,0.261326,0.378907,0.045,0.00635865
-0.560631,0.226916,0.386785,0.025,0.00635865
-0.572034,0.258893,0.420473,0.0125,0.00635865
-0.597256,0.247561,0.372602,0.0225,0.00635865
-0.58722,0.28275,0.386009,0.0175,0.00635865
-0.538253,0.288695,0.392488,0.0175,0.00635865
0.0811071,0.288565,0.0448751,0.045,0.00202911
0.059943,0.309232,0.0255112,0.025,0.00202911
0.0745962,0.324956,0.0682375,0.0125,0.00202911
0.103831,0.314964,0.0223928,0.0225,0.00202911
0.111862,0.302531,0.0584439,0.0175,0.00202911
0.0769565,0.27285,0.0778271,0.0175,0.00202911
-0.882858,0.486922,0.214609,0.045,0.00189439
-0.864301,0.516172,0.221685,0.025,0.00189439
-0.895074,0.516773,0.185076,0.0125,0.00189439
-0.904816,0.511978,0.239283,0.0225,0.00189439
-0.918983,0.489378,0.21087,0.0175,0.00189439
-0.884083,0.464892,0.185229,0.0175,0.00189439
-0.80549,0.572856,0.195016,0.045,0.00171033
-0.784633,0.54436,0.193291,0.025,0.00171033
-0.765656,0.587311,0.184205,0.0125,0.00171033
-0.786337,0.567129,0.231336,0.0225,0.00171033
-0.794779,0.601426,0.214867,0.0175,0.00171033
-0.81566,0.59764,0.16987,0.0175,0.00171033
-0.694082,0.612941,0.217348,0.045,0.00600698
-0.703337,0.579162,0.212518,0.025,0.00600698
-0.657104,0.590998,0.209373,0.0125,0.00600698
-0.690929,0.592165,0.253085,0.0225,0.00600698
-0.667451,0.62078,0.240892,0.0175,0.00600698
-0.678107,0.637619,0.195308,0.0175,0.00600698
-0.545756,0.648673,0.142103,0.045,0.00541612
-0.511485,0.642853,0.148554,0.025,0.00541612
-0.526409,0.687891,0.142523,0.0125,0.00541612
-0.538274,0.651878,0.182754,0.0225,0.00541612
-0.563613,0.673204,0.162213,0.0175,0.00541612
-0.563388,0.663415,0.113437,0.0175,0.00541612
-0.446521,0.613481,0.146672,0.045,0.00337124
-0.443241,0.583388,0.128405,0.025,0.00337124
-0.403957,0.60905,0.137664,0.0125,0.00337124
-0.437575,0.582224,0.172397,0.0225,0.00337124
-0.425137,0.619018,0.175605,0.0175,0.00337124
-0.439392,0.648504,0.138156,0.0175,0.00337124
-0.458288,0.517836,0.201079,0.045,0.265714
-0.426617,0.531701,0.193682,0.025,0.265714
-0.437181,0.521515,0.239203,0.0125,0.265714
-0.430408,0.487559,0.196106,0.0225,0.265714
-0.460077,0.487671,0.221374,0.0175,0.265714
-0.486435,0.529864,0.221404,0.0175,0.265714
-0.509223,0.491305,0.609995,0.045,0.0172076
-0.523682,0.468661,0.587013,0.025,0.0172076
-0.551429,0.502273,0.606705,0.0125,0.0172076
-0.508821,0.507639,0.571892,0.0225,0.0172076
-0.514379,0.527024,0.60524,0.0175,0.0172076
-0.515608,0.497919,0.645569,0.0175,0.0172076
-0.955866,0.454533,0.25394,0.045,0.00099493
-0.960147,0.477997,0.227842,0.025,0.00099493
-0.923156,0.447755,0.225715,0.0125,0.00099493
-0.977391,0.437412,0.222918,0.0225,0.00099493
-0.951271,0.41941,0.245555,0.0175,0.00099493
-0.928946,0.449366,0.278407,0.0175,0.00099493
-0.879502,0.760003,0.128872,0.045,0.00139446
-0.846257,0.747979,0.129284,0.025,0.00139446
-0.85729,0.78597,0.156163,0.0125,0.00139446
-0.874411,0.733576,0.160407,0.0225,0.00139446
-0.896686,0.765554,0.160477,0.0175,0.00139446
-0.894091,0.79208,0.11847,0.0175,0.00139446
-0.708828,0.77862,0.155416,0.045,0.00483292
-0.718997,0.811583,0.163163,0.025,0.00483292
-0.75126,0.781213,0.145156,0.0125,0.00483292
-0.724775,0.77988,0.193664,0.0225,0.00483292
-0.728343,0.750649,0.168138,0.0175,0.00483292
-0.707643,0.759859,0.123847,0.0175,0.00483292
-0.521266,0.776161,0.118091,0.045,0.00260223
-0.532788,0.809318,0.122321,0.025,0.00260223
-0.519434,0.795022,0.0786771,0.0125,0.00260223
-0.561852,0.778186,0.109878,0.0225,0.00260223
-0.535745,0.755642,0.091741,0.0175,0.00260223
-0.488968,0.762373,0.107285,0.0175,0.00260223
-0.346074,0.851559,0.0446568,0.045,0.00197961
-0.324913,0.830253,0.0633183,0.025,0.00197961
-0.318385,0.877535,0.0663594,0.0125,0.00197961
-0.361144,0.846681,0.0829694,0.0225,0.00197961
-0.362674,0.879201,0.0615486,0.0175,0.00197961
-0.33942,0.875637,0.0177135,0.0175,0.00197961
-0.474233,0.778505,0.202814,0.045,0.00693353
-0.466204,0.812623,0.207454,0.025,0.00693353
-0.437737,0.785861,0.17987,0.0125,0.00693353
-0.490284,0.801128,0.172003,0.0225,0.00693353
-0.475674,0.765125,0.168993,0.0175,0.00693353
-0.456448,0.747511,0.211361,0.0175,0.00693353
-0.0361252,0.741228,0.117804,0.045,0.00395481
-0.0198148,0.715567,0.0997623,0.025,0.00395481
-0.0327921,0.707161,0.145022,0.0125,0.00395481
-0.0641769,0.716145,0.100406,0.0225,0.00395481
-0.0672495,0.733648,0.13509,0.0175,0.00395481
-0.0269897,0.759781,0.148173,0.0175,0.00395481
-0.0389318,0.546887,0.11022,0.045,0.00353906
-0.0451389,0.553115,0.0759753,0.025,0.00353906
-0.0542731,0.509533,0.0934322,0.0125,0.00353906
-0.0785331,0.557892,0.104798,0.0225,0.00353906
-0.0651483,0.531816,0.130482,0.0175,0.00353906
-0.0161486,0.523769,0.127438,0.0175,0.00353906
-0.955148,0.817657,0.121745,0.045,0.00127863
-0.949336,0.782796,0.122686,0.025,0.00127863
-0.92375,0.811145,0.151482,0.0125,0.00127863
-0.977963,0.80032,0.151706,0.0225,0.00127863
-0.961105,0.835435,0.152946,0.0175,0.00127863
-0.933656,0.846099,0.112848,0.0175,0.00127863
-0.800874,0.916425,0.124277,0.045,0.00177602
-0.797153,0.889626,0.101518,0.025,0.00177602
-0.762806,0.897186,0.133933,0.0125,0.00177602
-0.815297,0.881419,0.141169,0.0225,0.00177602
-0.796684,0.910095,0.159877,0.0175,0.00177602
-0.781093,0.946823,0.130163,0.0175,0.00177602
-0.691936,0.951379,0.217399,0.045,0.00144363
-0.678467,0.975583,0.23937,0.025,0.00144363
-0.687622,0.988163,0.194144,0.0125,0.00144363
-0.722519,0.973567,0.23446,0.0225,0.00144363
-0.721657,0.959638,0.198074,0.0175,0.00144363
-0.679275,0.936376,0.18634,0.0175,0.00144363
-0.437457,0.939499,0.129234,0.045,0.00162231
-0.461884,0.963759,0.121185,0.025,0.00162231
-0.471503,0.917713,0.112539,0.0125,0.00162231
-0.464074,0.94376,0.160733,0.0225,0.00162231
-0.44712,0.910625,0.149183,0.0175,0.00162231
-0.418656,0.915541,0.108678,0.0175,0.00162231
-0.203444,0.955139,0.0876703,0.045,0.00425332
-0.231342,0.949466,0.108635,0.025,0.00425332
-0.21299,0.912593,0.0843226,0.0125,0.00425332
-0.190707,0.942581,0.125071,0.0225,0.00425332
-0.174245,0.933644,0.0908967,0.0175,0.00425332
-0.198605,0.951618,0.0514185,0.0175,0.00425332
-0.300489,0.862936,0.121178,0.045,0.00330171
-0.297289,0.831858,0.104627,0.025,0.00330171
-0.290369,0.833527,0.151922,0.0125,0.00330171
-0.336444,0.842349,0.122672,0.0225,0.00330171
-0.32175,0.865167,0.150639,0.0175,0.00330171
-0.27665,0.883402,0.140226,0.0175,0.00330171
-0.466978,0.851283,0.527953,0.045,0.0268503
-0.455495,0.817905,0.525934,0.025,0.0268503
-0.476101,0.837486,0.48747,0.0125,0.0268503
-0.42853,0.850467,0.512465,0.0225,0.0268503
-0.457021,0.874992,0.50219,0.0175,0.0268503
-0.500422,0.86618,0.524855,0.0175,0.0268503
-0.955434,-0.645836,0.24506,0.045,0.001206
-0.924515,-0.651037,0.228721,0.025,0.001206
-0.964496,-0.666978,0.207866,0.0125,0.001206
-0.948323,-0.615121,0.218139,0.0225,0.001206
-0.982956,-0.630921,0.226484,0.0175,0.001206
-0.980619,-0.669057,0.258346,0.0175,0.001206
-0.86682,-0.954699,0.149707,0.045,0.00245327
-0.894442,-0.934334,0.158212,0.025,0.00245327
-0.896602,-0.981149,0.167761,0.0125,0.00245327
-0.863619,-0.942266,0.189127,0.0225,0.00245327
-0.852803,-0.976904,0.174915,0.0175,0.00245327
-0.863158,-0.983068,0.126647,0.0175,0.00245327
-0.739486,-0.955795,0.244393,0.045,0.00411943
-0.741239,-0.947268,0.27866,0.025,0.00411943
-0.711702,-0.922545,0.250309,0.0125,0.00411943
-0.76692,-0.925217,0.249972,0.0225,0.00411943
-0.743094,-0.929543,0.219437,0.0175,0.00411943
-0.712044,-0.968216,0.223353,0.0175,0.00411943
-0.655585,-0.947399,0.210883,0.045,0.00293214
-0.687307,-0.933641,0.203505,0.025,0.00293214
-0.684879,-0.978884,0.218825,0.0125,0.00293214
-0.672663,-0.931946,0.245355,0.0225,0.00293214
-0.650494,-0.963905,0.242924,0.0175,0.00293214
-0.63688,-0.975573,0.196518,0.0175,0.00293214
-0.549346,-0.950843,0.323755,0.045,0.00333823
-0.559797,-0.925101,0.345621,0.025,0.00333823
-0.592609,-0.947046,0.318615,0.0125,0.00333823
-0.561705,-0.967088,0.35984,0.0225,0.00333823
-0.566694,-0.982834,0.324542,0.0175,0.00333823
-0.550501,-0.954242,0.287189,0.0175,0.00333823
-0.476789,-0.955414,0.22898,0.045,0.00361076
-0.457542,-0.928441,0.241308,0.025,0.00361076
-0.470848,-0.928073,0.195369,0.0125,0.00361076
-0.501745,-0.924599,0.241081,0.0225,0.00361076
-0.50747,-0.948343,0.210713,0.0175,0.00361076
-0.470357,-0.980556,0.202971,0.0175,0.00361076
-0.145274,-0.954573,0.12311,0.045,0.0212927
-0.128369,-0.926288,0.135923,0.025,0.0212927
-0.166691,-0.942722,0.15935,0.0125,0.0212927
-0.117367,-0.96639,0.151399,0.0225,0.0212927
-0.152318,-0.982527,0.145334,0.0175,0.0212927
-0.179506,-0.959414,0.110671,0.0175,0.0212927
-0.0119858,-0.654864,0.0460491,0.045,0.00777217
-0.0397568,-0.649718,0.0247822,0.025,0.00777217
-0.0069782,-0.682238,0.0123135,0.0125,0.00777217
-0.0419667,-0.682025,0.0551154,0.0225,0.00777217
-0.00360248,-0.688776,0.0562835,0.0175,0.00777217
0.0241439,-0.650375,0.0410999,0.0175,0.00777217
-0.873395,-0.616812,0.196042,0.045,0.00141575
-0.900696,-0.598563,0.18294,0.025,0.00141575
-0.906976,-0.644731,0.193737,0.0125,0.00141575
-0.896544,-0.601821,0.226996,0.0225,0.00141575
-0.878047,-0.63612,0.226547,0.0175,0.00141575
-0.854932,-0.646053,0.183628,0.0175,0.00141575
-0.792941,-0.791658,0.171476,0.045,0.00357525
-0.827357,-0.798133,0.176341,0.025,0.00357525
-0.799737,-0.790657,0.214666,0.0125,0.00357525
-0.81383,-0.755938,0.174018,0.0225,0.00357525
-0.777946,-0.762693,0.187636,0.0175,0.00357525
-0.762657,-0.809682,0.181869,0.0175,0.00357525
-0.665421,-0.80059,0.208634,0.045,0.00468693
-0.695156,-0.796735,0.1899,0.025,0.00468693
-0.693037,-0.77785,0.23379,0.0125,0.00468693
-0.664705,-0.764506,0.188232,0.0225,0.00468693
-0.650112,-0.771221,0.223739,0.0175,0.00468693
-0.658275,-0.817326,0.240553,0.0175,0.00468693
-0.66047,-0.87502,0.29259,0.045,0.00861402
-0.692256,-0.890113,0.289151,0.025,0.00861402
-0.678168,-0.875843,0.332573,0.0125,0.00861402
-0.6895,-0.845858,0.287531,0.0225,0.00861402
-0.657809,-0.843194,0.310055,0.0175,0.00861402
-0.630383,-0.884681,0.311337,0.0175,0.00861402
-0.533152,-0.671652,0.167365,0.045,0.00799259
-0.5679,-0.673624,0.173584,0.025,0.00799259
-0.537716,-0.676907,0.21054,0.0125,0.00799259
-0.547941,-0.634146,0.177026,0.0225,0.00799259
-0.513006,-0.648385,0.186803,0.0175,0.00799259
-0.505684,-0.695492,0.172579,0.0175,0.00799259
-0.503759,-0.856161,0.468718,0.045,0.0104182
-0.483571,-0.827143,0.469338,0.025,0.0104182
-0.503069,-0.84069,0.427819,0.0125,0.0104182
-0.527457,-0.822556,0.474,0.0225,0.0104182
-0.536801,-0.854387,0.453549,0.0175,0.0104182
-0.500436,-0.888251,0.451133,0.0175,0.0104182
-0.189114,-0.698155,0.052104,0.045,0.00782265
-0.196634,-0.676917,0.0248576,0.025,0.00782265
-0.155955,-0.70205,0.0238584,0.0125,0.00782265
-0.208343,-0.719639,0.0223139,0.0225,0.00782265
-0.179926,-0.732759,0.0455333,0.0175,0.00782265
-0.161605,-0.698367,0.0764607,0.0175,0.00782265
-0.953396,-0.274141,0.272918,0.045,0.00163599
-0.941215,-0.290225,0.301951,0.025,0.00163599
-0.919927,-0.299187,0.26007,0.0125,0.00163599
-0.922175,-0.252238,0.289174,0.0225,0.00163599
-0.929956,-0.256654,0.251244,0.0175,0.00163599
-0.96823,-0.287022,0.241869,0.0175,0.00163599
-0.826979,-0.572392,0.260056,0.045,0.00593457
-0.830196,-0.593874,0.287952,0.025,0.00593457
-0.812226,-0.611534,0.247298,0.0125,0.00593457
-0.791439,-0.573294,0.281385,0.0225,0.00593457
-0.795046,-0.570657,0.24267,0.0175,0.00593457
-0.842059,-0.572904,0.226555,0.0175,0.00593457
-0.78091,-0.646653,0.202341,0.045,0.00754172
-0.803985,-0.619868,0.202621,0.025,0.00754172
-0.813146,-0.658375,0.229469,0.0125,0.00754172
-0.772549,-0.621114,0.23391,0.0225,0.00754172
-0.768824,-0.659907,0.234016,0.0175,0.00754172
-0.783876,-0.681767,0.191938,0.0175,0.00754172
-0.680045,-0.640553,0.238752,0.045,0.0103696
-0.671228,-0.664395,0.21418,0.025,0.0103696
-0.674202,-0.678438,0.259803,0.0125,0.0103696
-0.713906,-0.660609,0.225714,0.0225,0.0103696
-0.706952,-0.648272,0.262021,0.0175,0.0103696
-0.662175,-0.627451,0.268061,0.0175,0.0103696
-0.591743,-0.632576,0.246616,0.045,0.0126492
-0.578545,-0.665223,0.249785,0.025,0.0126492
-0.549682,-0.627904,0.257642,0.0125,0.0126492
-0.593895,-0.644926,0.286133,0.0225,0.0126492
-0.586616,-0.608736,0.273641,0.0175,0.0126492
-0.583604,-0.604665,0.22415,0.0175,0.0126492
-0.512608,-0.598445,0.222773,0.045,0.00823431
-0.524093,-0.630839,0.231063,0.025,0.00823431
-0.477064,-0.622185,0.232024,0.0125,0.00823431
-0.517369,-0.601685,0.263828,0.0225,0.00823431
-0.489602,-0.581531,0.245348,0.0175,0.00823431
-0.490955,-0.586008,0.195819,0.0175,0.00823431
-0.30175,-0.492774,0.0890827,0.045,0.00448527
-0.309262,-0.491836,0.0545473,0.025,0.00448527
-0.263505,-0.495313,0.0680269,0.0125,0.00448527
-0.304958,-0.531356,0.0742544,0.0225,0.00448527
-0.280178,-0.519207,0.10177,0.0175,0.00448527
-0.282409,-0.470339,0.110822,0.0175,0.00448527
0.141622,-0.472399,0.115299,0.045,0.00401512
0.163095,-0.450516,0.132908,0.025,0.00401512
0.138265,-0.483121,0.157564,0.0125,0.00401512
0.178712,-0.490163,0.120541,0.0225,0.00401512
0.144186,-0.508226,0.121202,0.0175,0.00401512
0.105268,-0.477608,0.116414,0.0175,0.00401512
-0.857417,-0.361436,0.257597,0.045,0.00310038
-0.883219,-0.339375,0.247719,0.025,0.00310038
-0.886021,-0.360256,0.290656,0.0125,0.00310038
-0.849563,-0.32326,0.271727,0.0225,0.00310038
-0.841584,-0.356725,0.290034,0.0175,0.00310038
-0.857269,-0.397249,0.265809,0.0175,0.00310038
-0.783591,-0.340528,0.304655,0.045,0.00750997
-0.801731,-0.325996,0.278014,0.025,0.00750997
-0.79384,-0.299952,0.317346,0.0125,0.00750997
-0.757921,-0.319253,0.280015,0.0225,0.00750997
-0.755354,-0.322409,0.318773,0.0175,0.00750997
-0.79257,-0.348137,0.339462,0.0175,0.00750997
-0.699314,-0.35908,0.28279,0.045,0.0115475
-0.701325,-0.349587,0.316788,0.025,0.0115475
-0.661841,-0.33857,0.292148,0.0125,0.0115475
-0.713629,-0.32029,0.285818,0.0225,0.0115475
-0.690116,-0.334091,0.257972,0.0175,0.0115475
-0.676522,-0.381478,0.264656,0.0175,0.0115475
-0.623799,-0.390265,0.318645,0.045,0.0143299
-0.65749,-0.389277,0.329319,0.025,0.0143299
-0.6483,-0.392097,0.282467,0.0125,0.0143299
-0.638514,-0.42882,0.322615,0.0225,0.0143299
-0.613319,-0.416416,0.295595,0.0175,0.0143299
-0.60379,-0.367634,0.29773,0.0175,0.0143299
-0.559087,-0.365842,0.546301,0.045,0.0351397
-0.559954,-0.398699,0.533277,0.025,0.0351397
-0.549312,-0.392575,0.579502,0.0125,0.0351397
-0.596517,-0.382542,0.552533,0.0225,0.0351397
-0.577745,-0.358356,0.576646,0.0175,0.0351397
-0.532125,-0.345845,0.561241,0.0175,0.0351397
-0.368165,-0.393727,0.245487,0.045,0.00975286
-0.343436,-0.381979,0.223117,0.025,0.00975286
-0.357221,-0.35363,0.259087,0.0125,0.00975286
-0.330422,-0.401962,0.260534,0.0225,0.00975286
-0.361863,-0.392006,0.281297,0.0175,0.00975286
-0.401903,-0.381672,0.253638,0.0175,0.00975286
-0.324969,-0.199736,0.402628,0.045,0.00393226
-0.299951,-0.199506,0.377647,0.025,0.00393226
-0.289362,-0.21766,0.42061,0.0125,0.00393226
-0.324875,-0.235909,0.382374,0.0225,0.00393226
-0.331977,-0.230752,0.420344,0.0175,0.00393226
-0.327188,-0.183636,0.435581,0.0175,0.00393226
-0.955323,-0.0473938,0.374477,0.045,0.00146804
-0.956186,-0.0420107,0.40941,0.025,0.00146804
-0.923016,-0.0193255,0.383474,0.0125,0.00146804
-0.978019,-0.0137757,0.383049,0.0225,0.00146804
-0.954749,-0.0186365,0.352168,0.0175,0.00146804
-0.929774,-0.0616627,0.352259,0.0175,0.00146804
-0.835964,-0.15975,0.338739,0.045,0.00497449
-0.815143,-0.153251,0.310914,0.025,0.00497449
-0.837438,-0.195482,0.313569,0.0125,0.00497449
-0.85855,-0.144766,0.307369,0.0225,0.00497449
-0.869825,-0.171832,0.333042,0.0175,0.00497449
-0.834429,-0.184929,0.365454,0.0175,0.00497449
-0.753377,-0.194917,0.308911,0.045,0.00578543
-0.787165,-0.192575,0.298767,0.025,0.00578543
-0.777155,-0.213132,0.340775,0.0125,0.00578543
-0.770544,-0.160648,0.324713,0.0225,0.00578543
-0.744047,-0.183307,0.342125,0.0175,0.00578543
-0.73155,-0.223651,0.315834,0.0175,0.00578543
-0.729959,0.0609379,0.374898,0.045,0.00389872
-0.753133,0.0757802,0.352701,0.025,0.00389872
-0.733388,0.102876,0.38681,0.0125,0.00389872
-0.709889,0.0784565,0.343133,0.0225,0.00389872
-0.697711,0.0769926,0.380123,0.0175,0.00389872
-0.730268,0.0559388,0.411297,0.0175,0.00389872
-0.553274,0.0274792,0.548427,0.045,0.0165826
-0.58053,0.0339925,0.569983,0.025,0.0165826
-0.551845,-0.0030133,0.579742,0.0125,0.0165826
-0.540896,0.0511735,0.580114,0.0225,0.0165826
-0.520067,0.0232083,0.562711,0.0175,0.0165826
-0.544834,-0.00130125,0.527203,0.0175,0.0165826
-0.509711,0.0246181,0.469903,0.045,0.0182872
-0.501465,0.0197196,0.435874,0.025,0.0182872
-0.51147,-0.018502,0.462828,0.0125,0.0182872
-0.54427,0.0231095,0.447052,0.0225,0.0182872
-0.539881,0.00917522,0.483182,0.0175,0.0182872
-0.493678,0.0136301,0.501083,0.0175,0.0182872
-0.447716,-0.0378809,0.485646,0.045,0.0213136
-0.436413,-0.00451362,0.488625,0.025,0.0213136
-0.404341,-0.0399252,0.490835,0.0125,0.0213136
-0.435975,-0.023562,0.448553,0.0225,0.0213136
-0.431483,-0.0599729,0.461699,0.0175,0.0213136
-0.446628,-0.0665244,0.508632,0.0175,0.0213136
0.352315,0.0145912,0.138578,0.045,0.0085753
0.361907,-0.0178562,0.148833,0.025,0.0085753
0.343694,0.0120856,0.181379,0.0125,0.0085753
0.31965,-0.0109028,0.137224,0.0225,0.0085753
0.319113,0.0267644,0.147206,0.0175,0.0085753
0.364064,0.0480596,0.148161,0.0175,0.0085753
-0.861362,0.171514,0.34504,0.045,0.00209219
-0.890668,0.190899,0.341124,0.025,0.00209219
-0.856979,0.206053,0.371504,0.0125,0.00209219
-0.855152,0.200925,0.316489,0.0225,0.00209219
-0.82891,0.187739,0.342106,0.0175,0.00209219
-0.846928,0.154039,0.373959,0.0175,0.00209219
-0.797574,0.235413,0.316776,0.045,0.00256042
-0.797984,0.265991,0.299034,0.025,0.00256042
-0.755782,0.246165,0.309683,0.0125,0.00256042
-0.795742,0.228131,0.276004,0.0225,0.00256042
-0.777692,0.207771,0.303905,0.0175,0.00256042
-0.784201,0.226081,0.349702,0.0175,0.00256042
-0.663954,0.28264,0.293298,0.045,0.00543948
-0.694174,0.27271,0.30873,0.025,0.00543948
-0.654629,0.275731,0.335462,0.0125,0.00543948
-0.682951,0.315626,0.309723,0.0225,0.00543948
-0.644488,0.309534,0.308223,0.0175,0.00543948
-0.631735,0.265582,0.288714,0.0175,0.00543948
-0.626886,0.363326,0.270441,0.045,0.00640595
-0.621574,0.343133,0.298972,0.025,0.00640595
-0.586086,0.347907,0.267265,0.0125,0.00640595
-0.609057,0.385675,0.300464,0.0225,0.00640595
-0.602488,0.389051,0.262199,0.0175,0.00640595
-0.627012,0.35581,0.234476,0.0175,0.00640595
-0.5168,0.187228,0.599888,0.045,0.0109013
-0.533076,0.18928,0.568569,0.025,0.0109013
-0.558802,0.177416,0.607103,0.0125,0.0109013
-0.533301,0.224941,0.594969,0.0225,0.0109013
-0.530936,0.204974,0.628352,0.0175,0.0109013
-0.511631,0.159401,0.623317,0.0175,0.0109013
-0.626974,0.25881,0.436624,0.045,0.00568416
-0.639523,0.22714,0.427162,0.025,0.00568416
-0.593868,0.230572,0.440993,0.0125,0.00568416
-0.640228,0.23827,0.470108,0.0225,0.00568416
-0.609459,0.262122,0.468361,0.0175,0.00568416
-0.600297,0.279986,0.422841,0.0175,0.00568416
-0.447439,0.15031,0.556324,0.045,0.0156646
-0.425678,0.146102,0.583869,0.025,0.0156646
-0.407159,0.146306,0.539773,0.0125,0.0156646
-0.431929,0.186996,0.567826,0.0225,0.0156646
-0.439664,0.175634,0.53136,0.0175,0.0156646
-0.455724,0.128683,0.527799,0.0175,0.0156646
-0.900405,0.198161,0.26353,0.045,0.00156845
-0.921636,0.17607,0.281171,0.025,0.00156845
-0.905152,0.214945,0.303633,0.0125,0.00156845
-0.939714,0.211019,0.260665,0.0225,0.00156845
-0.908154,0.233727,0.263313,0.0175,0.00156845
-0.865585,0.208592,0.268897,0.0175,0.00156845
-0.794703,0.492169,0.247445,0.045,0.00429149
-0.79796,0.471346,0.275832,0.025,0.00429149
-0.825182,0.510558,0.27285,0.0125,0.00429149
-0.825435,0.464968,0.24158,0.0225,0.00429149
-0.824619,0.501886,0.229124,0.0175,0.00429149
-0.784258,0.527174,0.243496,0.0175,0.00429149
-0.710011,0.519372,0.254587,0.045,0.00633066
-0.733044,0.515569,0.28114,0.025,0.00633066
-0.694494,0.543055,0.287916,0.0125,0.00633066
-0.737526,0.550377,0.253991,0.0225,0.00633066
-0.69975,0.552882,0.24475,0.0175,0.00633066
-0.674529,0.510478,0.251138,0.0175,0.00633066
-0.645938,0.616432,0.310443,0.045,0.0275761
-0.624432,0.616549,0.282381,0.025,0.0275761
-0.612543,0.589986,0.320335,0.0125,0.0275761
-0.655108,0.584639,0.285465,0.0225,0.0275761
-0.656604,0.584554,0.324408,0.0175,0.0275761
-0.641178,0.626979,0.345316,0.0175,0.0275761
-0.549111,0.526784,0.283242,0.045,0.0272524
-0.559217,0.53021,0.316949,0.025,0.0272524
-0.520576,0.503796,0.307113,0.0125,0.0272524
-0.528645,0.558148,0.301024,0.0225,0.0272524
-0.514436,0.533472,0.274416,0.0175,0.0272524
-0.54623,0.497594,0.261114,0.0175,0.0272524
-0.470146,0.428543,0.187621,0.045,0.0113259
-0.461895,0.456562,0.167699,0.025,0.0113259
-0.472923,0.415387,0.146007,0.0125,0.0113259
-0.504647,0.448734,0.176631,0.0225,0.0113259
-0.50073,0.41015,0.180458,0.0175,0.0113259
-0.4545,0.395538,0.191604,0.0175,0.0113259
-0.574615,0.454791,0.521597,0.045,0.0078638
-0.600955,0.438838,0.538966,0.025,0.0078638
-0.563396,0.412669,0.52511,0.0125,0.0078638
-0.566132,0.453608,0.56216,0.0225,0.0078638
-0.540411,0.450023,0.533103,0.0175,0.0078638
-0.560949,0.45027,0.487792,0.0175,0.0078638
-0.52736,0.433038,0.321887,0.045,0.00792047
-0.527116,0.453197,0.350931,0.025,0.00792047
-0.508675,0.409135,0.353384,0.0125,0.00792047
-0.491227,0.453148,0.324841,0.0225,0.00792047
-0.496464,0.417006,0.311236,0.0175,0.00792047
-0.543446,0.400912,0.314194,0.0175,0.00792047
-0.877973,0.731216,0.23057,0.045,0.00178513
-0.868016,0.697979,0.223776,0.025,0.00178513
-0.860984,0.715554,0.267699,0.0125,0.00178513
-0.908269,0.704946,0.241093,0.0225,0.00178513
-0.898761,0.737838,0.259708,0.0175,0.00178513
-0.859151,0.761124,0.240634,0.0175,0.00178513
-0.70414,0.699399,0.197024,0.045,0.00613762
-0.688809,0.717678,0.223117,0.025,0.00613762
-0.676749,0.727634,0.177918,0.0125,0.00613762
-0.725069,0.734523,0.203878,0.0225,0.00613762
-0.719297,0.717484,0.169308,0.0175,0.00613762
-0.690629,0.676875,0.171331,0.0175,0.00613762
-0.632226,0.761644,0.198773,0.045,0.00715618
-0.661597,0.779648,0.206723,0.025,0.00715618
-0.638408,0.756859,0.241801,0.0125,0.00715618
-0.622406,0.79998,0.21113,0.0225,0.00715618
-0.602064,0.767519,0.218286,0.0175,0.00715618
-0.623594,0.726018,0.201281,0.0175,0.00715618
-0.550371,0.882708,0.558369,0.045,0.00830312
-0.545445,0.893063,0.591813,0.025,0.00830312
-0.510537,0.90068,0.560018,0.0125,0.00830312
-0.561274,0.922481,0.56261,0.0225,0.00830312
-0.544266,0.906424,0.531438,0.0175,0.00830312
-0.532852,0.858342,0.537169,0.0175,0.00830312
-0.383884,0.675267,0.128986,0.045,0.00185524
-0.404443,0.655724,0.107882,0.025,0.00185524
-0.358329,0.661166,0.0964204,0.0125,0.00185524
-0.381131,0.635293,0.139629,0.0225,0.00185524
-0.352265,0.661459,0.140587,0.0175,0.00185524
-0.365093,0.706337,0.12337,0.0175,0.00185524
-0.465987,0.679181,0.20797,0.045,0.0043154
-0.498262,0.687126,0.22002,0.025,0.0043154
-0.493164,0.649316,0.191178,0.0125,0.0043154
-0.473975,0.657477,0.242377,0.0225,0.0043154
-0.4537,0.645098,0.211483,0.0175,0.0043154
-0.451859,0.677846,0.174079,0.0175,0.0043154
-0.481641,0.648153,0.512955,0.045,0.0323988
-0.466907,0.670948,0.535612,0.025,0.0323988
-0.44576,0.663653,0.493337,0.0125,0.0323988
-0.494712,0.686642,0.504801,0.0225,0.0323988
-0.487546,0.658684,0.478615,0.0175,0.0323988
-0.469745,0.616618,0.498326,0.0175,0.0323988
-0.951738,0.746769,0.182555,0.045,0.00105527
-0.957469,0.72226,0.207384,0.025,0.00105527
-0.987885,0.759007,0.203913,0.0125,0.00105527
-0.977903,0.717977,0.168232,0.0225,0.00105527
-0.979,0.756121,0.160321,0.0175,0.00105527
-0.944634,0.782766,0.184487,0.0175,0.00105527
-0.886144,0.955995,0.12101,0.045,0.00138987
-0.853953,0.95906,0.135306,0.025,0.00138987
-0.89065,0.947283,0.163628,0.0125,0.00138987
-0.867586,0.918939,0.122143,0.0225,0.00138987
-0.905561,0.925891,0.127468,0.0175,0.00138987
-0.917573,0.974161,0.126679,0.0175,0.00138987
-0.776573,0.828986,0.127204,0.045,0.00338802
-0.761518,0.854118,0.107411,0.025,0.00338802
-0.809096,0.854139,0.1123,0.0125,0.00338802
-0.769735,0.862843,0.150132,0.0225,0.00338802
-0.800174,0.838697,0.153159,0.0175,0.00338802
-0.80052,0.802271,0.119277,0.0175,0.00338802
-0.485673,0.861877,0.145248,0.045,0.00195307
-0.492082,0.848352,0.177279,0.025,0.00195307
-0.460021,0.826677,0.149176,0.0125,0.00195307
-0.458287,0.87672,0.172606,0.0225,0.00195307
-0.451229,0.868108,0.135259,0.0175,0.00195307
-0.490167,0.848428,0.111353,0.0175,0.00195307
-0.446004,0.94512,0.265055,0.045,0.0136332
-0.458603,0.975,0.250967,0.025,0.0136332
-0.478777,0.958138,0.290919,0.0125,0.0136332
-0.427789,0.977883,0.282762,0.0225,0.0136332
-0.43741,0.944501,0.300421,0.0175,0.0136332
-0.461239,0.912219,0.271008,0.0175,0.0136332
-0.313658,0.948472,0.581146,0.045,0.0103863
-0.286595,0.966421,0.567166,0.025,0.0103863
-0.330869,0.983681,0.561739,0.0125,0.0103863
-0.300767,0.977579,0.607705,0.0225,0.0103863
-0.337593,0.966102,0.602153,0.0175,0.0103863
-0.34299,0.932237,0.566111,0.0175,0.0103863
-0.538341,0.869343,0.394024,0.045,0.0554985
-0.56205,0.884096,0.415709,0.025,0.0554985
-0.570617,0.840212,0.398729,0.0125,0.0554985
-0.530976,0.857627,0.433104,0.0225,0.0554985
-0.526329,0.835738,0.401197,0.0175,0.0554985
-0.540342,0.858191,0.359072,0.0175,0.0554985
-0.303663,0.70785,0.105899,0.045,0.00271235
-0.27384,0.724613,0.0969817,0.025,0.00271235
-0.30063,0.705382,0.0623419,0.0125,0.00271235
-0.311927,0.747369,0.0964837,0.0225,0.00271235
-0.334632,0.716617,0.0888964,0.0175,0.00271235
-0.314591,0.672993,0.101947,0.0175,0.00271235
-0.955405,-0.759628,0.226825,0.045,0.00325631
-0.971596,-0.790288,0.233739,0.025,0.00325631
-0.931666,-0.790811,0.207419,0.0125,0.00325631
-0.93875,-0.777134,0.260513,0.0225,0.00325631
-0.919731,-0.756601,0.233395,0.0175,0.00325631
-0.948323,-0.741911,0.195425,0.0175,0.00325631
-0.779974,-0.872655,0.289544,0.045,0.00854775
-0.76082,-0.902336,0.291014,0.025,0.00854775
-0.738017,-0.860376,0.288379,0.0125,0.00854775
-0.769625,-0.880876,0.328839,0.0225,0.00854775
-0.77237,-0.845548,0.312618,0.0175,0.00854775
-0.783005,-0.846394,0.264026,0.0175,0.00854775
-0.71753,-0.872676,0.218842,0.045,0.00513707
-0.688601,-0.889407,0.23038,0.025,0.00513707
-0.696651,-0.844617,0.245096,0.0125,0.00513707
-0.725275,-0.890796,0.255317,0.0225,0.00513707
-0.739523,-0.856667,0.243029,0.0175,0.00513707
-0.722173,-0.842323,0.198664,0.0175,0.00513707
-0.68787,-0.887544,0.41216,0.045,0.0171318
-0.680065,-0.922026,0.41187,0.025,0.0171318
-0.644842,-0.890553,0.419373,0.0125,0.0171318
-0.688715,-0.90256,0.450793,0.0225,0.0171318
-0.676597,-0.867101,0.440089,0.0175,0.0171318
-0.677123,-0.859557,0.390918,0.0175,0.0171318
-0.525229,-0.820938,0.367993,0.045,0.0168704
-0.509754,-0.843401,0.390487,0.025,0.0168704
-0.545987,-0.816436,0.40622,0.0125,0.0168704
-0.545879,-0.856883,0.368533,0.0225,0.0168704
-0.561478,-0.821375,0.36471,0.0175,0.0168704
-0.528414,-0.784334,0.367838,0.0175,0.0168704
-0.240328,-0.943685,0.124971,0.045,0.0377579
-0.212583,-0.926384,0.11152,0.025,0.0377579
-0.231581,-0.962396,0.0864243,0.0125,0.0377579
-0.253374,-0.913395,0.0998497,0.0225,0.0377579
-0.269934,-0.948388,0.104323,0.0175,0.0377579
-0.24516,-0.978691,0.135031,0.0175,0.0377579
-0.178759,-0.861661,0.127395,0.045,0.0114461
-0.166016,-0.830473,0.138116,0.025,0.0114461
-0.189919,-0.832536,0.0967405,0.0125,0.0114461
-0.20791,-0.840917,0.148338,0.0225,0.0114461
-0.213707,-0.864017,0.117491,0.0175,0.0114461
-0.17185,-0.882384,0.0978507,0.0175,0.0114461
-0.955318,-0.559687,0.28759,0.045,0.00170641
-0.975018,-0.584355,0.271671,0.025,0.00170641
-0.947109,-0.556343,0.244766,0.0125,0.00170641
-0.933142,-0.594331,0.282423,0.0225,0.00170641
-0.919777,-0.557807,0.279956,0.0175,0.00170641
-0.954942,-0.523019,0.285271,0.0175,0.00170641
-0.884928,-0.7059,0.212761,0.045,0.00357131
-0.856756,-0.716086,0.193983,0.025,0.00357131
-0.875803,-0.673074,0.185345,0.0125,0.00357131
-0.850225,-0.691891,0.230598,0.0225,0.00357131
-0.884476,-0.673362,0.229073,0.0175,0.00357131
-0.919379,-0.697517,0.203125,0.0175,0.00357131
-0.71605,-0.726608,0.212447,0.045,0.00714344
-0.69496,-0.728278,0.18412,0.025,0.00714344
-0.704015,-0.685519,0.203541,0.0125,0.00714344
-0.676412,-0.728625,0.224426,0.0225,0.00714344
-0.704765,-0.708333,0.241835,0.0175,0.00714344
-0.748503,-0.710376,0.218218,0.0175,0.00714344
-0.630589,-0.786953,0.294978,0.045,0.00731493
-0.605368,-0.762306,0.292451,0.025,0.00731493
-0.650856,-0.749474,0.285123,0.0125,0.00731493
-0.626246,-0.76739,0.331271,0.0225,0.00731493
-0.659617,-0.780456,0.315959,0.0175,0.00731493
-0.654629,-0.80035,0.270635,0.0175,0.00731493
-0.623281,-0.829456,0.384419,0.045,0.0184808
-0.621696,-0.853962,0.409854,0.025,0.0184808
-0.613482,-0.867207,0.364637,0.0125,0.0184808
-0.584174,-0.833768,0.397486,0.0225,0.0184808
-0.595618,-0.826529,0.360943,0.0175,0.0184808
-0.645007,-0.825657,0.355033,0.0175,0.0184808
-0.54572,-0.719486,0.278711,0.045,0.0120071
-0.529318,-0.736738,0.304852,0.025,0.0120071
-0.504974,-0.703685,0.28031,0.0125,0.0120071
-0.548473,-0.697754,0.313909,0.0225,0.0120071
-0.544459,-0.683114,0.278016,0.0175,0.0120071
-0.539494,-0.717645,0.242547,0.0175,0.0120071
-0.44563,-0.819738,0.619531,0.045,0.0555094
-0.445279,-0.854714,0.614374,0.025,0.0555094
-0.451363,-0.825979,0.576627,0.0125,0.0555094
-0.407368,-0.832175,0.609526,0.0225,0.0555094
-0.424202,-0.798631,0.59903,0.0175,0.0555094
-0.47143,-0.794167,0.614014,0.0175,0.0555094
0.230233,-0.601335,0.198329,0.045,0.00205439
0.204707,-0.583294,0.181808,0.025,0.00205439
0.214193,-0.627955,0.167562,0.0125,0.00205439
0.193487,-0.609867,0.215524,0.0225,0.00205439
0.223049,-0.6348,0.210715,0.0175,0.00205439
0.262071,-0.615478,0.186655,0.0175,0.00205439
-0.876645,-0.49639,0.285913,0.045,0.00479036
-0.880411,-0.529286,0.273516,0.025,0.00479036
-0.852485,-0.498746,0.249537,0.0125,0.00479036
-0.845917,-0.520407,0.299974,0.0225,0.00479036
-0.843135,-0.482808,0.290109,0.0175,0.00479036
-0.885226,-0.463527,0.2719,0.0175,0.00479036
-0.76862,-0.510712,0.288534,0.045,0.00931839
-0.734653,-0.51302,0.298067,0.025,0.00931839
-0.749365,-0.473959,0.274716,0.0125,0.00931839
-0.762912,-0.492115,0.325145,0.0225,0.00931839
-0.787366,-0.480689,0.297035,0.0175,0.00931839
-0.785015,-0.508331,0.255738,0.0175,0.00931839
-0.714278,-0.443136,0.309793,0.045,0.0099665
-0.685331,-0.451103,0.328465,0.025,0.0099665
-0.684443,-0.412715,0.29995,0.0125,0.0099665
-0.714275,-0.422125,0.345533,0.0225,0.0099665
-0.727442,-0.409228,0.311196,0.0175,0.0099665
-0.720661,-0.441171,0.273663,0.0175,0.0099665
-0.71841,-0.530305,0.363847,0.045,0.0335498
-0.704886,-0.546935,0.391964,0.025,0.0335498
-0.676668,-0.539044,0.354162,0.0125,0.0335498
-0.69997,-0.502941,0.388945,0.0225,0.0335498
-0.70066,-0.5017,0.35,0.0175,0.0335498
-0.72329,-0.540678,0.328939,0.0175,0.0335498
-0.609914,-0.492102,0.422594,0.045,0.050041
-0.581072,-0.487131,0.402759,0.025,0.050041
-0.581021,-0.471088,0.447816,0.0125,0.050041
-0.582961,-0.522977,0.428841,0.0225,0.050041
-0.606306,-0.506965,0.455625,0.0175,0.050041
-0.63321,-0.468694,0.438699,0.0175,0.050041
-0.569495,-0.408261,0.397895,0.045,0.0398258
-0.598331,-0.388553,0.403381,0.025,0.0398258
-0.603354,-0.435917,0.399022,0.0125,0.0398258
-0.577989,-0.406605,0.438439,0.0225,0.0398258
-0.563583,-0.437234,0.419123,0.0175,0.0398258
-0.559304,-0.430008,0.370088,0.0175,0.0398258
-0.483312,-0.511289,0.256379,0.045,0.0209143
-0.516357,-0.511625,0.243814,0.025,0.0209143
-0.481741,-0.532176,0.21799,0.0125,0.0209143
-0.502232,-0.546527,0.267289,0.0225,0.0209143
-0.464638,-0.5425,0.257844,0.0175,0.0209143
-0.452171,-0.496455,0.243721,0.0175,0.0209143
-0.955338,-0.277176,0.379679,0.045,0.00152096
-0.966295,-0.265017,0.34834,0.025,0.00152096
-0.920899,-0.279393,0.352817,0.0125,0.00152096
-0.967658,-0.308737,0.355786,0.0225,0.00152096
-0.93809,-0.309196,0.381169,0.0175,0.00152096
-0.929696,-0.265391,0.403207,0.0175,0.00152096
-0.822944,-0.250434,0.314672,0.045,0.00467975
-0.851203,-0.257025,0.294474,0.025,0.00467975
-0.816426,-0.229242,0.276976,0.0125,0.00467975
-0.815463,-0.282946,0.29006,0.0225,0.00467975
-0.789698,-0.255768,0.300841,0.0175,0.00467975
-0.809166,-0.219336,0.328568,0.0175,0.00467975
-0.761593,-0.262882,0.243891,0.045,0.00546929
-0.737431,-0.253699,0.219768,0.025,0.00546929
-0.736641,-0.232134,0.262451,0.0125,0.00546929
-0.72696,-0.284985,0.249438,0.0225,0.00546929
-0.750598,-0.271732,0.277444,0.0175,0.00546929
-0.788301,-0.243982,0.260608,0.0175,0.00546929
-0.675978,-0.187756,0.265746,0.045,0.00595305
-0.683122,-0.214575,0.243844,0.025,0.00595305
-0.673102,-0.171698,0.225171,0.0125,0.00595305
-0.640742,-0.206107,0.253895,0.0225,0.00595305
-0.645889,-0.16801,0.260289,0.0175,0.00595305
-0.692679,-0.155584,0.271749,0.0175,0.00595305
-0.541998,-0.0570984,0.491803,0.045,0.0170561
-0.544055,-0.0629291,0.526614,0.025,0.0170561
-0.518749,-0.0254489,0.511047,0.0125,0.0170561
-0.573114,-0.0350214,0.508026,0.0225,0.0170561
-0.549656,-0.0239131,0.478955,0.0175,0.0170561
-0.513656,-0.056595,0.468426,0.0175,0.0170561
-0.530962,-0.207527,0.573307,0.045,0.0147503
-0.551927,-0.181962,0.560781,0.025,0.0147503
-0.571974,-0.219422,0.582744,0.0125,0.0147503
-0.539082,-0.179979,0.603205,0.0225,0.0147503
-0.535095,-0.218475,0.607775,0.0175,0.0147503
-0.527949,-0.243243,0.565225,0.0175,0.0147503
-0.49086,-0.192739,0.492075,0.045,0.0242418
-0.475666,-0.224426,0.49596,0.025,0.0242418
-0.475612,-0.194213,0.533036,0.0125,0.0242418
-0.518025,-0.219562,0.508241,0.0225,0.0242418
-0.515178,-0.181646,0.516785,0.0175,0.0242418
-0.477565,-0.158533,0.493849,0.0175,0.0242418
-0.453628,0.0155697,0.276334,0.045,0.0358885
-0.455339,0.0213658,0.311169,0.025,0.0358885
-0.414295,0.0304359,0.288352,0.0125,0.0358885
-0.463509,0.0551692,0.283613,0.0225,0.0358885
-0.441073,0.0419493,0.25462,0.0175,0.0358885
-0.433112,-0.00713947,0.256002,0.0175,0.0358885
-0.911658,0.0458031,0.368237,0.045,0.00173381
-0.892456,0.0326152,0.394833,0.025,0.00173381
-0.870718,0.0421325,0.353308,0.0125,0.00173381
-0.894068,0.0766505,0.389633,0.0225,0.00173381
-0.899952,0.075719,0.35112,0.0175,0.00173381
-0.919538,0.0330376,0.334697,0.0175,0.00173381
-0.872918,-0.0379009,0.407784,0.045,0.00428445
-0.84156,-0.0440953,0.392674,0.025,0.00428445
-0.850777,-0.0636519,0.435336,0.0125,0.00428445
-0.874336,-0.0733086,0.386265,0.0225,0.00428445
-0.892549,-0.0660396,0.419943,0.0175,0.00428445
-0.88243,-0.0212706,0.439136,0.0175,0.00428445
-0.737574,0.142811,0.298484,0.045,0.00642077
-0.704079,0.131597,0.296945,0.025,0.00642077
-0.728,0.138213,0.256061,0.0125,0.00642077
-0.712026,0.175148,0.293968,0.0225,0.00642077
-0.74756,0.171474,0.278391,0.0175,0.00642077
-0.769261,0.127679,0.287669,0.0175,0.00642077
-0.615267,0.0715914,0.500507,0.045,0.0102088
-0.646146,0.0572009,0.509961,0.025,0.0102088
-0.606212,0.0421622,0.531563,0.0125,0.0102088
-0.630771,0.0916606,0.533304,0.0225,0.0102088
-0.593106,0.0844548,0.526361,0.0175,0.0102088
-0.584921,0.0573784,0.485436,0.0175,0.0102088
-0.710441,0.263424,0.469836,0.045,0.00797626
-0.725247,0.267789,0.501644,0.025,0.00797626
-0.727038,0.303881,0.470313,0.0125,0.00797626
-0.750776,0.254004,0.468073,0.0225,0.00797626
-0.729872,0.271252,0.440068,0.0175,0.00797626
-0.682711,0.280561,0.452883,0.0175,0.00797626
-0.456889,0.0612078,0.532832,0.045,0.00391608
-0.436457,0.0349166,0.54472,0.025,0.00391608
-0.423079,0.0583662,0.50524,0.0125,0.00391608
-0.427108,0.0764147,0.557339,0.0225,0.00391608
-0.441698,0.0934582,0.525474,0.0175,0.00391608
-0.47544,0.0658893,0.501464,0.0175,0.00391608
-0.428737,0.173318,0.457886,0.045,0.0029211
-0.424651,0.163876,0.491711,0.025,0.0029211
-0.468791,0.172458,0.475418,0.0125,0.0029211
-0.433332,0.132299,0.461773,0.0225,0.0029211
-0.452943,0.155496,0.437357,0.0175,0.0029211
-0.441913,0.203773,0.442111,0.0175,0.0029211
-0.953358,0.196015,0.434595,0.045,0.00145971
-0.941448,0.163981,0.42554,0.025,0.00145971
-0.928226,0.18235,0.467673,0.0125,0.00145971
-0.978277,0.166751,0.45013,0.0225,0.00145971
-0.968932,0.200523,0.467185,0.0175,0.00145971
-0.936195,0.227766,0.441474,0.0175,0.00145971
-0.795216,0.363472,0.333083,0.045,0.0054394
-0.797223,0.334761,0.353618,0.025,0.0054394
-0.754058,0.352192,0.342641,0.0125,0.0054394
-0.794464,0.374569,0.373021,0.0225,0.0054394
-0.774848,0.391607,0.343975,0.0175,0.0054394
-0.780478,0.369197,0.299917,0.0175,0.0054394
-0.738201,0.328196,0.274092,0.045,0.0057708
-0.757465,0.306862,0.253506,0.025,0.0057708
-0.716434,0.290341,0.2717,0.0125,0.0057708
-0.763176,0.304763,0.297457,0.0225,0.0057708
-0.727004,0.316073,0.306537,0.0175,0.0057708
-0.704311,0.341959,0.270621,0.0175,0.0057708
-0.66966,0.414533,0.406301,0.045,0.00942626
-0.689107,0.439225,0.42249,0.025,0.00942626
-0.671516,0.448669,0.379029,0.0125,0.00942626
-0.709265,0.411347,0.394468,0.0225,0.00942626
-0.677946,0.405096,0.372135,0.0175,0.00942626
-0.634691,0.414025,0.395033,0.0175,0.00942626
-0.552973,0.414295,0.228937,0.045,0.00550842
-0.565434,0.42958,0.199593,0.025,0.00550842
-0.577501,0.448052,0.242028,0.0125,0.00550842
-0.528032,0.445372,0.217495,0.0225,0.00550842
-0.536619,0.434954,0.254052,0.0175,0.00550842
-0.569627,0.397871,0.257273,0.0175,0.00550842
-0.393036,0.568486,0.649923,0.045,0.0808078
-0.394964,0.533187,0.650389,0.025,0.0808078
-0.38299,0.555011,0.60955,0.0125,0.0808078
-0.355594,0.552377,0.657495,0.0225,0.0808078
-0.363133,0.584383,0.636578,0.0175,0.0808078
-0.411637,0.594043,0.631192,0.0175,0.0808078
-0.53796,0.348424,0.352416,0.045,0.015209
-0.528761,0.350091,0.386513,0.025,0.015209
-0.515439,0.385585,0.357355,0.0125,0.015209
-0.566049,0.37037,0.373585,0.0225,0.015209
-0.554232,0.377143,0.337072,0.0175,0.015209
-0.518179,0.346599,0.321507,0.0175,0.015209
-0.496448,0.239164,0.312515,0.045,0.00436241
-0.500668,0.240078,0.347606,0.025,0.00436241
-0.465108,0.265402,0.328069,0.0125,0.00436241
-0.519802,0.271739,0.323107,0.0225,0.00436241
-0.49367,0.270512,0.294222,0.0175,0.00436241
-0.4689,0.227473,0.291197,0.0175,0.00436241
-0.878724,0.397963,0.2622,0.045,0.00165978
-0.858777,0.415246,0.285724,0.025,0.00165978
-0.876972,0.439542,0.248763,0.0125,0.00165978
-0.902811,0.415256,0.291174,0.0225,0.00165978
-0.911328,0.411502,0.253331,0.0175,0.00165978
-0.87466,0.391582,0.226245,0.0175,0.00165978
-0.767392,0.620839,0.267205,0.045,0.0027389
-0.764506,0.585652,0.269091,0.025,0.0027389
-0.782258,0.609302,0.306682,0.0125,0.0027389
-0.803099,0.603092,0.255856,0.0225,0.0027389
-0.799181,0.636446,0.275628,0.0175,0.0027389
-0.752057,0.648005,0.286618,0.0175,0.0027389
-0.614952,0.70427,0.285126,0.045,0.0168986
-0.618707,0.724039,0.256055,0.025,0.0168986
-0.656164,0.698686,0.271602,0.0125,0.0168986
-0.63027,0.741456,0.295192,0.0225,0.0168986
-0.639352,0.707464,0.311948,0.0175,0.0168986
-0.61741,0.668072,0.290927,0.0175,0.0168986
-0.585179,0.584496,0.218526,0.045,0.00755145
-0.596201,0.552458,0.228627,0.025,0.00755145
-0.54932,0.559809,0.222663,0.0125,0.00755145
-0.583986,0.581511,0.259859,0.0225,0.00755145
-0.558679,0.600834,0.237389,0.0175,0.00755145
-0.567363,0.596249,0.188618,0.0175,0.00755145
-0.498069,0.59725,0.226003,0.045,0.00750794
-0.51026,0.564167,0.228627,0.025,0.00750794
-0.462972,0.571187,0.227197,0.0125,0.00750794
-0.499671,0.585887,0.265841,0.0225,0.00750794
-0.472615,0.608619,0.249409,0.0175,0.00750794
-0.478117,0.614307,0.200293,0.0175,0.00750794
-0.560981,0.615419,0.486555,0.045,0.0268308
-0.564723,0.620131,0.521395,0.025,0.0268308
-0.536707,0.650262,0.497008,0.0125,0.0268308
-0.591375,0.642623,0.493963,0.0225,0.0268308
-0.566203,0.643693,0.464231,0.0175,0.0268308
-0.53177,0.607811,0.465606,0.0175,0.0268308
-0.510649,0.574576,0.565093,0.045,0.0173837
-0.538001,0.562072,0.546505,0.025,0.0173837
-0.541508,0.605546,0.566133,0.0125,0.0173837
-0.5082,0.587619,0.525816,0.0225,0.0173837
-0.497827,0.607789,0.557507,0.0175,0.0173837
-0.507044,0.584249,0.600355,0.0175,0.0173837
-0.955438,0.372189,0.301201,0.045,0.000963349
-0.932823,0.36018,0.325581,0.025,0.000963349
-0.94185,0.407112,0.323745,0.0125,0.000963349
-0.975448,0.365205,0.336832,0.0225,0.000963349
-0.982681,0.393988,0.311573,0.0175,0.000963349
-0.951378,0.395302,0.272929,0.0175,0.000963349
-0.810574,0.77001,0.185492,0.045,0.00231248
-0.777739,0.776976,0.174384,0.025,0.00231248
-0.813856,0.780992,0.143288,0.0125,0.00231248
-0.802894,0.810628,0.188651,0.0225,0.00231248
-0.836936,0.794268,0.179045,0.0175,0.00231248
-0.835232,0.744676,0.175486,0.0175,0.00231248
-0.675669,0.847506,0.215774,0.045,0.00585235
-0.656474,0.860668,0.242388,0.025,0.00585235
-0.684024,0.890414,0.217016,0.0125,0.00585235
-0.698465,0.848765,0.250379,0.0225,0.00585235
-0.711208,0.855199,0.214117,0.0175,0.00585235
-0.675423,0.853845,0.179583,0.0175,0.00585235
-0.555116,0.817038,0.190708,0.045,0.00320139
-0.569148,0.795362,0.214859,0.025,0.00320139
-0.596397,0.830194,0.196646,0.0125,0.00320139
-0.574758,0.785741,0.171908,0.0225,0.00320139
-0.572964,0.822634,0.159481,0.0175,0.00320139
-0.549043,0.853274,0.190529,0.0175,0.00320139
-0.505669,0.816812,0.284265,0.045,0.0100202
-0.515847,0.804332,0.25279,0.025,0.0100202
-0.517041,0.851557,0.260266,0.0125,0.0100202
-0.473717,0.817301,0.257852,0.0225,0.0100202
-0.481164,0.843699,0.285537,0.0175,0.0100202
-0.523469,0.835516,0.310405,0.0175,0.0100202
-0.527818,0.725115,0.280355,0.045,0.0063839
-0.525228,0.745709,0.308977,0.025,0.0063839
-0.490508,0.747534,0.276134,0.0125,0.0063839
-0.543556,0.762608,0.272272,0.0225,0.0063839
-0.523768,0.740048,0.247407,0.0175,0.0063839
-0.506836,0.697817,0.267527,0.0175,0.0063839
-0.538378,0.700165,0.443847,0.045,0.0188363
-0.55833,0.72403,0.46065,0.025,0.0188363
-0.566704,0.715603,0.414321,0.0125,0.0188363
-0.572998,0.682241,0.457952,0.0225,0.0188363
-0.554665,0.673923,0.424583,0.0175,0.0188363
-0.515239,0.702851,0.415432,0.0175,0.0188363
-0.500527,0.53288,0.365006,0.045,0.0104829
-0.534585,0.527569,0.372873,0.025,0.0104829
-0.518475,0.513757,0.330011,0.0125,0.0104829
-0.50572,0.494703,0.380315,0.0225,0.0104829
-0.480799,0.505093,0.352213,0.0175,0.0104829
-0.483955,0.552978,0.339095,0.0175,0.0104829
-0.950551,0.946689,0.180761,0.045,0.00208289
-0.934127,0.975318,0.193435,0.025,0.00208289
-0.977894,0.980295,0.174804,0.0125,0.00208289
-0.961735,0.953128,0.220159,0.0225,0.00208289
-0.98455,0.939551,0.191631,0.0175,0.00208289
-0.962378,0.937799,0.14713,0.0175,0.00208289
-0.783075,0.955103,0.203121,0.045,0.000946208
-0.794099,0.921514,0.202594,0.025,0.000946208
-0.812615,0.95127,0.235141,0.0125,0.000946208
-0.817376,0.951837,0.180066,0.0225,0.000946208
-0.807793,0.981824,0.203036,0.0175,0.000946208
-0.765658,0.975037,0.228602,0.0175,0.000946208
-0.607742,0.887386,0.172349,0.045,0.00657901
-0.59006,0.895494,0.142826,0.025,0.00657901
-0.603996,0.930953,0.171738,0.0125,0.00657901
-0.567235,0.890618,0.180562,0.0225,0.00657901
-0.596454,0.901206,0.204076,0.0175,0.00657901
-0.641613,0.895626,0.183963,0.0175,0.00657901
-0.517931,0.955453,0.213372,0.045,0.00348972
-0.546477,0.960753,0.193197,0.025,0.00348972
-0.503185,0.964695,0.173252,0.0125,0.00348972
-0.528454,0.92022,0.194223,0.0225,0.00348972
-0.49223,0.932359,0.20192,0.0175,0.00348972
-0.490055,0.977345,0.223052,0.0175,0.00348972
-0.388605,0.863791,0.159564,0.045,0.00170557
-0.412054,0.875926,0.183078,0.025,0.00170557
-0.418001,0.831925,0.165302,0.0125,0.00170557
-0.37787,0.851742,0.197752,0.0225,0.00170557
-0.373427,0.83115,0.164965,0.0175,0.00170557
-0.391855,0.85341,0.124469,0.0175,0.00170557
-0.41348,0.949304,0.438979,0.045,0.0591217
-0.40119,0.916247,0.436482,0.025,0.0591217
-0.424145,0.935123,0.399008,0.0125,0.0591217
-0.37581,0.949492,0.421668,0.0225,0.0591217
-0.405425,0.97319,0.412719,0.0175,0.0591217
-0.447432,0.963265,0.437456,0.0175,0.0591217
-0.214982,0.87982,0.148614,0.045,0.00806144
-0.199547,0.89322,0.119766,0.025,0.00806144
-0.244645,0.877619,0.116555,0.0125,0.00806144
-0.223977,0.920146,0.1452,0.0225,0.00806144
-0.247713,0.892269,0.158549,0.0175,0.00806144
-0.228387,0.846482,0.156288,0.0175,0.00806144
-0.955615,-0.715217,0.304875,0.045,0.00215546
-0.933968,-0.687405,0.307689,0.025,0.00215546
-0.942481,-0.705602,0.264285,0.0125,0.00215546
-0.976906,-0.680095,0.299222,0.0225,0.00215546
-0.982991,-0.713958,0.280917,0.0175,0.00215546
-0.950365,-0.749553,0.292898,0.0175,0.00215546
-0.925448,-0.903244,0.212022,0.045,0.00493277
-0.956674,-0.895993,0.226934,0.025,0.00493277
-0.920716,-0.910637,0.254864,0.0125,0.00493277
-0.925903,-0.864056,0.225545,0.0225,0.00493277
-0.895327,-0.888218,0.225876,0.0175,0.00493277
-0.905679,-0.934132,0.20976,0.0175,0.00493277
-0.846186,-0.95532,0.258174,0.045,0.00422244
-0.845031,-0.968621,0.225436,0.025,0.00422244
-0.881582,-0.980635,0.253846,0.0125,0.00422244
-0.868231,-0.93145,0.232426,0.0225,0.00422244
-0.876754,-0.939229,0.269649,0.0175,0.00422244
-0.845312,-0.971101,0.291344,0.0175,0.00422244
-0.71134,-0.937637,0.341063,0.045,0.00583322
-0.722149,-0.968249,0.32706,0.025,0.00583322
-0.680476,-0.967147,0.350504,0.0125,0.00583322
-0.731858,-0.959738,0.36951,0.0225,0.00583322
-0.700994,-0.936833,0.375953,0.0175,0.00583322
-0.681936,-0.916537,0.334723,0.0175,0.00583322
-0.626575,-0.909293,0.475247,0.045,0.0358689
-0.649959,-0.935144,0.48116,0.025,0.0358689
-0.624592,-0.91823,0.518011,0.0125,0.0358689
-0.662875,-0.893104,0.487038,0.0225,0.0358689
-0.627508,-0.879495,0.496133,0.0175,0.0358689
-0.590086,-0.907552,0.47918,0.0175,0.0358689
-0.560252,-0.955261,0.514603,0.045,0.0287131
-0.528929,-0.971447,0.517233,0.025,0.0287131
-0.537003,-0.942977,0.479659,0.0125,0.0287131
-0.532957,-0.930289,0.533314,0.0225,0.0287131
-0.561156,-0.919347,0.508741,0.0175,0.0287131
-0.587107,-0.957233,0.489604,0.0175,0.0287131
-0.482215,-0.955085,0.468191,0.045,0.0200949
-0.448065,-0.963204,0.472416,0.025,0.0200949
-0.460831,-0.936309,0.434984,0.0125,0.0200949
-0.462963,-0.924851,0.489025,0.0225,0.0200949
-0.491604,-0.920302,0.462991,0.0175,0.0200949
-0.506355,-0.962707,0.441561,0.0175,0.0200949
-0.0898266,-0.603164,0.126287,0.045,0.0920818
-0.0825094,-0.576704,0.148566,0.025,0.0920818
-0.0831858,-0.567681,0.101602,0.0125,0.0920818
-0.124487,-0.582289,0.135322,0.0225,0.0920818
-0.11553,-0.598356,0.100965,0.0175,0.0920818
-0.0703306,-0.61909,0.0995247,0.0175,0.0920818
-0.876934,-0.653349,0.287424,0.045,0.00554575
-0.904979,-0.636403,0.300703,0.025,0.00554575
-0.863045,-0.632745,0.323411,0.0125,0.00554575
-0.877821,-0.614338,0.27342,0.0225,0.00554575
-0.845953,-0.63494,0.282295,0.0175,0.00554575
-0.855592,-0.680117,0.300765,0.0175,0.00554575
-0.800259,-0.735776,0.241174,0.045,0.00354821
-0.831555,-0.747324,0.229462,0.025,0.00354821
-0.830554,-0.710024,0.259382,0.0125,0.00354821
-0.81162,-0.714249,0.207614,0.0225,0.00354821
-0.792368,-0.700341,0.238512,0.0175,0.00354821
-0.785671,-0.733674,0.274831,0.0175,0.00354821
-0.738695,-0.797379,0.262841,0.045,0.00558306
-0.773326,-0.802254,0.257652,0.025,0.00558306
-0.75271,-0.82257,0.295727,0.0125,0.00558306
-0.760299,-0.769066,0.284065,0.0225,0.00558306
-0.727127,-0.786061,0.295446,0.0175,0.00558306
-0.71031,-0.820684,0.263927,0.0175,0.00558306
-0.682102,-0.828753,0.489058,0.045,0.0179739
-0.700485,-0.803636,0.505825,0.025,0.0179739
-0.661923,-0.790897,0.480563,0.0125,0.0179739
-0.709989,-0.812071,0.463313,0.0225,0.0179739
-0.674248,-0.824344,0.453789,0.0175,0.0179739
-0.647459,-0.840511,0.492467,0.0175,0.0179739
-0.580627,-0.740494,0.372897,0.045,0.0162197
-0.559271,-0.731645,0.346147,0.025,0.0162197
-0.540441,-0.753382,0.384363,0.0125,0.0162197
-0.576372,-0.772579,0.34699,0.0225,0.0162197
-0.579664,-0.774527,0.385773,0.0175,0.0162197
-0.581758,-0.730134,0.408131,0.0175,0.0162197
-0.500536,-0.796968,0.285025,0.045,0.0106353
-0.488365,-0.784047,0.315601,0.025,0.0106353
-0.533764,-0.798934,0.313389,0.0125,0.0106353
-0.486881,-0.827901,0.309013,0.0225,0.0106353
-0.517507,-0.829171,0.284947,0.0175,0.0106353
-0.527285,-0.785922,0.262387,0.0175,0.0106353
-0.201532,-0.735192,0.133009,0.045,0.0132345
-0.176073,-0.715143,0.118873,0.025,0.0132345
-0.164577,-0.745502,0.153997,0.0125,0.0132345
-0.182344,-0.755985,0.102707,0.0225,0.0132345
-0.19624,-0.771095,0.135833,0.0175,0.0132345
-0.215342,-0.737341,0.16699,0.0175,0.0132345
-0.955321,-0.364568,0.306689,0.045,0.00138102
-0.967614,-0.33188,0.312201,0.025,0.00138102
-0.934705,-0.34941,0.342153,0.0125,0.00138102
-0.930444,-0.336847,0.288485,0.0225,0.00138102
-0.91934,-0.369992,0.305714,0.0175,0.00138102
-0.956617,-0.39523,0.326893,0.0175,0.00138102
-0.795053,-0.593626,0.365283,0.045,0.00827379
-0.806412,-0.623974,0.379423,0.025,0.00827379
-0.831666,-0.584113,0.387225,0.0125,0.00827379
-0.822668,-0.611516,0.340062,0.0225,0.00827379
-0.818332,-0.573259,0.346092,0.0175,0.00827379
-0.78399,-0.561954,0.380266,0.0175,0.00827379
-0.736151,-0.606014,0.298948,0.045,0.0124571
-0.743066,-0.573199,0.310144,0.025,0.0124571
-0.708527,-0.59811,0.331917,0.0125,0.0124571
-0.710952,-0.579032,0.280087,0.0225,0.0124571
-0.70177,-0.615207,0.291303,0.0175,0.0124571
-0.73833,-0.638769,0.315452,0.0175,0.0124571
-0.668727,-0.668125,0.388658,0.045,0.0176162
-0.67581,-0.676388,0.355019,0.025,0.0176162
-0.693279,-0.635581,0.372828,0.0125,0.0176162
-0.640843,-0.650451,0.363581,0.0225,0.0176162
-0.655396,-0.635133,0.396326,0.0175,0.0176162
-0.690286,-0.663204,0.418,0.0175,0.0176162
-0.61067,-0.588837,0.405642,0.045,0.0161375
-0.628076,-0.558286,0.409336,0.025,0.0161375
-0.645316,-0.597316,0.430945,0.0125,0.0161375
-0.59837,-0.569651,0.440274,0.0225,0.0161375
-0.602287,-0.608112,0.43536,0.0175,0.0161375
-0.620138,-0.621073,0.390768,0.0175,0.0161375
-0.541156,-0.493724,0.482252,0.045,0.0166308
-0.544391,-0.458521,0.482817,0.025,0.0166308
-0.501282,-0.477763,0.490487,0.0125,0.0166308
-0.532464,-0.478121,0.444839,0.0225,0.0166308
-0.515203,-0.508762,0.461629,0.0175,0.0166308
-0.531059,-0.518063,0.507858,0.0175,0.0166308
-0.535886,-0.655883,0.369632,0.045,0.0445013
-0.537944,-0.650407,0.4045,0.025,0.0445013
-0.499595,-0.673012,0.387011,0.0125,0.0445013
-0.51619,-0.620798,0.379625,0.0225,0.0445013
-0.505595,-0.646122,0.351962,0.0175,0.0445013
-0.534486,-0.686544,0.349435,0.0175,0.0445013
-0.449139,-0.303518,0.473302,0.045,0.0201243
-0.418896,-0.317195,0.461123,0.025,0.0201243
-0.436956,-0.278514,0.439555,0.0125,0.0201243
-0.416855,-0.284217,0.490738,0.0225,0.0201243
-0.450757,-0.267892,0.480593,0.0175,0.0201243
-0.482236,-0.299079,0.457976,0.0175,0.0201243
-0.882468,-0.315364,0.330374,0.045,0.00229466
-0.896182,-0.346803,0.338948,0.025,0.00229466
-0.850042,-0.338503,0.34842,0.0125,0.00229466
-0.895246,-0.314939,0.369811,0.0225,0.00229466
-0.863893,-0.296728,0.355526,0.0175,0.00229466
-0.855651,-0.305533,0.307261,0.0175,0.00229466
-0.734612,-0.356423,0.386086,0.045,0.0127407
-0.763056,-0.37011,0.37016,0.025,0.0127407
-0.745548,-0.392134,0.408838,0.0125,0.0127407
-0.769125,-0.342342,0.404232,0.0225,0.0127407
-0.735492,-0.350754,0.422031,0.0175,0.0127407
-0.70074,-0.369484,0.391757,0.0175,0.0127407
-0.649126,-0.331189,0.380973,0.045,0.0153357
-0.666719,-0.359418,0.368989,0.025,0.0153357
-0.624816,-0.366117,0.391053,0.0125,0.0153357
-0.672648,-0.347071,0.411193,0.0225,0.0153357
-0.637407,-0.330981,0.415435,0.0175,0.0153357
-0.616222,-0.317146,0.372601,0.0175,0.0153357
-0.647866,-0.160567,0.387435,0.045,0.0170303
-0.614735,-0.166485,0.398266,0.025,0.0170303
-0.641938,-0.135993,0.42312,0.0125,0.0170303
-0.647491,-0.190543,0.416072,0.0225,0.0170303
-0.675086,-0.163418,0.411434,0.0175,0.0170303
-0.665037,-0.130267,0.375726,0.0175,0.0170303
-0.566319,-0.309836,0.408832,0.045,0.011248
-0.565512,-0.321756,0.375556,0.025,0.011248
-0.546131,-0.279099,0.385164,0.0125,0.011248
-0.530513,-0.329482,0.401712,0.0225,0.011248
-0.535483,-0.297986,0.424118,0.0175,0.011248
-0.582013,-0.28038,0.424195,0.0175,0.011248
-0.37282,-0.32871,0.597992,0.045,0.019538
-0.33901,-0.337035,0.604124,0.025,0.019538
-0.348774,-0.301819,0.573269,0.0125,0.019538
-0.357442,-0.304354,0.62781,0.0225,0.019538
-0.383188,-0.293906,0.600483,0.0175,0.019538
-0.393462,-0.329811,0.567616,0.0175,0.019538
-0.340106,-0.246953,0.317814,0.045,0.00480749
-0.350074,-0.253518,0.284534,0.025,0.00480749
-0.311544,-0.226187,0.292016,0.0125,0.00480749
-0.319485,-0.279765,0.303087,0.0225,0.00480749
-0.305446,-0.252687,0.327344,0.0175,0.00480749
-0.337389,-0.21583,0.337153,0.0175,0.00480749
-0.955479,0.0197868,0.44229,0.045,0.00219611
-0.974919,0.00486884,0.467776,0.025,0.00219611
-0.928696,0.0136974,0.476321,0.0125,0.00219611
-0.970348,0.0490033,0.467669,0.0225,0.00219611
-0.935511,0.0491763,0.4502,0.0175,0.00219611
-0.926019,0.00819354,0.423643,0.0175,0.00219611
-0.879125,-0.229507,0.381237,0.045,0.0012025
-0.888062,-0.262569,0.390015,0.025,0.0012025
-0.844637,-0.246538,0.402047,0.0125,0.0012025
-0.894412,-0.230268,0.419766,0.0225,0.0012025
-0.865569,-0.20747,0.406841,0.0175,0.0012025
-0.852787,-0.21593,0.359512,0.0175,0.0012025
-0.724325,-0.124759,0.357415,0.045,0.0142064
-0.738241,-0.0963354,0.373178,0.025,0.0142064
-0.767754,-0.129115,0.354685,0.0125,0.0142064
-0.732592,-0.133247,0.397144,0.0225,0.0142064
-0.736008,-0.157843,0.367109,0.0175,0.0142064
-0.726082,-0.13727,0.322913,0.0175,0.0142064
-0.703346,0.136862,0.422545,0.045,0.00831515
-0.713899,0.139443,0.45619,0.025,0.00831515
-0.724353,0.0996424,0.431816,0.0125,0.00831515
-0.675217,0.119493,0.447562,0.0225,0.00831515
-0.685156,0.107165,0.411953,0.0175,0.00831515
-0.72186,0.133407,0.390997,0.0175,0.00831515
-0.620661,0.142104,0.582125,0.045,0.0160656
-0.604298,0.135335,0.551523,0.025,0.0160656
-0.597351,0.177804,0.572395,0.0125,0.0160656
-0.582624,0.127304,0.589397,0.0225,0.0160656
-0.601152,0.154534,0.61023,0.0175,0.0160656
-0.645569,0.167313,0.591824,0.0175,0.0160656
-0.587803,0.202268,0.512448,0.045,0.00863148
-0.589058,0.167849,0.504463,0.025,0.00863148
-0.54889,0.192124,0.495262,0.0125,0.00863148
-0.572404,0.17991,0.543781,0.0225,0.00863148
-0.559815,0.214865,0.532018,0.0175,0.00863148
-0.583312,0.232318,0.49179,0.0175,0.00863148
-0.441026,-0.136934,0.542038,0.045,0.0320416
-0.423466,-0.15805,0.564305,0.025,0.0320416
-0.455107,-0.177595,0.534233,0.0125,0.0320416
-0.407238,-0.152135,0.523434,0.0225,0.0320416
-0.441714,-0.145266,0.506611,0.0175,0.0320416
-0.476761,-0.129341,0.538124,0.0175,0.0320416
-0.195113,0.0799942,0.128605,0.045,0.0567607
-0.21174,0.0487924,0.128545,0.025,0.0567607
-0.235417,0.0874787,0.113371,0.0125,0.0567607
-0.191495,0.0621134,0.0913767,0.0225,0.0567607
-0.195428,0.100251,0.0983632,0.0175,0.0567607
-0.201595,0.111457,0.14644,0.0175,0.0567607
-0.859915,0.301697,0.331883,0.045,0.00302
-0.853853,0.330873,0.312857,0.025,0.00302
-0.817765,0.300381,0.3203,0.0125,0.00302
-0.864447,0.293446,0.291509,0.0225,0.00302
-0.849784,0.269415,0.318458,0.0175,0.00302
-0.846191,0.289647,0.363765,0.0175,0.00302
-0.782974,0.132685,0.37849,0.045,0.00393282
-0.781255,0.119373,0.411199,0.025,0.00393282
-0.774884,0.166388,0.405157,0.0125,0.00393282
-0.820015,0.135549,0.396889,0.0225,0.00393282
-0.804471,0.161375,0.372188,0.0175,0.00393282
-0.758309,0.150042,0.357507,0.0175,0.00393282
-0.676291,0.418359,0.499179,0.045,0.00779723
-0.695152,0.388812,0.503793,0.025,0.00779723
-0.692261,0.420098,0.539854,0.0125,0.00779723
-0.716152,0.425493,0.490292,0.0225,0.00779723
-0.691468,0.450454,0.507214,0.0175,0.00779723
-0.64632,0.431456,0.515918,0.0175,0.00779723
-0.559895,0.328597,0.610409,0.045,0.00512602
-0.530851,0.341715,0.625718,0.025,0.00512602
-0.563261,0.372136,0.608064,0.0125,0.00512602
-0.567424,0.336769,0.65035,0.0225,0.00512602
-0.592499,0.340992,0.620817,0.0175,0.00512602
-0.573015,0.330907,0.576167,0.0175,0.00512602
-0.583508,0.407515,0.433132,0.045,0.0194401
-0.588343,0.411086,0.467973,0.025,0.0194401
-0.593918,0.367844,0.448311,0.0125,0.0194401
-0.548344,0.398742,0.453262,0.0225,0.0194401
-0.561392,0.381295,0.42095,0.0175,0.0194401
-0.606024,0.397345,0.405936,0.0175,0.0194401
-0.523024,0.400683,0.571461,0.045,0.00554473
-0.510329,0.42088,0.597556,0.025,0.00554473
-0.533334,0.441951,0.561303,0.0125,0.00554473
-0.5525,0.407276,0.599859,0.0225,0.00554473
-0.55776,0.404657,0.561333,0.0175,0.00554473
-0.515597,0.399142,0.53551,0.0175,0.00554473
-0.464411,0.327972,0.56511,0.045,0.00960335
-0.483211,0.350003,0.544832,0.025,0.00960335
-0.437635,0.341323,0.533215,0.0125,0.00960335
-0.481123,0.30719,0.533368,0.0225,0.00960335
-0.446195,0.300666,0.549377,0.0175,0.00960335
-0.434181,0.332763,0.585438,0.0175,0.00960335
-0.955195,0.245811,0.316299,0.045,0.000786496
-0.928766,0.232801,0.33585,0.025,0.000786496
-0.933059,0.280252,0.331671,0.0125,0.000786496
-0.966695,0.243796,0.356079,0.0225,0.000786496
-0.97675,0.271457,0.330535,0.0175,0.000786496
-0.955658,0.266262,0.285779,0.0175,0.000786496
-0.865933,0.48248,0.302637,0.045,0.00224133
-0.888768,0.485148,0.329497,0.025,0.00224133
-0.859096,0.521648,0.320847,0.0125,0.00224133
-0.900427,0.501708,0.290019,0.0225,0.00224133
-0.864088,0.509449,0.278259,0.0175,0.00224133
-0.829216,0.482447,0.301278,0.0175,0.00224133
-0.664633,0.443359,0.282028,0.045,0.00862884
-0.675732,0.474428,0.294737,0.025,0.00862884
-0.628941,0.464578,0.295753,0.0125,0.00862884
-0.662433,0.472334,0.252459,0.0225,0.00862884
-0.637497,0.44286,0.257771,0.0175,0.00862884
-0.647452,0.414919,0.297711,0.0175,0.00862884
-0.633643,0.527616,0.313887,0.045,0.0130825
-0.64333,0.51058,0.28446,0.025,0.0130825
-0.639157,0.485706,0.325097,0.0125,0.0130825
-0.674993,0.525603,0.311672,0.0225,0.0130825
-0.653496,0.523397,0.344103,0.0175,0.0130825
-0.604432,0.524299,0.335926,0.0175,0.0130825
-0.606802,0.572247,0.402388,0.045,0.0189913
-0.590934,0.540989,0.397791,0.025,0.0189913
-0.632992,0.548778,0.376392,0.0125,0.0189913
-0.58401,0.572913,0.367764,0.0225,0.0189913
-0.618244,0.590727,0.373189,0.0175,0.0189913
-0.63891,0.581712,0.417536,0.0175,0.0189913
-0.603566,0.538141,0.53846,0.045,0.020929
-0.598415,0.563736,0.514619,0.025,0.020929
-0.64167,0.54356,0.517693,0.0125,0.020929
-0.614605,0.574773,0.554429,0.0225,0.020929
-0.631969,0.540528,0.561101,0.0175,0.020929
-0.612705,0.502708,0.535147,0.0175,0.020929
-0.455894,0.63325,0.605692,0.045,0.0181171
-0.480707,0.645121,0.627905,0.025,0.0181171
-0.445263,0.674599,0.615166,0.0125,0.0181171
-0.485714,0.652731,0.584479,0.0225,0.0181171
-0.447624,0.652987,0.576245,0.0175,0.0181171
-0.419636,0.628538,0.60932,0.0175,0.0181171
0.226438,0.357206,0.11644,0.045,0.00262992
0.199777,0.370651,0.0975065,0.025,0.00262992
0.21762,0.328059,0.0850523,0.0125,0.00262992
0.190275,0.342858,0.130764,0.0225,0.00262992
0.223824,0.323113,0.128922,0.0175,0.00262992
0.26103,0.348424,0.107708,0.0175,0.00262992
-0.881861,0.578913,0.246579,0.045,0.00193251
-0.875278,0.551985,0.268523,0.025,0.00193251
-0.840008,0.567846,0.240382,0.0125,0.00193251
-0.865957,0.593184,0.282106,0.0225,0.00193251
-0.859373,0.607536,0.246477,0.0175,0.00193251
-0.881164,0.581728,0.209951,0.0175,0.00193251
-0.756918,0.815964,0.239729,0.045,0.00383563
-0.791822,0.812855,0.244424,0.025,0.00383563
-0.768924,0.849111,0.265606,0.0125,0.00383563
-0.777055,0.839111,0.211846,0.0225,0.00383563
-0.74329,0.848016,0.229148,0.0175,0.00383563
-0.728598,0.81476,0.263106,0.0175,0.00383563
-0.614013,0.818517,0.284586,0.045,0.00397125
-0.589613,0.792949,0.283612,0.025,0.00397125
-0.590408,0.822538,0.32118,0.0125,0.00397125
-0.627716,0.785108,0.304953,0.0225,0.00397125
-0.634478,0.822294,0.314451,0.0175,0.00397125
-0.611451,0.855167,0.285054,0.0175,0.00397125
-0.545652,0.727756,0.189811,0.045,0.00570024
-0.56324,0.699178,0.200947,0.025,0.00570024
-0.524147,0.712869,0.224859,0.0125,0.00570024
-0.57283,0.738452,0.219233,0.0225,0.00570024
-0.537488,0.753931,0.213752,0.0175,0.00570024
-0.51145,0.73242,0.177225,0.0175,0.00570024
-0.555705,0.635395,0.288907,0.045,0.0100902
-0.563213,0.663826,0.308536,0.025,0.0100902
-0.517862,0.656359,0.295307,0.0125,0.0100902
-0.562139,0.668206,0.264395,0.0225,0.0100902
-0.536359,0.639609,0.258363,0.0175,0.0100902
-0.53451,0.606007,0.295003,0.0175,0.0100902
-0.51789,0.808461,0.614355,0.045,0.0151173
-0.498079,0.796731,0.587523,0.025,0.0151173
-0.545143,0.801931,0.580783,0.0125,0.0151173
-0.506421,0.840222,0.590304,0.0225,0.0151173
-0.540557,0.836378,0.608709,0.0175,0.0151173
-0.545621,0.79332,0.63311,0.0175,0.0151173
-0.307748,0.59287,0.425817,0.045,0.0105324
-0.322322,0.589827,0.457884,0.025,0.0105324
-0.274682,0.59226,0.45443,0.0125,0.0105324
-0.312908,0.630414,0.442626,0.0225,0.0105324
-0.283279,0.619172,0.419943,0.0175,0.0105324
-0.284927,0.571205,0.406846,0.0175,0.0105324
-0.955287,0.650767,0.22797,0.045,0.00167791
-0.961015,0.683594,0.239785,0.025,0.00167791
-0.918773,0.673406,0.219803,0.0125,0.00167791
-0.969156,0.674694,0.197085,0.0225,0.00167791
-0.942854,0.646095,0.194079,0.0175,0.00167791
-0.93097,0.624925,0.237503,0.0175,0.00167791
-0.937449,0.86238,0.213546,0.045,0.00267702
-0.945631,0.894228,0.226536,0.025,0.00267702
-0.93905,0.889639,0.179386,0.0125,0.00267702
-0.978447,0.868277,0.211756,0.0225,0.00267702
-0.956727,0.84919,0.185628,0.0175,0.00267702
-0.907981,0.849815,0.195552,0.0175,0.00267702
-0.740174,0.897972,0.270011,0.045,0.00135805
-0.762604,0.88281,0.292749,0.025,0.00135805
-0.721535,0.86048,0.282638,0.0125,0.00135805
-0.730123,0.908385,0.30886,0.0225,0.00135805
-0.705266,0.901873,0.27956,0.0175,0.00135805
-0.727183,0.887414,0.237304,0.0175,0.00135805
-0.604552,0.955303,0.234152,0.045,0.00113903
-0.614678,0.975222,0.261551,0.025,0.00113903
-0.64084,0.976189,0.221525,0.0125,0.00113903
-0.632293,0.934742,0.257096,0.0225,0.00113903
-0.628888,0.933361,0.218299,0.0175,0.00113903
-0.594007,0.963739,0.199981,0.0175,0.00113903
-0.574164,0.955271,0.499606,0.045,0.00909445
-0.604077,0.937698,0.492792,0.025,0.00909445
-0.602813,0.98485,0.484883,0.0125,0.00909445
-0.575225,0.944098,0.459696,0.0225,0.00909445
-0.560274,0.977115,0.474016,0.0175,0.00909445
-0.566171,0.982333,0.523138,0.0175,0.00909445
-0.292314,0.804724,0.483163,0.045,0.0168414
-0.280207,0.813117,0.451023,0.025,0.0168414
-0.327336,0.814798,0.458988,0.0125,0.0168414
-0.286811,0.845721,0.480384,0.0225,0.0168414
-0.315185,0.82753,0.499949,0.0175,0.0168414
-0.314602,0.778029,0.49502,0.0175,0.0168414
-0.482383,0.772415,0.432037,0.045,0.0508857
-0.500085,0.802614,0.427072,0.025,0.0508857
-0.521424,0.767139,0.451023,0.0125,0.0508857
-0.477219,0.797374,0.464735,0.0225,0.0508857
-0.480187,0.758526,0.465612,0.0175,0.0508857
-0.488773,0.737907,0.421159,0.0175,0.0508857
-0.531428,0.785147,0.527228,0.045,0.0177265
-0.555022,0.771869,0.50449,0.025,0.0177265
-0.524369,0.805147,0.488984,0.0125,0.0177265
-0.514651,0.753547,0.506282,0.0225,0.0177265
-0.496283,0.785936,0.517786,0.0175,0.0177265
-0.52588,0.819101,0.540126,0.0175,0.0177265
-0.877945,-0.804593,0.223727,0.045,0.00521909
-0.85808,-0.83384,0.223733,0.025,0.00521909
-0.837747,-0.792251,0.211715,0.0125,0.00521909
-0.858664,-0.808587,0.260211,0.0225,0.00521909
-0.866094,-0.775171,0.241585,0.0175,0.00521909
-0.887502,-0.781172,0.19708,0.0175,0.00521909
-0.869429,-0.872223,0.283376,0.045,0.00668024
-0.847485,-0.875902,0.310852,0.025,0.00668024
-0.838054,-0.84219,0.278263,0.0125,0.00668024
-0.880277,-0.84615,0.313728,0.0225,0.00668024
-0.882443,-0.839166,0.275449,0.0175,0.00668024
-0.864572,-0.875973,0.247149,0.0175,0.00668024
-0.720845,-0.836104,0.346462,0.045,0.0116549
-0.698316,-0.818411,0.32574,0.025,0.0116549
-0.736834,-0.838601,0.305834,0.0125,0.0116549
-0.733562,-0.7969,0.341981,0.0225,0.0116549
-0.75637,-0.828393,0.344585,0.0175,0.0116549
-0.731342,-0.871307,0.347219,0.0175,0.0116549
-0.762089,-0.866813,0.476087,0.045,0.00846028
-0.748164,-0.874181,0.444435,0.025,0.00846028
-0.73967,-0.83131,0.463862,0.0125,0.00846028
-0.723575,-0.881465,0.480644,0.0225,0.00846028
-0.740458,-0.853832,0.502328,0.0175,0.00846028
-0.786201,-0.841419,0.487212,0.0175,0.00846028
-0.604773,-0.804161,0.538964,0.045,0.0212346
-0.579341,-0.82099,0.521075,0.025,0.0212346
-0.581049,-0.825837,0.568626,0.0125,0.0212346
-0.616905,-0.842805,0.53012,0.0225,0.0212346
-0.625125,-0.822914,0.562609,0.0175,0.0212346
-0.603731,-0.778053,0.564796,0.0175,0.0212346
-0.339136,-0.953591,0.159113,0.045,0.0103081
-0.365531,-0.935734,0.174425,0.025,0.0103081
-0.363624,-0.937465,0.126666,0.0125,0.0103081
-0.372332,-0.9781,0.163126,0.0225,0.0103081
-0.34699,-0.978255,0.13352,0.0175,0.0103081
-0.311879,-0.943162,0.13679,0.0175,0.0103081
-0.0891666,-0.86847,0.131966,0.045,0.0148543
-0.0740535,-0.889291,0.156216,0.025,0.0148543
-0.0768226,-0.842316,0.164769,0.0125,0.0148543
-0.117204,-0.87981,0.160321,0.0225,0.0148543
-0.11524,-0.845288,0.142346,0.0175,0.0148543
-0.0762777,-0.840616,0.111767,0.0175,0.0148543
-0.955291,-0.454618,0.302582,0.045,0.000731665
-0.961817,-0.487986,0.312275,0.025,0.000731665
-0.934182,-0.48015,0.274034,0.0125,0.000731665
-0.924942,-0.46837,0.327251,0.0225,0.000731665
-0.920857,-0.444273,0.296897,0.0175,0.000731665
-0.9631,-0.43574,0.272042,0.0175,0.000731665
-0.795809,-0.67143,0.31997,0.045,0.00749868
-0.809988,-0.692371,0.295264,0.025,0.00749868
-0.766547,-0.673903,0.287564,0.0125,0.00749868
-0.783103,-0.710495,0.325553,0.0225,0.00749868
-0.762039,-0.678288,0.3317,0.0175,0.00749868
-0.785552,-0.63615,0.319596,0.0175,0.00749868
-0.72049,-0.718005,0.302442,0.045,0.0124745
-0.690339,-0.735622,0.307973,0.025,0.0124745
-0.688057,-0.690694,0.291731,0.0125,0.0124745
-0.706044,-0.709742,0.340412,0.0225,0.0124745
-0.724446,-0.684791,0.3168,0.0175,0.0124745
-0.735598,-0.703702,0.272157,0.0175,0.0124745
-0.681032,-0.761147,0.376059,0.045,0.0151126
-0.666508,-0.778037,0.403513,0.025,0.0151126
-0.639389,-0.768906,0.36519,0.0125,0.0151126
-0.662487,-0.733908,0.401216,0.0225,0.0151126
-0.664168,-0.731955,0.362331,0.0175,0.0151126
-0.686584,-0.770959,0.341089,0.0175,0.0151126
-0.608673,-0.718752,0.583067,0.045,0.0331528
-0.640392,-0.727669,0.570244,0.025,0.0331528
-0.601273,-0.741441,0.546421,0.0125,0.0331528
-0.619238,-0.756531,0.596479,0.0225,0.0331528
-0.583345,-0.74458,0.587118,0.0175,0.0331528
-0.581464,-0.698053,0.569606,0.0175,0.0331528
-0.511255,-0.793815,0.532788,0.045,0.012029
-0.508374,-0.798297,0.56774,0.025,0.012029
-0.542361,-0.769081,0.551041,0.0125,0.012029
-0.536965,-0.823807,0.545367,0.0225,0.012029
-0.543829,-0.797909,0.517066,0.0175,0.012029
-0.50764,-0.764272,0.511244,0.0175,0.012029
-0.555324,-0.911849,0.420981,0.045,0.0102142
-0.55471,-0.909241,0.456235,0.025,0.0102142
-0.590297,-0.888132,0.432245,0.0125,0.0102142
-0.578478,-0.941852,0.437787,0.0225,0.0102142
-0.585918,-0.922829,0.404597,0.0175,0.0102142
-0.55331,-0.886705,0.394266,0.0175,0.0102142
-0.468646,-0.554759,0.500934,0.045,0.0666286
-0.47426,-0.583207,0.480705,0.025,0.0666286
-0.429779,-0.566011,0.484344,0.0125,0.0666286
-0.461875,-0.589275,0.522878,0.0225,0.0666286
-0.442195,-0.555776,0.52592,0.0175,0.0666286
-0.456345,-0.520992,0.493288,0.0175,0.0666286
-0.820827,-0.425535,0.318134,0.045,0.00577748
-0.78977,-0.436836,0.305574,0.025,0.00577748
-0.829938,-0.451564,0.284193,0.0125,0.00577748
-0.808198,-0.400831,0.287329,0.0225,0.00577748
-0.844997,-0.411044,0.295094,0.0175,0.00577748
-0.849518,-0.443219,0.332768,0.0175,0.00577748
-0.764625,-0.441525,0.387554,0.045,0.01486
-0.758149,-0.475786,0.3817,0.025,0.01486
-0.759904,-0.446014,0.34431,0.0125,0.01486
-0.723724,-0.448133,0.386057,0.0225,0.01486
-0.74249,-0.416601,0.372931,0.0175,0.01486
-0.791991,-0.419366,0.377064,0.0175,0.01486
-0.709207,-0.485869,0.453469,0.045,0.0229211
-0.69708,-0.497225,0.484678,0.025,0.0229211
-0.685903,-0.452966,0.470405,0.0125,0.0229211
-0.735101,-0.474371,0.483735,0.0225,0.0229211
-0.726399,-0.453829,0.451781,0.0175,0.0229211
-0.69219,-0.47524,0.422688,0.0175,0.0229211
-0.61025,-0.321796,0.486372,0.045,0.0192125
-0.620153,-0.331935,0.453981,0.025,0.0192125
-0.592207,-0.36106,0.479639,0.0125,0.0192125
-0.644388,-0.345206,0.488699,0.0225,0.0192125
-0.614992,-0.34468,0.51428,0.0175,0.0192125
-0.577329,-0.314936,0.501174,0.0175,0.0192125
-0.439819,-0.500401,0.566677,0.045,0.0213978
-0.464532,-0.489834,0.589647,0.025,0.0213978
-0.429935,-0.519093,0.604958,0.0125,0.0213978
-0.426658,-0.466852,0.58717,0.0225,0.0213978
-0.404711,-0.49692,0.575638,0.0175,0.0213978
-0.430431,-0.533562,0.553939,0.0175,0.0213978
-0.33042,-0.586085,0.341436,0.045,0.00939667
-0.310197,-0.59048,0.370102,0.025,0.00939667
-0.35082,-0.565577,0.374235,0.0125,0.00939667
-0.343279,-0.619154,0.362881,0.0225,0.00939667
-0.365879,-0.594064,0.343426,0.0175,0.00939667
-0.341015,-0.556135,0.322978,0.0175,0.00939667
-0.46381,-0.430597,0.467268,0.045,0.0237491
-0.498758,-0.426658,0.463649,0.025,0.0237491
-0.481307,-0.470393,0.472028,0.0125,0.0237491
-0.48141,-0.425633,0.504475,0.0225,0.0237491
-0.450943,-0.448495,0.496236,0.0175,0.0237491
-0.438907,-0.449508,0.447975,0.0175,0.0237491
-0.955022,-0.19676,0.419849,0.045,0.00897823
-0.951904,-0.169365,0.44198,0.025,0.00897823
-0.957547,-0.213182,0.460302,0.0125,0.00897823
-0.915424,-0.192237,0.431264,0.0225,0.00897823
-0.933849,-0.225958,0.424768,0.0175,0.00897823
-0.982136,-0.220842,0.413943,0.0175,0.00897823
-0.801332,-0.284064,0.394935,0.045,0.0079573
-0.786467,-0.288881,0.42665,0.025,0.0079573
-0.775576,-0.249418,0.401919,0.0125,0.0079573
-0.82376,-0.264974,0.424111,0.0225,0.0079573
-0.817734,-0.252378,0.387728,0.0175,0.0079573
-0.787186,-0.281273,0.361139,0.0175,0.0079573
-0.721889,-0.277498,0.345687,0.045,0.00820587
-0.717893,-0.263402,0.31351,0.025,0.00820587
-0.711275,-0.310454,0.318971,0.0125,0.00820587
-0.757375,-0.280437,0.324454,0.0225,0.00820587
-0.743358,-0.30662,0.349687,0.0175,0.00820587
-0.698625,-0.295004,0.368101,0.0175,0.00820587
-0.671945,-0.0851927,0.455636,0.045,0.00869484
-0.687062,-0.0733038,0.485303,0.025,0.00869484
-0.639539,-0.0702099,0.480892,0.0125,0.00869484
-0.679362,-0.0445312,0.452415,0.0225,0.00869484
-0.648705,-0.0636165,0.437764,0.0175,0.00869484
-0.647643,-0.112005,0.44927,0.0175,0.00869484
-0.606922,-0.090764,0.543778,0.045,0.014048
-0.632459,-0.11269,0.532955,0.025,0.014048
-0.641887,-0.0822642,0.568632,0.0125,0.014048
-0.630676,-0.0719393,0.515491,0.0225,0.014048
-0.614166,-0.0552011,0.546572,0.0175,0.014048
-0.589568,-0.0869438,0.575938,0.0175,0.014048
-0.375938,0.00696278,0.451497,0.045,0.0160444
-0.360738,0.00595796,0.483402,0.025,0.0160444
-0.334374,0.0193072,0.445797,0.0125,0.0160444
-0.377716,0.0444112,0.469195,0.0225,0.0160444
-0.372609,0.0370417,0.431269,0.0175,0.0160444
-0.369347,-0.0113858,0.420354,0.0175,0.0160444
-0.350284,-0.172935,0.492458,0.045,0.0374353
-0.344191,-0.207708,0.490517,0.025,0.0374353
-0.332237,-0.184484,0.530582,0.0125,0.0374353
-0.382171,-0.193812,0.50877,0.0225,0.0374353
-0.36811,-0.159695,0.521302,0.0175,0.0374353
-0.327905,-0.144077,0.496509,0.0175,0.0374353
-0.451001,-0.139588,0.431698,0.045,0.0164066
-0.446325,-0.114638,0.456308,0.025,0.0164066
-0.448235,-0.160408,0.470057,0.0125,0.0164066
-0.410536,-0.134416,0.439082,0.0225,0.0164066
-0.428368,-0.168086,0.430892,0.0175,0.0164066
-0.477736,-0.164174,0.426148,0.0175,0.0164066
-0.879183,0.132869,0.428411,0.045,0.00399999
-0.852117,0.14462,0.447887,0.025,0.00399999
-0.88875,0.174137,0.439269,0.0125,0.00399999
-0.8873,0.127355,0.46869,0.0225,0.00399999
-0.913088,0.136828,0.44105,0.0175,0.00399999
-0.892925,0.143641,0.396083,0.0175,0.00399999
-0.80403,-0.102484,0.401125,0.045,0.00659181
-0.794814,-0.134374,0.388957,0.025,0.00659181
-0.837308,-0.116381,0.376387,0.0125,0.00659181
-0.786429,-0.0988215,0.363768,0.0225,0.00659181
-0.815841,-0.0773279,0.377615,0.0175,0.00659181
-0.831544,-0.0912393,0.422725,0.0175,0.00659181
-0.757724,0.188521,0.485024,0.045,0.0096515
-0.764423,0.156243,0.4978,0.025,0.0096515
-0.719106,0.168272,0.488357,0.0125,0.0096515
-0.753821,0.188558,0.526298,0.0225,0.0096515
-0.732217,0.208941,0.501069,0.0175,0.0096515
-0.743114,0.200059,0.453347,0.0175,0.0096515
-0.635524,0.2081,0.334013,0.045,0.00877956
-0.668128,0.210881,0.320626,0.025,0.00877956
-0.659828,0.177898,0.354253,0.0125,0.00877956
-0.658515,0.233049,0.35784,0.0225,0.00877956
-0.631191,0.208139,0.370155,0.0175,0.00877956
-0.610955,0.18078,0.333864,0.0175,0.00877956
-0.36485,0.309877,0.506954,0.045,0.0145543
-0.336994,0.31478,0.528167,0.025,0.0145543
-0.343013,0.271994,0.507658,0.0125,0.0145543
-0.331776,0.320937,0.484537,0.0225,0.0145543
-0.359563,0.295811,0.4738,0.0175,0.0145543
-0.393773,0.287302,0.508905,0.0175,0.0145543
-0.311372,0.185215,0.415324,0.045,0.0024939
-0.317042,0.202678,0.445538,0.025,0.0024939
-0.271959,0.194149,0.432037,0.0125,0.0024939
-0.310418,0.226084,0.40843,0.0225,0.0024939
-0.288319,0.19921,0.390876,0.0175,0.0024939
-0.295258,0.153018,0.407998,0.0175,0.0024939
-0.287979,0.171286,0.500925,0.045,0.00420879
-0.296052,0.139243,0.513498,0.025,0.00420879
-0.311119,0.177797,0.537458,0.0125,0.00420879
-0.325343,0.159707,0.487192,0.0225,0.00420879
-0.314508,0.195875,0.496848,0.0175,0.00420879
-0.268173,0.199003,0.514689,0.0175,0.00420879
-0.951592,0.116183,0.48533,0.045,0.00211068
-0.933631,0.086016,0.489491,0.025,0.00211068
-0.944453,0.111853,0.528257,0.0125,0.00211068
-0.977832,0.085079,0.493253,0.0225,0.00211068
-0.981394,0.121929,0.505425,0.0175,0.00211068
-0.943222,0.15119,0.49271,0.0175,0.00211068
-0.834213,0.333732,0.415909,0.045,0.00693918
-0.841812,0.299218,0.416935,0.025,0.00693918
-0.834713,0.322422,0.45815,0.0125,0.00693918
-0.875032,0.328377,0.420798,0.0225,0.00693918
-0.853423,0.356686,0.436623,0.0175,0.00693918
-0.804813,0.352933,0.426724,0.0175,0.00693918
-0.735237,0.240582,0.249984,0.045,0.00527139
-0.742726,0.219066,0.277021,0.025,0.00527139
-0.696929,0.225695,0.264931,0.0125,0.00527139
-0.733495,0.261593,0.28568,0.0225,0.00527139
-0.710519,0.266892,0.254651,0.0175,0.00527139
-0.718946,0.23483,0.217557,0.0175,0.00527139
-0.632547,0.486444,0.460751,0.045,0.0120013
-0.606446,0.501484,0.479257,0.025,0.0120013
-0.623897,0.524589,0.441191,0.0125,0.0120013
-0.648358,0.512144,0.489181,0.0225,0.0120013
-0.662459,0.505842,0.453401,0.0175,0.0120013
-0.634764,0.474981,0.425912,0.0175,0.0120013
-0.59341,0.470612,0.633938,0.045,0.0170299
-0.616425,0.462496,0.659521,0.025,0.0170299
-0.625183,0.500597,0.631969,0.0125,0.0170299
-0.623825,0.446966,0.618621,0.0225,0.0170299
-0.605766,0.476145,0.600148,0.0175,0.0170299
-0.572295,0.500106,0.628087,0.0175,0.0170299
-0.285335,0.415111,0.51316,0.045,0.114113
-0.273407,0.389422,0.491998,0.025,0.114113
-0.261009,0.388758,0.538186,0.0125,0.114113
-0.31075,0.382404,0.514911,0.0225,0.114113
-0.301594,0.406108,0.544458,0.0175,0.114113
-0.268151,0.441025,0.532735,0.0175,0.114113
-0.404778,0.365815,0.242063,0.045,0.0106465
-0.392109,0.364078,0.209101,0.025,0.0106465
-0.433977,0.343073,0.218766,0.0125,0.0106465
-0.420452,0.396675,0.219243,0.0225,0.0106465
-0.439031,0.376977,0.247271,0.0175,0.0106465
-0.412314,0.339977,0.267074,0.0175,0.0106465
0.187844,0.274188,0.113231,0.045,0.00121366
0.159359,0.266475,0.0937595,0.025,0.00121366
0.182755,0.230807,0.115391,0.0125,0.00121366
0.154181,0.272713,0.137383,0.0225,0.00121366
0.190107,0.261205,0.147162,0.0175,0.00121366
0.22321,0.264701,0.110189,0.0175,0.00121366
-0.877645,0.386732,0.35837,0.045,0.00498688
-0.854165,0.392938,0.384064,0.025,0.00498688
-0.893456,0.420115,0.381782,0.0125,0.00498688
-0.888468,0.366149,0.392691,0.0225,0.00498688
-0.912753,0.382704,0.367101,0.0175,0.00498688
-0.889796,0.407297,0.330452,0.0175,0.00498688
-0.751129,0.42034,0.279958,0.045,0.00731502
-0.760316,0.428432,0.313126,0.025,0.00731502
-0.714045,0.42166,0.303098,0.0125,0.00731502
-0.748466,0.4613,0.285777,0.0225,0.00731502
-0.724823,0.439552,0.263714,0.0175,0.00731502
-0.734853,0.39085,0.26528,0.0175,0.00731502
-0.724241,0.570573,0.327917,0.045,0.00815631
-0.734306,0.574479,0.361584,0.025,0.00815631
-0.700378,0.603385,0.344239,0.0125,0.00815631
-0.753805,0.599515,0.330573,0.0225,0.00815631
-0.723381,0.599788,0.30622,0.0175,0.00815631
-0.692065,0.561658,0.31258,0.0175,0.00815631
-0.598244,0.665544,0.368997,0.045,0.0132692
-0.609031,0.66354,0.402606,0.025,0.0132692
-0.584912,0.702353,0.388487,0.0125,0.0132692
-0.634922,0.6844,0.373225,0.0225,0.0132692
-0.605863,0.695479,0.34974,0.0175,0.0132692
-0.564854,0.667608,0.353802,0.0175,0.0132692
-0.623003,0.641521,0.553408,0.045,0.0170092
-0.653176,0.658074,0.561507,0.025,0.0170092
-0.651232,0.610472,0.565718,0.0125,0.0170092
-0.624267,0.64953,0.594065,0.0225,0.0170092
-0.608822,0.61795,0.577246,0.0175,0.0170092
-0.614591,0.616496,0.527854,0.0175,0.0170092
-0.27525,0.682446,0.59133,0.045,0.024839
-0.251418,0.68598,0.565454,0.025,0.024839
-0.240333,0.701766,0.60922,0.0125,0.024839
-0.249255,0.650152,0.591539,0.0225,0.024839
-0.26506,0.667242,0.622794,0.0175,0.024839
-0.29303,0.706975,0.612119,0.0175,0.024839
-0.432741,0.527946,0.580177,0.045,0.0641112
-0.41441,0.514153,0.553275,0.025,0.0641112
-0.441231,0.552944,0.545312,0.0125,0.0641112
-0.396124,0.547079,0.576732,0.0225,0.0641112
-0.42988,0.563569,0.587094,0.0175,0.0641112
-0.468757,0.532555,0.585798,0.0175,0.0641112
-0.955503,0.503636,0.328925,0.045,0.00115238
-0.935061,0.52634,0.311129,0.025,0.00115238
-0.982555,0.529855,0.306715,0.0125,0.00115238
-0.950501,0.53841,0.350937,0.0225,0.00115238
-0.982754,0.516599,0.34928,0.0175,0.00115238
-0.97953,0.478108,0.317926,0.0175,0.00115238
-0.85557,0.659974,0.281005,0.045,0.00267347
-0.8573,0.634054,0.304987,0.025,0.00267347
-0.839189,0.67633,0.318108,0.0125,0.00267347
-0.890673,0.663214,0.302823,0.0225,0.00267347
-0.869069,0.692728,0.289371,0.0175,0.00267347
-0.827296,0.678393,0.266467,0.0175,0.00267347
-0.687458,0.76855,0.272929,0.045,0.0094614
-0.67076,0.764555,0.303835,0.025,0.0094614
-0.697324,0.803728,0.296963,0.0125,0.0094614
-0.712804,0.750775,0.300504,0.0225,0.0094614
-0.723014,0.776347,0.272925,0.0175,0.0094614
-0.684723,0.793832,0.246408,0.0175,0.0094614
-0.578177,0.766368,0.349291,0.045,0.00769411
-0.582735,0.731372,0.351422,0.025,0.00769411
-0.538971,0.749321,0.3585,0.0125,0.00769411
-0.584888,0.755354,0.388691,0.0225,0.00769411
-0.561085,0.783652,0.376386,0.0175,0.00769411
-0.558035,0.787383,0.32687,0.0175,0.00769411
-0.571057,0.795814,0.440869,0.045,0.00772129
-0.550346,0.779658,0.417204,0.025,0.00772129
-0.592424,0.759796,0.428271,0.0125,0.00772129
-0.581613,0.807507,0.402521,0.0225,0.00772129
-0.605923,0.802075,0.432492,0.0175,0.00772129
-0.583686,0.785537,0.473807,0.0175,0.00772129
-0.566856,0.951775,0.623095,0.045,0.0281716
-0.573771,0.974542,0.596944,0.025,0.0281716
-0.583388,0.987611,0.641936,0.0125,0.0281716
-0.53471,0.977412,0.617795,0.0225,0.0281716
-0.547455,0.963109,0.651732,0.0175,0.0281716
-0.588406,0.935139,0.64777,0.0175,0.0281716
-0.428699,0.790066,0.590531,0.045,0.0171328
-0.4092,0.763916,0.576894,0.025,0.0171328
-0.456723,0.762218,0.571778,0.0125,0.0171328
-0.420228,0.798016,0.550735,0.0225,0.0171328
-0.453322,0.806608,0.569434,0.0175,0.0171328
-0.454664,0.790612,0.616523,0.0175,0.0171328
-0.52799,0.614015,0.399857,0.045,0.0249375
-0.522073,0.602072,0.36711,0.025,0.0249375
-0.56727,0.607877,0.381637,0.0125,0.0249375
-0.527832,0.645661,0.373076,0.0225,0.0249375
-0.550503,0.642224,0.404586,0.0175,0.0249375
-0.544888,0.5992,0.428926,0.0175,0.0249375
-0.950685,0.785275,0.263755,0.045,0.00172135
-0.968523,0.798236,0.291391,0.025,0.00172135
-0.987638,0.802317,0.24774,0.0125,0.00172135
-0.977574,0.756995,0.277754,0.0225,0.00172135
-0.967774,0.763063,0.240526,0.0175,0.00172135
-0.936478,0.801149,0.233819,0.0175,0.00172135
-0.873801,0.848818,0.143303,0.045,0.00166579
-0.873766,0.877241,0.16433,0.025,0.00166579
-0.874959,0.883703,0.116955,0.0125,0.00166579
-0.912726,0.861167,0.150453,0.0225,0.00166579
-0.899025,0.846176,0.117192,0.0175,0.00166579
-0.850166,0.836831,0.117853,0.0175,0.00166579
-0.677833,0.950816,0.305733,0.045,0.00258918
-0.656352,0.975193,0.319673,0.025,0.00258918
-0.677731,0.984573,0.277931,0.0125,0.00258918
-0.699819,0.977874,0.328165,0.0225,0.00258918
-0.711221,0.960677,0.295104,0.0175,0.00258918
-0.676507,0.931672,0.2744,0.0175,0.00258918
-0.580701,0.953073,0.328311,0.045,0.027365
-0.609396,0.954864,0.307734,0.025,0.027365
-0.602955,0.988456,0.341164,0.0125,0.027365
-0.573268,0.977686,0.295789,0.0225,0.027365
-0.559722,0.98259,0.332,0.0175,0.027365
-0.576469,0.948921,0.364572,0.0175,0.027365
-0.501404,0.934205,0.452298,0.045,0.0337709
-0.476622,0.954622,0.467097,0.025,0.0337709
-0.466573,0.932483,0.425909,0.0125,0.0337709
-0.503275,0.972463,0.436437,0.0225,0.0337709
-0.509784,0.939186,0.417227,0.0175,0.0337709
-0.502538,0.898292,0.444617,0.0175,0.0337709
-0.35801,0.879972,0.500727,0.045,0.0486457
-0.355004,0.906726,0.523642,0.025,0.0486457
-0.315335,0.889099,0.503564,0.0125,0.0486457
-0.35764,0.916073,0.480348,0.0225,0.0486457
-0.341768,0.882597,0.468257,0.0175,0.0486457
-0.345388,0.845468,0.501171,0.0175,0.0486457
-0.385675,0.872987,0.585923,0.045,0.0554944
-0.370293,0.89115,0.612067,0.025,0.0554944
-0.414449,0.903457,0.598418,0.0125,0.0554944
-0.396641,0.857034,0.622584,0.0225,0.0554944
-0.419218,0.859768,0.590937,0.0175,0.0554944
-0.397529,0.882853,0.552574,0.0175,0.0554944
-0.955389,-0.626911,0.348398,0.045,0.00116893
-0.941724,-0.619207,0.380083,0.025,0.00116893
-0.912278,-0.633531,0.345222,0.0125,0.00116893
-0.942615,-0.587476,0.349081,0.0225,0.00116893
-0.94076,-0.6118,0.318689,0.0175,0.00116893
-0.956383,-0.657947,0.328757,0.0175,0.00116893
-0.943628,-0.955173,0.282848,0.045,0.00321362
-0.968163,-0.939606,0.262706,0.025,0.00321362
-0.969137,-0.987187,0.267456,0.0125,0.00321362
-0.977712,-0.947772,0.30526,0.0225,0.00321362
-0.954181,-0.978659,0.308579,0.0175,0.00321362
-0.917237,-0.979589,0.275273,0.0175,0.00321362
-0.798978,-0.955006,0.334419,0.045,0.00503546
-0.774224,-0.971876,0.353199,0.025,0.00503546
-0.775986,-0.92412,0.355155,0.0125,0.00503546
-0.812537,-0.961538,0.373049,0.0225,0.00503546
-0.819942,-0.930282,0.35098,0.0175,0.00503546
-0.796917,-0.930767,0.306883,0.0175,0.00503546
-0.713625,-0.954226,0.515061,0.045,0.0352749
-0.746406,-0.944906,0.505652,0.025,0.0352749
-0.739677,-0.98747,0.526401,0.0125,0.0352749
-0.7331,-0.93666,0.547169,0.0225,0.0352749
-0.70767,-0.966138,0.548938,0.0175,0.0352749
-0.691725,-0.981765,0.50448,0.0175,0.0352749
-0.627419,-0.955184,0.367154,0.045,0.00900252
-0.601311,-0.959644,0.390573,0.025,0.00900252
-0.629672,-0.921364,0.394789,0.0125,0.00900252
-0.6417,-0.975004,0.40065,0.0225,0.00900252
-0.661153,-0.948858,0.379279,0.0175,0.00900252
-0.634308,-0.928836,0.34249,0.0175,0.00900252
-0.400192,-0.952459,0.522278,0.045,0.00841042
-0.434706,-0.953926,0.529805,0.025,0.00841042
-0.416041,-0.987199,0.500959,0.0125,0.00841042
-0.406564,-0.977652,0.554581,0.0225,0.00841042
-0.379876,-0.982355,0.526574,0.0175,0.00841042
-0.381913,-0.947916,0.490731,0.0175,0.00841042
-0.311682,-0.939855,0.490799,0.045,0.0168485
-0.294639,-0.970829,0.491184,0.025,0.0168485
-0.334369,-0.966785,0.464865,0.0125,0.0168485
-0.285365,-0.941914,0.458831,0.0225,0.0168485
-0.320417,-0.924881,0.458791,0.0175,0.0168485
-0.345444,-0.930049,0.501476,0.0175,0.0168485
-0.456715,-0.693282,0.488414,0.045,0.0110611
-0.425341,-0.686933,0.4734,0.025,0.0110611
-0.428042,-0.719924,0.507923,0.0125,0.0110611
-0.450273,-0.71992,0.457307,0.0225,0.0110611
-0.468507,-0.727632,0.490874,0.0175,0.0110611
-0.468861,-0.689554,0.522889,0.0175,0.0110611
-0.879203,-0.573308,0.333032,0.045,0.00451468
-0.900155,-0.568371,0.361079,0.025,0.00451468
-0.853086,-0.573126,0.368108,0.0125,0.00451468
-0.881039,-0.532961,0.342386,0.0225,0.00451468
-0.849891,-0.552121,0.328915,0.0175,0.00451468
-0.857158,-0.601001,0.323176,0.0175,0.00451468
-0.810801,-0.800468,0.332639,0.045,0.00686056
-0.814118,-0.826964,0.355811,0.025,0.00686056
-0.811557,-0.782159,0.372346,0.0125,0.00686056
-0.850807,-0.806309,0.34181,0.0225,0.00686056
-0.833493,-0.772094,0.334862,0.0175,0.00686056
-0.78444,-0.775443,0.327268,0.0175,0.00686056
-0.762013,-0.784804,0.410556,0.045,0.0121092
-0.770675,-0.811324,0.388838,0.025,0.0121092
-0.763763,-0.820899,0.435185,0.0125,0.0121092
-0.803071,-0.790537,0.41091,0.0225,0.0121092
-0.780959,-0.780225,0.441298,0.0175,0.0121092
-0.732284,-0.778408,0.431178,0.0175,0.0121092
-0.624428,-0.749353,0.470613,0.045,0.0324879
-0.652386,-0.735161,0.454275,0.025,0.0324879
-0.624078,-0.706705,0.480283,0.0125,0.0324879
-0.613098,-0.734329,0.433671,0.0225,0.0324879
-0.591722,-0.733979,0.466255,0.0175,0.0324879
-0.615306,-0.752197,0.506091,0.0175,0.0324879
-0.400593,-0.726748,0.412204,0.045,0.0212461
-0.410336,-0.754045,0.391958,0.025,0.0212461
-0.370883,-0.758179,0.418676,0.0125,0.0212461
-0.423688,-0.753182,0.434263,0.0225,0.0212461
-0.393355,-0.732542,0.447404,0.0175,0.0212461
-0.370601,-0.705523,0.412372,0.0175,0.0212461
-0.335546,-0.852413,0.530109,0.045,0.0401947
-0.305104,-0.849471,0.512373,0.025,0.0401947
-0.309468,-0.884239,0.544924,0.0125,0.0401947
-0.336039,-0.877288,0.496947,0.0225,0.0401947
-0.352031,-0.884829,0.531676,0.0175,0.0401947
-0.343761,-0.849595,0.565811,0.0175,0.0401947
-0.494338,-0.640567,0.552061,0.045,0.0581912
-0.514011,-0.611193,0.552492,0.025,0.0581912
-0.507798,-0.635292,0.593335,0.0125,0.0581912
-0.470903,-0.608002,0.562508,0.0225,0.0581912
-0.467537,-0.644252,0.576415,0.0175,0.0581912
-0.502154,-0.675699,0.559453,0.0175,0.0581912
-0.899626,-0.413289,0.359402,0.045,0.00366928
-0.933888,-0.421979,0.360159,0.025,0.00366928
-0.909241,-0.422086,0.401147,0.0125,0.00366928
-0.922515,-0.379827,0.368068,0.0225,0.00366928
-0.887275,-0.388046,0.382537,0.0175,0.00366928
-0.869156,-0.431995,0.367868,0.0175,0.00366928
-0.821481,-0.507764,0.368164,0.045,0.00694296
-0.814902,-0.49225,0.337083,0.025,0.00694296
-0.824594,-0.53908,0.337798,0.0125,0.00694296
-0.857064,-0.496133,0.35035,0.0225,0.00694296
-0.851382,-0.528213,0.371736,0.0175,0.00694296
-0.804323,-0.534523,0.386591,0.0175,0.00694296
-0.72246,-0.606131,0.42546,0.045,0.0687035
-0.714856,-0.596062,0.392433,0.025,0.0687035
-0.756799,-0.617447,0.400857,0.0125,0.0687035
-0.738077,-0.568415,0.418223,0.0225,0.0687035
-0.754338,-0.596317,0.440036,0.0175,0.0687035
-0.728888,-0.639062,0.440434,0.0175,0.0687035
-0.661459,-0.424154,0.394343,0.045,0.0193684
-0.667523,-0.436536,0.4269,0.025,0.0193684
-0.622303,-0.429212,0.413152,0.0125,0.0193684
-0.663034,-0.392743,0.421354,0.0225,0.0193684
-0.639765,-0.395221,0.390191,0.0175,0.0193684
-0.643645,-0.438203,0.365442,0.0175,0.0193684
-0.635921,-0.497071,0.523842,0.045,0.011302
-0.659418,-0.517437,0.540669,0.025,0.011302
-0.629355,-0.490785,0.566619,0.0125,0.011302
-0.669987,-0.475113,0.532565,0.0225,0.011302
-0.633323,-0.461908,0.532886,0.0175,0.011302
-0.599182,-0.496836,0.523427,0.0175,0.011302
-0.34849,-0.487905,0.296225,0.045,0.0159708
-0.338833,-0.521527,0.291097,0.025,0.0159708
-0.306469,-0.490648,0.308023,0.0125,0.0159708
-0.352925,-0.509413,0.331388,0.0225,0.0159708
-0.341616,-0.472242,0.328356,0.0175,0.0159708
-0.336927,-0.456308,0.281461,0.0175,0.0159708
-0.540483,-0.543366,0.374078,0.045,0.0251847
-0.55897,-0.516013,0.361428,0.025,0.0251847
-0.578608,-0.543231,0.395503,0.0125,0.0251847
-0.534493,-0.510001,0.397945,0.0225,0.0251847
-0.536649,-0.546967,0.410096,0.0175,0.0251847
-0.546622,-0.579592,0.373886,0.0175,0.0251847
-0.461267,-0.33751,0.295834,0.045,0.016369
-0.450455,-0.370199,0.303866,0.025,0.016369
-0.488056,-0.352048,0.327195,0.0125,0.016369
-0.482712,-0.365315,0.273794,0.0225,0.016369
-0.496438,-0.331866,0.288337,0.0175,0.016369
-0.463353,-0.306584,0.315563,0.0175,0.016369
-0.874576,-0.309507,0.440119,0.045,0.00668705
-0.888418,-0.341602,0.4348,0.025,0.00668705
-0.894024,-0.320959,0.477577,0.0125,0.00668705
-0.914162,-0.306053,0.428297,0.0225,0.00668705
-0.895658,-0.283224,0.453893,0.0175,0.00668705
-0.848834,-0.297182,0.463258,0.0175,0.00668705
-0.720421,-0.210103,0.404575,0.045,0.0122781
-0.720039,-0.22309,0.437457,0.025,0.0122781
-0.683179,-0.196317,0.422893,0.0125,0.0122781
-0.736016,-0.182206,0.430981,0.0225,0.0122781
-0.714307,-0.174576,0.399529,0.0175,0.0122781
-0.698287,-0.2152,0.375694,0.0175,0.0122781
-0.647889,-0.247271,0.452987,0.045,0.010544
-0.656714,-0.274883,0.432747,0.025,0.010544
-0.691505,-0.246861,0.449829,0.0125,0.010544
-0.651507,-0.235258,0.413473,0.0225,0.010544
-0.661325,-0.21442,0.444907,0.0175,0.010544
-0.655496,-0.238748,0.487908,0.0175,0.010544
-0.606907,-0.161642,0.599037,0.045,0.0135195
-0.626345,-0.190262,0.606321,0.025,0.0135195
-0.578788,-0.194768,0.603984,0.0125,0.0135195
-0.609836,-0.166677,0.640084,0.0225,0.0135195
-0.578782,-0.153411,0.62063,0.0175,0.0135195
-0.58437,-0.153461,0.571196,0.0175,0.0135195
-0.56837,-0.141114,0.474277,0.045,0.0330394
-0.596295,-0.140593,0.495955,0.025,0.0330394
-0.566955,-0.178345,0.497176,0.0125,0.0330394
-0.557352,-0.125729,0.511164,0.0225,0.0330394
-0.535425,-0.148176,0.488053,0.0175,0.0330394
-0.558711,-0.163632,0.446896,0.0175,0.0330394
-0.297869,-0.260508,0.462992,0.045,0.00817494
-0.322267,-0.266798,0.487794,0.025,0.00817494
-0.277225,-0.280746,0.495806,0.0125,0.00817494
-0.298014,-0.229765,0.490806,0.0225,0.00817494
-0.266761,-0.24419,0.472532,0.0175,0.00817494
-0.276765,-0.282813,0.442815,0.0175,0.00817494
-0.361913,-0.323385,0.508945,0.045,0.00638265
-0.396102,-0.332366,0.508306,0.025,0.00638265
-0.384296,-0.286413,0.502268,0.0125,0.00638265
-0.374063,-0.330022,0.469867,0.0225,0.00638265
-0.348424,-0.303214,0.481812,0.0175,0.00638265
-0.342479,-0.30152,0.531176,0.0175,0.00638265
-0.935131,-0.0364141,0.509811,0.045,0.00395899
-0.967628,-0.0354224,0.49592,0.025,0.00395899
-0.950057,-0.0775175,0.510299,0.0125,0.00395899
-0.963314,-0.0328166,0.540003,0.0225,0.00395899
-0.930071,-0.0530779,0.541776,0.0175,0.00395899
-0.904214,-0.05324,0.499274,0.0175,0.00395899
-0.910774,-0.130728,0.377793,0.045,0.00382727
-0.900185,-0.130238,0.344065,0.025,0.00382727
-0.919123,-0.0905092,0.362785,0.0125,0.00382727
-0.871939,-0.116422,0.37537,0.0225,0.00382727
-0.89942,-0.104443,0.40027,0.0175,0.00382727
-0.943682,-0.126114,0.393471,0.0175,0.00382727
-0.784591,-0.00755405,0.352916,0.045,0.00572827
-0.797629,-0.0249298,0.38081,0.025,0.00572827
-0.757294,-0.0408401,0.360624,0.0125,0.00572827
-0.766938,0.00635308,0.387754,0.0225,0.00572827
-0.749583,0.00241701,0.353084,0.0175,0.00572827
-0.778715,-0.0175679,0.318056,0.0175,0.00572827
-0.690466,0.0235338,0.446094,0.045,0.00502792
-0.697041,0.000445876,0.472049,0.025,0.00502792
-0.665751,-0.011613,0.437947,0.0125,0.00502792
-0.662521,0.0279816,0.476393,0.0225,0.00502792
-0.655928,0.0318722,0.438181,0.0175,0.00502792
-0.69553,0.0219988,0.409734,0.0175,0.00502792
-0.281657,-0.0948505,0.526164,0.045,0.0183836
-0.309305,-0.107208,0.507919,0.025,0.0183836
-0.298807,-0.127197,0.550083,0.0125,0.0183836
-0.316415,-0.0760453,0.538694,0.0225,0.0183836
-0.286142,-0.0859138,0.561164,0.0175,0.0183836
-0.250212,-0.110442,0.537032,0.0175,0.0183836
-0.299786,0.0555487,0.536619,0.045,0.0102811
-0.274048,0.0410989,0.556082,0.025,0.0102811
-0.273479,0.034536,0.50871,0.0125,0.0102811
-0.26709,0.0810031,0.537971,0.0225,0.0102811
-0.290855,0.075576,0.507565,0.0175,0.0102811
-0.325736,0.0409161,0.515114,0.0175,0.0102811
-0.375483,-0.0858774,0.50843,0.045,0.0270279
-0.35746,-0.0666348,0.484874,0.025,0.0270279
-0.403873,-0.0750594,0.476975,0.0125,0.0270279
-0.37968,-0.0455237,0.516957,0.0225,0.0270279
-0.40696,-0.072997,0.521401,0.0175,0.0270279
-0.392898,-0.118131,0.505904,0.0175,0.0270279
-0.415506,-0.0766907,0.308866,0.045,0.00977124
-0.413538,-0.0966854,0.337957,0.025,0.00977124
-0.377453,-0.0668962,0.328061,0.0125,0.00977124
-0.429862,-0.0555819,0.341532,0.0225,0.00977124
-0.409689,-0.0408631,0.311612,0.0175,0.00977124
-0.394768,-0.074945,0.278585,0.0175,0.00977124
-0.891,0.251186,0.398724,0.045,0.00311774
-0.926057,0.254116,0.402247,0.025,0.00311774
-0.905996,0.210973,0.40712,0.0125,0.00311774
-0.900837,0.256053,0.438702,0.0225,0.00311774
-0.872014,0.23396,0.424565,0.0175,0.00311774
-0.869977,0.232771,0.374872,0.0175,0.00311774
-0.803613,0.102846,0.475241,0.045,0.00573612
-0.82132,0.131421,0.486193,0.025,0.00573612
-0.780311,0.120034,0.508015,0.0125,0.00573612
-0.789193,0.13664,0.456038,0.0225,0.00573612
-0.768173,0.105896,0.467514,0.0175,0.00573612
-0.794431,0.0714793,0.492028,0.0175,0.00573612
-0.724506,0.497751,0.483047,0.045,0.00611246
-0.726484,0.474102,0.509255,0.025,0.00611246
-0.715182,0.458861,0.465352,0.0125,0.00611246
-0.686966,0.491823,0.49961,0.0225,0.00611246
-0.694812,0.498375,0.462003,0.0175,0.00611246
-0.743386,0.50167,0.451771,0.0175,0.00611246
-0.601957,0.369574,0.530167,0.045,0.0073681
-0.611494,0.352419,0.559574,0.025,0.0073681
-0.63336,0.341475,0.518469,0.0125,0.0073681
-0.580643,0.334164,0.533426,0.0225,0.0073681
-0.593574,0.350348,0.500416,0.0175,0.0073681
-0.620392,0.391677,0.507327,0.0175,0.0073681
-0.288593,0.256444,0.560044,0.045,0.0226636
-0.319705,0.271229,0.552079,0.025,0.0226636
-0.3063,0.231807,0.528549,0.0125,0.0226636
-0.318827,0.23846,0.581982,0.0225,0.0226636
-0.287311,0.220808,0.567355,0.0175,0.0226636
-0.258151,0.250681,0.540294,0.0175,0.0226636
-0.388658,0.329552,0.413477,0.045,0.0134713
-0.408812,0.358426,0.416649,0.025,0.0134713
-0.429389,0.315459,0.420885,0.0125,0.0134713
-0.392093,0.340082,0.453428,0.0225,0.0134713
-0.390431,0.303844,0.439186,0.0175,0.0134713
-0.388907,0.301707,0.389506,0.0175,0.0134713
-0.558508,0.322035,0.445149,0.045,0.00914078
-0.524709,0.3321,0.442639,0.025,0.00914078
-0.553342,0.355159,0.473231,0.0125,0.00914078
-0.535824,0.30273,0.473985,0.0225,0.00914078
-0.572522,0.315203,0.478042,0.0175,0.00914078
-0.590105,0.339513,0.438358,0.0175,0.00914078
-0.950433,0.313925,0.374794,0.045,0.000743323
-0.975097,0.336672,0.38594,0.025,0.000743323
-0.936957,0.353718,0.362652,0.0125,0.000743323
-0.977754,0.321146,0.34446,0.0225,0.000743323
-0.939464,0.315335,0.340114,0.0175,0.000743323
-0.914833,0.310031,0.383011,0.0175,0.000743323
-0.810566,0.446542,0.36437,0.045,0.00792823
-0.84445,0.445802,0.374435,0.025,0.00792823
-0.828959,0.412835,0.34344,0.0125,0.00792823
-0.815238,0.420661,0.396419,0.0225,0.00792823
-0.79086,0.416003,0.366374,0.0175,0.00792823
-0.794565,0.451447,0.331661,0.0175,0.00792823
-0.721279,0.472636,0.350277,0.045,0.00950823
-0.743291,0.461182,0.375462,0.025,0.00950823
-0.724688,0.505066,0.379418,0.0125,0.00950823
-0.759972,0.48495,0.341912,0.0225,0.00950823
-0.727341,0.505075,0.334915,0.0175,0.00950823
-0.685937,0.482657,0.350981,0.0175,0.00950823
-0.691002,0.540099,0.409943,0.045,0.0095137
-0.662804,0.542794,0.4311,0.025,0.0095137
-0.659584,0.559253,0.386309,0.0125,0.0095137
-0.690639,0.577239,0.42836,0.0225,0.0095137
-0.702562,0.569615,0.39205,0.0175,0.0095137
-0.696637,0.522149,0.378383,0.0175,0.0095137
-0.648983,0.616679,0.468254,0.045,0.0202374
-0.682955,0.615458,0.458536,0.025,0.0202374
-0.672259,0.629477,0.502995,0.0125,0.0202374
-0.661152,0.653907,0.454662,0.0225,0.0202374
-0.636096,0.647014,0.483704,0.0175,0.0202374
-0.629968,0.598746,0.494077,0.0175,0.0202374
-0.295835,0.628442,0.509853,0.045,0.019972
-0.278061,0.65304,0.527993,0.025,0.019972
-0.283068,0.658473,0.480739,0.0125,0.019972
-0.321364,0.659288,0.520602,0.0225,0.019972
-0.322545,0.638869,0.487429,0.0175,0.019972
-0.285874,0.605558,0.482888,0.0175,0.019972
-0.385231,0.562671,0.512144,0.045,0.0298198
-0.368594,0.568191,0.542848,0.025,0.0298198
-0.364263,0.525505,0.521713,0.0125,0.0298198
-0.346306,0.575084,0.505105,0.0225,0.0298198
-0.366437,0.549217,0.484023,0.0175,0.0298198
-0.411644,0.539151,0.502187,0.0175,0.0298198
-0.30208,0.50895,0.12062,0.045,0.00352797
-0.320822,0.489239,0.143207,0.025,0.00352797
-0.321441,0.536798,0.148227,0.0125,0.00352797
-0.341153,0.505387,0.107226,0.0225,0.00352797
-0.318353,0.536801,0.103752,0.0175,0.00352797
-0.273822,0.531943,0.125394,0.0175,0.00352797
-0.913615,0.590559,0.329735,0.045,0.00228012
-0.946953,0.588271,0.341284,0.025,0.00228012
-0.912738,0.600948,0.372206,0.0125,0.00228012
-0.931841,0.627745,0.327785,0.0225,0.00228012
-0.89454,0.620777,0.336665,0.0175,0.00228012
-0.882974,0.572439,0.338832,0.0175,0.00228012
-0.814627,0.555935,0.30745,0.045,0.00425861
-0.847783,0.561982,0.318132,0.025,0.00425861
-0.812182,0.567143,0.349651,0.0125,0.00425861
-0.82344,0.596302,0.304053,0.0225,0.00425861
-0.789059,0.580968,0.314131,0.0175,0.00425861
-0.789369,0.531359,0.317846,0.0175,0.00425861
-0.703785,0.684363,0.301418,0.045,0.0157429
-0.693084,0.661511,0.276654,0.025,0.0157429
-0.727705,0.648155,0.30683,0.0125,0.0157429
-0.728023,0.68743,0.267924,0.0225,0.0157429
-0.739366,0.691146,0.305023,0.0175,0.0157429
-0.703101,0.683185,0.338135,0.0175,0.0157429
-0.627489,0.72066,0.451286,0.045,0.0145342
-0.61008,0.706799,0.47876,0.025,0.0145342
-0.597865,0.750437,0.463462,0.0125,0.0145342
-0.644893,0.73311,0.486795,0.0225,0.0145342
-0.641315,0.754205,0.454222,0.0175,0.0145342
-0.616584,0.731069,0.417779,0.0175,0.0145342
-0.555366,0.697256,0.532156,0.045,0.0226936
-0.583201,0.684539,0.514451,0.025,0.0226936
-0.589693,0.700548,0.55905,0.0125,0.0226936
-0.575511,0.728224,0.513343,0.0225,0.0226936
-0.557955,0.729878,0.548097,0.0175,0.0226936
-0.538708,0.686524,0.563097,0.0175,0.0226936
-0.352878,0.871537,0.408037,0.045,0.0106585
-0.321581,0.88542,0.399216,0.025,0.0106585
-0.338547,0.848818,0.373526,0.0125,0.0106585
-0.357958,0.900328,0.378643,0.0225,0.0106585
-0.378204,0.867225,0.38225,0.0175,0.0106585
-0.362758,0.838044,0.419464,0.0175,0.0106585
-0.410914,0.601911,0.243578,0.045,0.00482717
-0.418253,0.570972,0.22812,0.025,0.00482717
-0.390465,0.571193,0.267046,0.0125,0.00482717
-0.443862,0.584491,0.261739,0.0225,0.00482717
-0.416171,0.60545,0.279423,0.0175,0.00482717
-0.379373,0.619893,0.249218,0.0175,0.00482717
-0.950312,0.690742,0.3128,0.045,0.00290544
-0.937376,0.71079,0.286709,0.025,0.00290544
-0.932817,0.663282,0.283606,0.0125,0.00290544
-0.978437,0.694491,0.282573,0.0225,0.00290544
-0.972203,0.662874,0.304488,0.0175,0.00290544
-0.934363,0.667575,0.336442,0.0175,0.00290544
-0.782022,0.738048,0.276652,0.045,0.00386498
-0.793881,0.718171,0.303378,0.025,0.00386498
-0.795434,0.765778,0.307695,0.0125,0.00386498
-0.822964,0.732569,0.273119,0.0225,0.00386498
-0.803113,0.764782,0.263791,0.0175,0.00386498
-0.754516,0.762278,0.274139,0.0175,0.00386498
-0.779893,0.884353,0.364904,0.045,0.00454018
-0.77664,0.856586,0.386548,0.025,0.00454018
-0.818275,0.863412,0.364023,0.0125,0.00454018
-0.768595,0.850825,0.343295,0.0225,0.00454018
-0.792531,0.87909,0.331176,0.0175,0.00454018
-0.801842,0.913811,0.365568,0.0175,0.00454018
-0.686553,0.853948,0.327225,0.045,0.00880758
-0.711347,0.874451,0.341884,0.025,0.00880758
-0.688321,0.842917,0.369506,0.0125,0.00880758
-0.669063,0.887788,0.343584,0.0225,0.00880758
-0.653742,0.851962,0.342861,0.0175,0.00880758
-0.683773,0.817536,0.323163,0.0175,0.00880758
-0.61482,0.869031,0.489109,0.045,0.0222056
-0.585519,0.856312,0.504263,0.025,0.0222056
-0.595335,0.902908,0.508735,0.0125,0.0222056
-0.622513,0.859059,0.528608,0.0225,0.0222056
-0.63773,0.88912,0.509024,0.0175,0.0222056
-0.620185,0.89404,0.462731,0.0175,0.0222056
-0.290854,0.945,0.489914,0.045,0.0123255
-0.30271,0.974745,0.474924,0.025,0.0123255
-0.334326,0.941042,0.487255,0.0125,0.0123255
-0.30174,0.972236,0.519213,0.0225,0.0123255
-0.306086,0.933546,0.520927,0.0175,0.0123255
-0.292187,0.909795,0.479482,0.0175,0.0123255
-0.349689,0.86167,0.291847,0.045,0.0175387
-0.340431,0.855115,0.258361,0.025,0.0175387
-0.313452,0.884942,0.284246,0.0125,0.0175387
-0.32214,0.830715,0.290592,0.0225,0.0175387
-0.32471,0.858204,0.318097,0.0175,0.0175387
-0.359638,0.892494,0.309193,0.0175,0.0175387
-0.45202,0.859901,0.439775,0.045,0.0539306
-0.423089,0.848779,0.422767,0.025,0.0539306
-0.435554,0.894818,0.419226,0.0125,0.0539306
-0.41848,0.866178,0.463323,0.0225,0.0539306
-0.449771,0.889302,0.461119,0.0175,0.0539306
-0.48368,0.874312,0.427944,0.0175,0.0539306
-0.871464,-0.7432,0.294825,0.045,0.00418743
-0.867116,-0.77815,0.297928,0.025,0.00418743
-0.830189,-0.749425,0.307867,0.0125,0.00418743
-0.878627,-0.754925,0.33394,0.0225,0.00418743
-0.86183,-0.721658,0.32254,0.0175,0.00418743
-0.855433,-0.718078,0.273333,0.0175,0.00418743
-0.886784,-0.955336,0.352435,0.045,0.00241945
-0.859014,-0.973754,0.364251,0.025,0.00241945
-0.855761,-0.926083,0.362152,0.0125,0.00241945
-0.888067,-0.957884,0.393795,0.0225,0.00241945
-0.899174,-0.927398,0.372208,0.0175,0.00241945
-0.891291,-0.93323,0.323435,0.0175,0.00241945
-0.79312,-0.883009,0.391856,0.045,0.00931492
-0.78134,-0.855137,0.410143,0.025,0.00931492
-0.821071,-0.850315,0.383957,0.0125,0.00931492
-0.811905,-0.881354,0.428777,0.0225,0.00931492
-0.827992,-0.892894,0.39521,0.0175,0.00931492
-0.7978,-0.88882,0.355879,0.0175,0.00931492
-0.694141,-0.955034,0.637167,0.045,0.0311274
-0.707625,-0.967054,0.606774,0.025,0.0311274
-0.736124,-0.942802,0.63656,0.0125,0.0311274
-0.69198,-0.925554,0.608098,0.0225,0.0311274
-0.698968,-0.920064,0.646042,0.0175,0.0311274
-0.702095,-0.962193,0.672317,0.0175,0.0311274
-0.663853,-0.890676,0.554705,0.045,0.0347473
-0.669614,-0.923552,0.566367,0.025,0.0347473
-0.625406,-0.911423,0.552728,0.0125,0.0347473
-0.655523,-0.892961,0.595253,0.0225,0.0347473
-0.636464,-0.871405,0.568969,0.0175,0.0347473
-0.652574,-0.877533,0.5223,0.0175,0.0347473
-0.320516,-0.950831,0.401995,0.045,0.00396141
-0.336064,-0.921419,0.413959,0.025,0.00396141
-0.304776,-0.91786,0.377961,0.0125,0.00396141
-0.354255,-0.942476,0.379399,0.0225,0.00396141
-0.320894,-0.957744,0.366259,0.0175,0.00396141
-0.285395,-0.96157,0.400902,0.0175,0.00396141
-0.304473,-0.864235,0.438623,0.045,0.00874998
-0.310413,-0.83926,0.462933,0.025,0.00874998
-0.271484,-0.83571,0.435375,0.0125,0.00874998
-0.324913,-0.832461,0.421554,0.0225,0.00874998
-0.297563,-0.854223,0.404316,0.0175,0.00874998
-0.277179,-0.888422,0.434147,0.0175,0.00874998
-0.954457,-0.526227,0.373759,0.045,0.00259989
-0.975127,-0.522847,0.345275,0.025,0.00259989
-0.932653,-0.544294,0.340433,0.0125,0.00259989
-0.977313,-0.560448,0.36873,0.0225,0.00259989
-0.940625,-0.558927,0.381783,0.0175,0.00259989
-0.921059,-0.513187,0.38179,0.0175,0.00259989
-0.834609,-0.727067,0.378124,0.045,0.0111224
-0.803455,-0.742772,0.372397,0.025,0.0111224
-0.805483,-0.694987,0.372205,0.0125,0.0111224
-0.813728,-0.730486,0.413776,0.0225,0.0111224
-0.836847,-0.700902,0.403331,0.0175,0.0111224
-0.855396,-0.705012,0.357353,0.0175,0.0111224
-0.753237,-0.696017,0.399363,0.045,0.0138948
-0.767246,-0.675657,0.424645,0.025,0.0138948
-0.720032,-0.67386,0.417223,0.0125,0.0138948
-0.761557,-0.658343,0.38419,0.0225,0.0138948
-0.731224,-0.680872,0.374643,0.0175,0.0138948
-0.728739,-0.723383,0.400366,0.0175,0.0138948
-0.677075,-0.665489,0.51187,0.045,0.0245076
-0.679318,-0.698553,0.524189,0.025,0.0245076
-0.63666,-0.676924,0.52405,0.0125,0.0245076
-0.682203,-0.664938,0.553006,0.0225,0.0245076
-0.660549,-0.640161,0.532127,0.0175,0.0245076
-0.658823,-0.65081,0.483562,0.0175,0.0245076
-0.596204,-0.669576,0.441621,0.045,0.0144806
-0.589316,-0.672174,0.476201,0.025,0.0144806
-0.598218,-0.628967,0.457725,0.0125,0.0144806
-0.631644,-0.672694,0.462905,0.0225,0.0144806
-0.625812,-0.651367,0.430813,0.0175,0.0144806
-0.578936,-0.652295,0.414176,0.0175,0.0144806
-0.545267,-0.714178,0.509916,0.045,0.015127
-0.578854,-0.710218,0.520222,0.025,0.015127
-0.55396,-0.747518,0.536849,0.0125,0.015127
-0.546702,-0.693447,0.54579,0.0225,0.015127
-0.519519,-0.719262,0.535139,0.0175,0.015127
-0.528125,-0.740638,0.491049,0.0175,0.015127
-0.510643,-0.760445,0.432809,0.045,0.00422607
-0.499782,-0.74009,0.459599,0.025,0.00422607
-0.468024,-0.753116,0.426294,0.0125,0.00422607
-0.51244,-0.720501,0.421853,0.0225,0.00422607
-0.502926,-0.750366,0.398693,0.0175,0.00422607
-0.501196,-0.794273,0.42202,0.0175,0.00422607
-0.438475,-0.437259,0.277996,0.045,0.0257961
-0.416112,-0.463745,0.284953,0.025,0.0257961
-0.414181,-0.424337,0.311987,0.0125,0.0257961
-0.454436,-0.461931,0.307241,0.0225,0.0257961
-0.458221,-0.423201,0.305152,0.0175,0.0257961
-0.433117,-0.402442,0.267551,0.0175,0.0257961
-0.82859,-0.370811,0.393343,0.045,0.00795973
-0.822451,-0.403794,0.404495,0.025,0.00795973
-0.788055,-0.370981,0.409754,0.0125,0.00795973
-0.837822,-0.374066,0.433629,0.0225,0.00795973
-0.822218,-0.343023,0.415976,0.0175,0.00795973
-0.812559,-0.349978,0.367672,0.0175,0.00795973
-0.78421,-0.420067,0.472683,0.045,0.024222
-0.801522,-0.446292,0.456479,0.025,0.024222
-0.75453,-0.44164,0.448889,0.0125,0.024222
-0.781655,-0.454757,0.49524,0.0225,0.024222
-0.753852,-0.427742,0.491244,0.0175,0.024222
-0.765746,-0.390989,0.459895,0.0175,0.024222
-0.701206,-0.385933,0.476354,0.045,0.0264599
-0.689051,-0.378838,0.508787,0.025,0.0264599
-0.708863,-0.34346,0.483422,0.0125,0.0264599
-0.731906,-0.389301,0.504012,0.0225,0.0264599
-0.735064,-0.375859,0.467568,0.0175,0.0264599
-0.691809,-0.37341,0.443114,0.0175,0.0264599
-0.681767,-0.308324,0.539119,0.045,0.0222092
-0.688824,-0.324358,0.508409,0.025,0.0222092
-0.725037,-0.314578,0.538083,0.0125,0.0222092
-0.691799,-0.280133,0.510424,0.0225,0.0222092
-0.700721,-0.278645,0.548331,0.0175,0.0222092
-0.686303,-0.318701,0.574072,0.0175,0.0222092
-0.556861,-0.28662,0.607559,0.045,0.0200887
-0.573959,-0.312166,0.590093,0.025,0.0200887
-0.527261,-0.317618,0.598871,0.0125,0.0200887
-0.5698,-0.315697,0.634127,0.0225,0.0200887
-0.536558,-0.29549,0.63644,0.0175,0.0200887
-0.528972,-0.264617,0.598174,0.0175,0.0200887
-0.493166,-0.461565,0.647242,0.045,0.0191538
-0.487581,-0.438809,0.673718,0.025,0.0191538
-0.511664,-0.479129,0.682764,0.0125,0.0191538
-0.458857,-0.472136,0.667975,0.0225,0.0191538
-0.484598,-0.496626,0.651962,0.0175,0.0191538
-0.523878,-0.474055,0.631406,0.0175,0.0191538
-0.347058,-0.462523,0.564814,0.045,0.0234134
-0.317426,-0.444219,0.570883,0.025,0.0234134
-0.326648,-0.482621,0.597859,0.0125,0.0234134
-0.315507,-0.479321,0.54381,0.0225,0.0234134
-0.344976,-0.498607,0.560495,0.0175,0.0234134
-0.376544,-0.469484,0.585601,0.0175,0.0234134
-0.955539,-0.0998602,0.448556,0.045,0.00217535
-0.95427,-0.125242,0.473136,0.025,0.00217535
-0.922932,-0.0892001,0.475679,0.0125,0.00217535
-0.977892,-0.0886539,0.481624,0.0225,0.00217535
-0.956551,-0.0650446,0.459132,0.0175,0.00217535
-0.931319,-0.088617,0.423317,0.0175,0.00217535
-0.806161,-0.19334,0.425163,0.045,0.0105766
-0.782481,-0.18817,0.450903,0.025,0.0105766
-0.776347,-0.225076,0.421106,0.0125,0.0105766
-0.774447,-0.17078,0.410881,0.0225,0.0105766
-0.794446,-0.197657,0.390971,0.0175,0.0105766
-0.82913,-0.221076,0.417871,0.0175,0.0105766
-0.749436,-0.0432377,0.440385,0.045,0.00704109
-0.725969,-0.042211,0.466809,0.025,0.00704109
-0.752636,-0.00344364,0.458237,0.0125,0.00704109
-0.767866,-0.0535051,0.476073,0.0225,0.00704109
-0.783821,-0.0332097,0.446879,0.0175,0.00704109
-0.752573,-0.023893,0.409305,0.0175,0.00704109
-0.661202,-0.166421,0.493068,0.045,0.0181558
-0.656555,-0.171943,0.458457,0.025,0.0181558
-0.641465,-0.13069,0.477376,0.0125,0.0181558
-0.623492,-0.182219,0.486206,0.0225,0.0181558
-0.63284,-0.155741,0.51323,0.0175,0.0181558
-0.680424,-0.141298,0.511759,0.0175,0.0181558
-0.453226,-0.0793629,0.649427,0.045,0.0300247
-0.445832,-0.0932652,0.617772,0.025,0.0300247
-0.434948,-0.118363,0.657004,0.0125,0.0300247
-0.484393,-0.103744,0.63706,0.0225,0.0300247
-0.471674,-0.0993324,0.673633,0.0175,0.0300247
-0.431959,-0.0696578,0.677774,0.0175,0.0300247
-0.482574,-0.0264339,0.567677,0.045,0.0286781
-0.47449,-0.0604893,0.572665,0.025,0.0286781
-0.444561,-0.0332607,0.547163,0.0125,0.0286781
-0.457883,-0.0304122,0.600742,0.0225,0.0286781
-0.457562,-0.00105486,0.575114,0.0175,0.0286781
-0.489478,-0.00681504,0.537388,0.0175,0.0286781
-0.372506,-0.329696,0.30811,0.045,0.00505748
-0.401544,-0.319363,0.325432,0.025,0.00505748
-0.406218,-0.349844,0.288873,0.0125,0.00505748
-0.381689,-0.357036,0.337892,0.0225,0.00505748
-0.366783,-0.365254,0.302834,0.0175,0.00505748
-0.361724,-0.325596,0.273226,0.0175,0.00505748
-0.421721,-0.258619,0.283547,0.045,0.00789782
-0.406552,-0.233059,0.302694,0.025,0.00789782
-0.382527,-0.251303,0.26558,0.0125,0.00789782
-0.429199,-0.22168,0.266275,0.0225,0.00789782
-0.423019,-0.255173,0.247334,0.0175,0.00789782
-0.412398,-0.293574,0.277126,0.0175,0.00789782
-0.876947,0.0487499,0.473814,0.045,0.00315969
-0.880249,0.0165311,0.487993,0.025,0.00315969
-0.847263,0.0462187,0.505829,0.0125,0.00315969
-0.902397,0.0502271,0.506508,0.0225,0.00315969
-0.877059,0.077808,0.495737,0.0175,0.00315969
-0.849197,0.0654136,0.456429,0.0175,0.00315969
-0.830819,-0.0328007,0.486793,0.045,0.0062445
-0.827622,-0.0341921,0.521976,0.025,0.0062445
-0.836674,0.0080112,0.501374,0.0125,0.0062445
-0.868162,-0.0373393,0.504218,0.0225,0.0062445
-0.859972,-0.016499,0.472322,0.0175,0.0062445
-0.811575,-0.0152642,0.460867,0.0175,0.0062445
-0.598048,0.222718,0.614564,0.045,0.0186168
-0.582683,0.238247,0.586765,0.025,0.0186168
-0.630106,0.241868,0.591803,0.0125,0.0186168
-0.589606,0.262339,0.623376,0.0225,0.0186168
-0.62071,0.242162,0.635382,0.0175,0.0186168
-0.623006,0.195888,0.617258,0.0175,0.0186168
-0.376332,0.0385065,0.580486,0.045,0.00552809
-0.39395,0.0146292,0.561264,0.025,0.00552809
-0.382102,0.00367025,0.606286,0.0125,0.00552809
-0.41706,0.0420864,0.587355,0.0225,0.00552809
-0.388708,0.047147,0.61361,0.0175,0.00552809
-0.343054,0.0380656,0.596054,0.0175,0.00552809
-0.483074,0.0908012,0.613597,0.045,0.0345635
-0.517513,0.0906798,0.605599,0.025,0.0345635
-0.490185,0.0546325,0.590065,0.0125,0.0345635
-0.504043,0.0686875,0.641705,0.0225,0.0345635
-0.468247,0.0610091,0.628347,0.0175,0.0345635
-0.452835,0.0921842,0.592772,0.0175,0.0345635
-0.0195923,0.244193,0.125986,0.045,0.00392158
-0.0452609,0.22446,0.111783,0.025,0.00392158
-0.0193505,0.206165,0.14758,0.0125,0.00392158
-0.0546014,0.248751,0.147719,0.0225,0.00392158
-0.0183975,0.248292,0.162135,0.0175,0.00392158
0.0168135,0.239686,0.12806,0.0175,0.00392158
-0.506886,0.123552,0.454929,0.045,0.0125109
-0.514937,0.148282,0.47888,0.025,0.0125109
-0.528322,0.103107,0.487101,0.0125,0.0125109
-0.477602,0.124914,0.484243,0.0225,0.0125109
-0.490422,0.0930022,0.465912,0.0175,0.0125109
-0.527693,0.101576,0.434093,0.0175,0.0125109
-0.955342,0.0427666,0.54655,0.045,0.00402956
-0.936556,0.044996,0.576418,0.025,0.00402956
-0.936383,0.0821748,0.546331,0.0125,0.00402956
-0.977907,0.0610817,0.576116,0.0225,0.00402956
-0.978373,0.0696594,0.538103,0.0175,0.00402956
-0.945679,0.0436304,0.511111,0.0175,0.00402956
-0.820423,0.20089,0.42191,0.045,0.00657934
-0.804143,0.228947,0.435972,0.025,0.00657934
-0.780643,0.20247,0.403812,0.0125,0.00657934
-0.825627,0.233975,0.397476,0.0225,0.00657934
-0.82103,0.197108,0.385712,0.0175,0.00657934
-0.812942,0.164927,0.42278,0.0175,0.00657934
-0.77172,0.273587,0.393857,0.045,0.00756546
-0.761262,0.251876,0.419727,0.025,0.00756546
-0.736159,0.29178,0.411661,0.0125,0.00756546
-0.787969,0.285789,0.429993,0.0225,0.00756546
-0.775901,0.309011,0.401116,0.0175,0.00756546
-0.755523,0.284686,0.362801,0.0175,0.00756546
-0.651732,0.341989,0.459228,0.045,0.0121955
-0.661383,0.349965,0.492292,0.025,0.0121955
-0.674075,0.379509,0.456887,0.0125,0.0121955
-0.689819,0.32744,0.466743,0.0225,0.0121955
-0.676938,0.341998,0.432966,0.0175,0.0121955
-0.630305,0.359225,0.43486,0.0175,0.0121955
-0.528023,0.401249,0.662321,0.045,0.102313
-0.502812,0.377381,0.655631,0.025,0.102313
-0.500201,0.420141,0.634365,0.0125,0.102313
-0.495917,0.407042,0.687903,0.0225,0.102313
-0.518323,0.434872,0.67234,0.0175,0.102313
-0.55279,0.417782,0.640797,0.0175,0.102313
-0.43186,0.396173,0.516407,0.045,0.00847167
-0.434912,0.382609,0.4839,0.025,0.00847167
-0.401552,0.415947,0.491853,0.0125,0.00847167
-0.405491,0.364521,0.511756,0.0225,0.00847167
-0.399063,0.397088,0.532173,0.0175,0.00847167
-0.436057,0.430245,0.529502,0.0175,0.00847167
-0.474918,0.293088,0.38409,0.045,0.00786997
-0.460687,0.261209,0.389678,0.025,0.00786997
-0.435873,0.300026,0.402525,0.0125,0.00786997
-0.483471,0.280336,0.4226,0.0225,0.00786997
-0.476112,0.316971,0.411534,0.0175,0.00786997
-0.464447,0.321582,0.363392,0.0175,0.00786997
-0.480709,0.185071,0.385512,0.045,0.0069303
-0.506455,0.174579,0.407355,0.025,0.0069303
-0.477428,0.209923,0.421347,0.0125,0.0069303
-0.514309,0.208764,0.380181,0.0225,0.0069303
-0.477217,0.220526,0.378046,0.0175,0.0069303
-0.444092,0.184923,0.388541,0.0175,0.0069303
-0.885015,0.42736,0.438187,0.045,0.0044549
-0.895513,0.419776,0.471085,0.025,0.0044549
-0.855307,0.444959,0.465022,0.0125,0.0044549
-0.907595,0.45863,0.453388,0.0225,0.0044549
-0.876767,0.461797,0.429759,0.0175,0.0044549
-0.854911,0.418389,0.419128,0.0175,0.0044549
-0.761434,0.396782,0.434436,0.045,0.00410853
-0.775252,0.36944,0.452085,0.025,0.00410853
-0.751812,0.403147,0.476619,0.0125,0.00410853
-0.799219,0.406598,0.448389,0.0225,0.00410853
-0.768633,0.430609,0.44579,0.0175,0.00410853
-0.726892,0.408539,0.430117,0.0175,0.00410853
-0.784551,0.665724,0.436615,0.045,0.00306525
-0.77151,0.683659,0.409079,0.025,0.00306525
-0.743173,0.6756,0.446756,0.0125,0.00306525
-0.765082,0.63979,0.410786,0.0225,0.00306525
-0.765871,0.637341,0.449672,0.0175,0.00306525
-0.789915,0.674855,0.471798,0.0175,0.00306525
-0.690946,0.558927,0.542416,0.045,0.0140889
-0.704828,0.526437,0.543713,0.025,0.0140889
-0.703338,0.552411,0.583846,0.0125,0.0140889
-0.732048,0.560898,0.53737,0.0225,0.0140889
-0.709855,0.586795,0.556228,0.0175,0.0140889
-0.661835,0.574079,0.558937,0.0175,0.0140889
-0.549173,0.642847,0.609114,0.045,0.0466311
-0.551299,0.637474,0.643994,0.025,0.0466311
-0.514099,0.662104,0.626761,0.0125,0.0466311
-0.567829,0.675106,0.627281,0.0225,0.0466311
-0.543676,0.676634,0.596735,0.0175,0.0466311
-0.524453,0.632566,0.58395,0.0175,0.0466311
-0.33617,0.50009,0.575989,0.045,0.0183169
-0.337266,0.503,0.54077,0.025,0.0183169
-0.294661,0.502856,0.562503,0.0125,0.0183169
-0.332404,0.462652,0.558581,0.0225,0.0183169
-0.314564,0.474923,0.590984,0.0175,0.0183169
-0.323696,0.522501,0.602297,0.0175,0.0183169
-0.15332,0.628078,0.131635,0.045,0.0136867
-0.185701,0.629754,0.117539,0.025,0.0136867
-0.177604,0.651801,0.159203,0.0125,0.0136867
-0.157122,0.662605,0.109003,0.0225,0.0136867
-0.137013,0.658866,0.142176,0.0175,0.0136867
-0.14073,0.613884,0.1631,0.0175,0.0136867
-0.955189,0.427473,0.3764,0.045,0.00186465
-0.922981,0.441972,0.377971,0.025,0.00186465
-0.948297,0.446538,0.33765,0.0125,0.00186465
-0.9581,0.46717,0.387994,0.0225,0.00186465
-0.983232,0.447862,0.365315,0.0175,0.00186465
-0.969471,0.401156,0.355106,0.0175,0.00186465
-0.812352,0.737197,0.374672,0.045,0.00541357
-0.804305,0.771621,0.375129,0.025,0.00541357
-0.768947,0.739822,0.370021,0.0125,0.00541357
-0.810767,0.751865,0.335928,0.0225,0.00541357
-0.799592,0.716417,0.347646,0.0175,0.00541357
-0.803116,0.709327,0.396762,0.0175,0.00541357
-0.788477,0.654997,0.34749,0.045,0.00286766
-0.766087,0.681204,0.339625,0.025,0.00286766
-0.753351,0.636252,0.3294,0.0125,0.00286766
-0.794071,0.66707,0.308226,0.0225,0.00286766
-0.796918,0.630645,0.321785,0.0175,0.00286766
-0.785841,0.626136,0.370076,0.0175,0.00286766
-0.659442,0.778149,0.385644,0.045,0.00601995
-0.643485,0.746612,0.386539,0.025,0.00601995
-0.672314,0.758815,0.422698,0.0125,0.00601995
-0.684422,0.749201,0.369621,0.0225,0.00601995
-0.695412,0.779917,0.390939,0.0175,0.00601995
-0.657535,0.807484,0.407685,0.0175,0.00601995
-0.672714,0.72484,0.567043,0.045,0.0167684
-0.692884,0.730081,0.538482,0.025,0.0167684
-0.71398,0.727279,0.581315,0.0125,0.0167684
-0.679182,0.76542,0.561551,0.0225,0.0167684
-0.676633,0.74689,0.595739,0.0175,0.0167684
-0.671264,0.6976,0.591657,0.0175,0.0167684
-0.346477,0.779766,0.550241,0.045,0.0156537
-0.351562,0.81313,0.560776,0.025,0.0156537
-0.388023,0.789552,0.540721,0.0125,0.0156537
-0.362083,0.780246,0.588646,0.0225,0.0156537
-0.369999,0.754095,0.560857,0.0175,0.0156537
-0.348109,0.763715,0.51723,0.0175,0.0156537
-0.361576,0.706423,0.600254,0.045,0.0456468
-0.390273,0.704638,0.57968,0.025,0.0456468
-0.37406,0.747671,0.592825,0.0125,0.0456468
-0.350615,0.70953,0.560392,0.0225,0.0456468
-0.334068,0.728122,0.590381,0.0175,0.0456468
-0.356187,0.719609,0.634123,0.0175,0.0456468
-0.476139,0.639127,0.330542,0.045,0.0159999
-0.49297,0.667415,0.343444,0.025,0.0159999
-0.466416,0.640947,0.37314,0.0125,0.0159999
-0.450897,0.672011,0.330124,0.0225,0.0159999
-0.440592,0.635113,0.337271,0.0175,0.0159999
-0.478783,0.603238,0.337961,0.0175,0.0159999
-0.860463,0.823054,0.236863,0.045,0.00271969
-0.893506,0.82283,0.249439,0.025,0.00271969
-0.857182,0.826504,0.280335,0.0125,0.00271969
-0.874124,0.86193,0.241423,0.0225,0.00271969
-0.837706,0.849426,0.24743,0.0175,0.00271969
-0.83199,0.80034,0.241692,0.0175,0.00271969
-0.870991,0.948415,0.220596,0.045,0.00341152
-0.856391,0.972546,0.241916,0.025,0.00341152
-0.830218,0.934788,0.228619,0.0125,0.00341152
-0.850178,0.976375,0.19815,0.0225,0.00341152
-0.853139,0.938268,0.19054,0.0175,0.00341152
-0.878285,0.912674,0.225002,0.0175,0.00341152
-0.822447,0.923346,0.29112,0.045,0.00402189
-0.837282,0.908597,0.319622,0.025,0.00402189
-0.790954,0.900421,0.310998,0.0125,0.00402189
-0.816591,0.947574,0.324247,0.0225,0.00402189
-0.791447,0.942028,0.294993,0.0175,0.00402189
-0.80682,0.908989,0.261125,0.0175,0.00402189
-0.559028,0.887816,0.270883,0.045,0.0115969
-0.540908,0.875298,0.298541,0.025,0.0115969
-0.546059,0.922627,0.293959,0.0125,0.0115969
-0.58417,0.883757,0.303595,0.0225,0.0115969
-0.585719,0.911882,0.276664,0.0175,0.0115969
-0.549435,0.909376,0.24272,0.0175,0.0115969
-0.656258,0.947317,0.537669,0.045,0.0194168
-0.687011,0.936889,0.551651,0.025,0.0194168
-0.660139,0.96812,0.57594,0.0125,0.0194168
-0.686207,0.974143,0.527562,0.0225,0.0194168
-0.649051,0.982923,0.535376,0.0175,0.0194168
-0.621475,0.943814,0.54898,0.0175,0.0194168
0.0144148,0.941672,0.123293,0.045,0.00419874
0.0344766,0.965544,0.139956,0.025,0.00419874
0.0538742,0.939943,0.104519,0.0125,0.00419874
0.0135197,0.977688,0.10278,0.0225,0.00419874
0.0129685,0.942093,0.0869236,0.0175,0.00419874
0.0169593,0.905165,0.12002,0.0175,0.00419874
-0.116815,0.954966,0.13353,0.045,0.00667226
-0.111126,0.973648,0.163002,0.025,0.00667226
-0.147302,0.942371,0.162242,0.0125,0.00667226
-0.0928218,0.933377,0.159549,0.0225,0.00667226
-0.120146,0.918795,0.135895,0.0175,0.00667226
-0.145306,0.953312,0.110388,0.0175,0.00667226
-0.938336,-0.784616,0.359148,0.045,0.00206078
-0.923276,-0.803006,0.38532,0.025,0.00206078
-0.909862,-0.811928,0.340287,0.0125,0.00206078
-0.902995,-0.766322,0.37077,0.0225,0.00206078
-0.917088,-0.768319,0.334492,0.0175,0.00206078
-0.95907,-0.794719,0.330547,0.0175,0.00206078
-0.955383,-0.845159,0.29396,0.045,0.00318935
-0.940791,-0.829768,0.265672,0.025,0.00318935
-0.91426,-0.835276,0.305083,0.0125,0.00318935
-0.935426,-0.873468,0.271176,0.0225,0.00318935
-0.937913,-0.872736,0.310061,0.0175,0.00318935
-0.962024,-0.833101,0.328026,0.0175,0.00318935
-0.75109,-0.950641,0.433381,0.045,0.00850403
-0.771627,-0.964834,0.408345,0.025,0.00850403
-0.731633,-0.987802,0.421013,0.0125,0.00850403
-0.77739,-0.977806,0.450384,0.0225,0.00850403
-0.740593,-0.971304,0.461449,0.0175,0.00850403
-0.716442,-0.938421,0.432982,0.0175,0.00850403
-0.836171,-0.826165,0.551719,0.045,0.00450673
-0.857313,-0.852539,0.562084,0.025,0.00450673
-0.817814,-0.843421,0.587464,0.0125,0.00450673
-0.863007,-0.812426,0.580176,0.0225,0.00450673
-0.825947,-0.801099,0.576053,0.0175,0.00450673
-0.80122,-0.825452,0.540408,0.0175,0.00450673
-0.614386,-0.869357,0.643194,0.045,0.0220822
-0.61419,-0.841668,0.665178,0.025,0.0220822
-0.608786,-0.885544,0.683433,0.0125,0.0220822
-0.575415,-0.856915,0.649921,0.0225,0.0220822
-0.587391,-0.893696,0.645179,0.0175,0.0220822
-0.636664,-0.89842,0.640195,0.0175,0.0220822
-0.61087,-0.955214,0.588918,0.045,0.0346333
-0.640324,-0.973477,0.595913,0.025,0.0346333
-0.599627,-0.98636,0.617483,0.0125,0.0346333
-0.629239,-0.939982,0.62282,0.0225,0.0346333
-0.590859,-0.942658,0.616611,0.0175,0.0346333
-0.578823,-0.964807,0.573721,0.0175,0.0346333
-0.421678,-0.798507,0.53564,0.045,0.0150409
-0.4151,-0.764505,0.542753,0.025,0.0150409
-0.446499,-0.788046,0.570092,0.0125,0.0150409
-0.392021,-0.795568,0.564459,0.0225,0.0150409
-0.419736,-0.822901,0.562587,0.0175,0.0150409
-0.452243,-0.816212,0.525525,0.0175,0.0150409
-0.4104,-0.954244,0.414336,0.045,0.0100798
-0.415879,-0.925272,0.394826,0.025,0.0100798
-0.372714,-0.932057,0.414274,0.0125,0.0100798
-0.398759,-0.961169,0.375154,0.0225,0.0100798
-0.381501,-0.975182,0.407163,0.0175,0.0100798
-0.401589,-0.958971,0.449692,0.0175,0.0100798
-0.873731,-0.646445,0.385595,0.045,0.0134383
-0.907485,-0.653224,0.393637,0.025,0.0134383
-0.87735,-0.641583,0.428905,0.0125,0.0134383
-0.89543,-0.61113,0.386455,0.0225,0.0134383
-0.858454,-0.615766,0.397858,0.0175,0.0134383
-0.842239,-0.662726,0.39525,0.0175,0.0134383
-0.870934,-0.864866,0.473998,0.045,0.00274367
-0.85043,-0.845933,0.452292,0.025,0.00274367
-0.876228,-0.822975,0.485381,0.0125,0.00274367
-0.834041,-0.858144,0.491675,0.0225,0.00274367
-0.868466,-0.85939,0.5099,0.0175,0.00274367
-0.907272,-0.865552,0.479386,0.0175,0.00274367
-0.719162,-0.738892,0.481474,0.045,0.0474436
-0.744095,-0.742224,0.506318,0.025,0.0474436
-0.721454,-0.700321,0.501957,0.0125,0.0474436
-0.755636,-0.725788,0.466753,0.0225,0.0474436
-0.720676,-0.710625,0.458589,0.0175,0.0474436
-0.683137,-0.73191,0.483344,0.0175,0.0474436
-0.708822,-0.718508,0.584219,0.045,0.0138644
-0.69996,-0.744228,0.561638,0.025,0.0138644
-0.668437,-0.731218,0.595172,0.0125,0.0138644
-0.717803,-0.755486,0.600671,0.0225,0.0138644
-0.704828,-0.724201,0.619949,0.0175,0.0138644
-0.694556,-0.685278,0.590718,0.0175,0.0138644
-0.43513,-0.608105,0.619515,0.045,0.0462797
-0.425103,-0.581715,0.598231,0.025,0.0462797
-0.443355,-0.57098,0.641116,0.0125,0.0462797
-0.396209,-0.596854,0.628309,0.0225,0.0462797
-0.423157,-0.608616,0.653887,0.0175,0.0462797
-0.467726,-0.617484,0.63364,0.0175,0.0462797
-0.281322,-0.676527,0.527394,0.045,0.0105183
-0.303757,-0.698592,0.511277,0.025,0.0105183
-0.311464,-0.651506,0.507955,0.0125,0.0105183
-0.269903,-0.681957,0.487911,0.0225,0.0105183
-0.266957,-0.648966,0.508446,0.0175,0.0105183
-0.285828,-0.651999,0.554377,0.0175,0.0105183
-0.476234,-0.682405,0.235465,0.045,0.0170221
-0.456844,-0.670175,0.208549,0.025,0.0170221
-0.436353,-0.674457,0.251552,0.0125,0.0170221
-0.455596,-0.713598,0.217583,0.0225,0.0170221
-0.463231,-0.709793,0.255609,0.0175,0.0170221
-0.486467,-0.667416,0.267413,0.0175,0.0170221
-0.955274,-0.359132,0.422946,0.045,0.00275969
-0.964496,-0.325554,0.429069,0.025,0.00275969
-0.986731,-0.360278,0.453304,0.0125,0.00275969
-0.93386,-0.344235,0.455168,0.0225,0.00275969
-0.947137,-0.380654,0.451152,0.0175,0.00275969
-0.973968,-0.387946,0.409898,0.0175,0.00275969
-0.786728,-0.530968,0.447746,0.045,0.00954181
-0.794563,-0.496518,0.446386,0.025,0.00954181
-0.830353,-0.528144,0.448924,0.0125,0.00954181
-0.791312,-0.515981,0.486128,0.0225,0.00954181
-0.801678,-0.551481,0.473837,0.0175,0.00954181
-0.794307,-0.558981,0.425211,0.0175,0.00954181
-0.775663,-0.497437,0.577629,0.045,0.0115851
-0.802493,-0.506416,0.556426,0.025,0.0115851
-0.769203,-0.539239,0.566521,0.0125,0.0115851
-0.806003,-0.514905,0.599835,0.0225,0.0115851
-0.767724,-0.51872,0.606072,0.0175,0.0115851
-0.739355,-0.495779,0.572251,0.0175,0.0115851
-0.60076,-0.507981,0.64124,0.045,0.0277181
-0.615999,-0.511612,0.609544,0.025,0.0277181
-0.638508,-0.529006,0.647992,0.0125,0.0277181
-0.627042,-0.476632,0.63451,0.0225,0.0277181
-0.620173,-0.494038,0.668695,0.0175,0.0277181
-0.58869,-0.532453,0.665846,0.0175,0.0277181
-0.616074,-0.412029,0.493565,0.045,0.0332851
-0.607929,-0.429282,0.523331,0.025,0.0332851
-0.652704,-0.431963,0.506731,0.0125,0.0332851
-0.60574,-0.451215,0.484822,0.0225,0.0332851
-0.632992,-0.429977,0.466794,0.0175,0.0332851
-0.639628,-0.384749,0.486425,0.0175,0.0332851
-0.561191,-0.461927,0.563876,0.045,0.0201642
-0.548758,-0.469762,0.596033,0.025,0.0201642
-0.55453,-0.423782,0.5842,0.0125,0.0201642
-0.592402,-0.463456,0.59112,0.0225,0.0201642
-0.58934,-0.439041,0.560899,0.0175,0.0201642
-0.546747,-0.443474,0.535577,0.0175,0.0201642
-0.3626,-0.547369,0.229456,0.045,0.016626
-0.37883,-0.539032,0.259739,0.025,0.016626
-0.331152,-0.535918,0.257605,0.0125,0.016626
-0.369657,-0.506543,0.230945,0.0225,0.016626
-0.338543,-0.524017,0.215282,0.0175,0.016626
-0.338212,-0.573456,0.220815,0.0175,0.016626
-0.452563,-0.316565,0.384508,0.045,0.0197398
-0.448553,-0.344342,0.40601,0.025,0.0197398
-0.463812,-0.351892,0.361315,0.0125,0.0197398
-0.414964,-0.333215,0.379238,0.0225,0.0197398
-0.437297,-0.31743,0.351475,0.0175,0.0197398
-0.481932,-0.302441,0.367538,0.0175,0.0197398
-0.869412,-0.22127,0.482049,0.045,0.00732676
-0.900055,-0.229887,0.466662,0.025,0.00732676
-0.896774,-0.232354,0.514313,0.0125,0.00732676
-0.894494,-0.188275,0.481025,0.0225,0.00732676
-0.869527,-0.197394,0.509526,0.0175,0.00732676
-0.845719,-0.240509,0.502506,0.0175,0.00732676
-0.747765,-0.126015,0.480414,0.045,0.0061413
-0.74711,-0.123186,0.51565,0.025,0.0061413
-0.789357,-0.121856,0.493269,0.0125,0.0061413
-0.753066,-0.163323,0.497698,0.0225,0.0061413
-0.76998,-0.150414,0.465048,0.0175,0.0061413
-0.759066,-0.103161,0.453957,0.0175,0.0061413
-0.722166,-0.297153,0.452325,0.045,0.0133551
-0.73962,-0.26951,0.438863,0.025,0.0133551
-0.761644,-0.29709,0.47114,0.0125,0.0133551
-0.717623,-0.264169,0.477026,0.0225,0.0133551
-0.720781,-0.30129,0.488463,0.0175,0.0133551
-0.728464,-0.333334,0.451192,0.0175,0.0133551
-0.657571,-0.252797,0.605559,0.045,0.0237983
-0.66998,-0.28569,0.609308,0.025,0.0237983
-0.673573,-0.255432,0.646173,0.0125,0.0237983
-0.698044,-0.253747,0.59663,0.0225,0.0237983
-0.679004,-0.224712,0.614326,0.0175,0.0237983
-0.630925,-0.234283,0.622799,0.0175,0.0237983
-0.452981,-0.170035,0.626497,0.045,0.0253485
-0.483582,-0.161335,0.64192,0.025,0.0253485
-0.443141,-0.141956,0.658548,0.0125,0.0253485
-0.46795,-0.135263,0.609599,0.0225,0.0253485
-0.430389,-0.143551,0.615859,0.0175,0.0253485
-0.422857,-0.186913,0.639055,0.0175,0.0253485
-0.332132,-0.127692,0.349697,0.045,0.00952308
-0.331137,-0.0994497,0.328452,0.025,0.00952308
-0.292714,-0.109537,0.355086,0.0125,0.00952308
-0.315134,-0.137963,0.313306,0.0225,0.00952308
-0.30495,-0.151859,0.348262,0.0175,0.00952308
-0.329745,-0.131312,0.386183,0.0175,0.00952308
-0.402346,-0.183689,0.352596,0.045,0.0695227
-0.426107,-0.196571,0.375387,0.025,0.0695227
-0.38343,-0.21792,0.372165,0.0125,0.0695227
-0.396265,-0.16725,0.390167,0.0225,0.0695227
-0.368626,-0.176604,0.364334,0.0175,0.0695227
-0.386044,-0.198162,0.32302,0.0175,0.0695227
-0.955002,-0.113472,0.554812,0.045,0.00636979
-0.97503,-0.126408,0.580919,0.025,0.00636979
-0.930159,-0.113125,0.590801,0.0125,0.00636979
-0.973418,-0.0824348,0.575215,0.0225,0.00636979
-0.937602,-0.0819008,0.559864,0.0175,0.00636979
-0.923676,-0.125127,0.539552,0.0175,0.00636979
-0.868931,-0.111932,0.468738,0.045,0.00492645
-0.874795,-0.14533,0.478747,0.025,0.00492645
-0.85012,-0.116585,0.507942,0.0125,0.00492645
-0.903048,-0.113878,0.49221,0.0225,0.00492645
-0.876987,-0.084906,0.491753,0.0175,0.00492645
-0.838071,-0.0932024,0.461892,0.0175,0.00492645
-0.719752,0.0869656,0.502397,0.045,0.00782379
-0.684529,0.087209,0.499354,0.025,0.00782379
-0.703997,0.0973988,0.541835,0.0125,0.00782379
-0.70436,0.0500486,0.513303,0.0225,0.00782379
-0.735033,0.0679144,0.529388,0.0175,0.00782379
-0.744043,0.113199,0.510866,0.0175,0.00782379
-0.653661,-0.00919151,0.531872,0.045,0.0465649
-0.673639,0.0186239,0.540656,0.025,0.0465649
-0.66465,-0.0146129,0.573852,0.0125,0.0465649
-0.630046,0.020423,0.548726,0.0225,0.0465649
-0.625383,-0.0180291,0.55302,0.0175,0.0465649
-0.660569,-0.0452615,0.530765,0.0175,0.0465649
-0.337901,0.100007,0.318882,0.045,0.00408163
-0.359702,0.116521,0.296477,0.025,0.00408163
-0.312539,0.11971,0.289199,0.0125,0.00408163
-0.34579,0.0756398,0.286282,0.0225,0.00408163
-0.311988,0.0782213,0.305506,0.0175,0.00408163
-0.311889,0.112339,0.341713,0.0175,0.00408163
-0.393953,-0.0497026,0.588657,0.045,0.0149174
-0.401448,-0.0817745,0.575803,0.025,0.0149174
-0.435791,-0.057577,0.598661,0.0125,0.0149174
-0.410524,-0.0462525,0.550812,0.0225,0.0149174
-0.41603,-0.0218724,0.580713,0.0175,0.0149174
-0.393712,-0.0361667,0.622815,0.0175,0.0149174
-0.427427,0.140324,0.324391,0.045,0.00812387
-0.396021,0.13252,0.338629,0.025,0.00812387
-0.403764,0.177077,0.323066,0.0125,0.00812387
-0.427502,0.149651,0.364786,0.0225,0.00812387
-0.445582,0.169454,0.336508,0.0175,0.00812387
-0.437277,0.151577,0.29083,0.0175,0.00812387
-0.294086,-0.0151825,0.481183,0.045,0.00929544
-0.305042,-0.0139764,0.514776,0.025,0.00929544
-0.308207,-0.0553801,0.491044,0.0125,0.00929544
-0.263412,-0.0269015,0.506492,0.0225,0.00929544
-0.270893,-0.0413561,0.471082,0.0175,0.00929544
-0.311589,-0.0223578,0.449685,0.0175,0.00929544
-0.873941,0.197998,0.495253,0.045,0.00595728
-0.840656,0.207711,0.488343,0.025,0.00595728
-0.866907,0.188918,0.453056,0.0125,0.00595728
-0.873313,0.236633,0.48023,0.0225,0.00595728
-0.900655,0.209699,0.47347,0.0175,0.00595728
-0.890979,0.165466,0.494081,0.0175,0.00595728
-0.733018,0.141948,0.573227,0.045,0.00932684
-0.702333,0.130599,0.559825,0.025,0.00932684
-0.739079,0.100075,0.562163,0.0125,0.00932684
-0.733239,0.146015,0.53197,0.0225,0.00932684
-0.76366,0.136441,0.554366,0.0175,0.00932684
-0.752514,0.131632,0.602612,0.0175,0.00932684
-0.7192,0.206121,0.367399,0.045,0.0036234
-0.733913,0.233652,0.350799,0.025,0.0036234
-0.736094,0.190548,0.33019,0.0125,0.0036234
-0.759471,0.208521,0.376952,0.0225,0.0036234
-0.738805,0.175827,0.372183,0.0175,0.0036234
-0.691665,0.183563,0.358292,0.0175,0.0036234
-0.360074,0.20062,0.625949,0.045,0.0646541
-0.334864,0.176398,0.631222,0.025,0.0646541
-0.376049,0.162704,0.611127,0.0125,0.0646541
-0.336922,0.196636,0.59179,0.0225,0.0646541
-0.375278,0.203424,0.592995,0.0175,0.0646541
-0.394263,0.203997,0.638976,0.0175,0.0646541
-0.29592,0.265916,0.469556,0.045,0.0046322
-0.284084,0.232647,0.467796,0.025,0.0046322
-0.271599,0.259526,0.505335,0.0125,0.0046322
-0.321397,0.24072,0.49041,0.0225,0.0046322
-0.312137,0.277318,0.500085,0.0175,0.0046322
-0.278648,0.298344,0.469895,0.0175,0.0046322
-0.381075,0.240882,0.422935,0.045,0.00551402
-0.375082,0.262638,0.450152,0.025,0.00551402
-0.362899,0.276954,0.406173,0.0125,0.00551402
-0.412949,0.267007,0.427442,0.0225,0.00551402
-0.398746,0.253545,0.39374,0.0175,0.00551402
-0.358605,0.224604,0.39885,0.0175,0.00551402
-0.399021,0.265354,0.577171,0.045,0.0216574
-0.388654,0.269442,0.610725,0.025,0.0216574
-0.431457,0.28633,0.597676,0.0125,0.0216574
-0.413434,0.234134,0.60033,0.0225,0.0216574
-0.431807,0.251056,0.570416,0.0175,0.0216574
-0.407124,0.289467,0.550659,0.0175,0.0216574
-0.951133,0.276822,0.476947,0.045,0.00139025
-0.975808,0.268157,0.500739,0.025,0.00139025
-0.937138,0.292161,0.515435,0.0125,0.00139025
-0.977867,0.308158,0.481649,0.0225,0.00139025
-0.939554,0.31129,0.475239,0.0175,0.00139025
-0.915713,0.267657,0.473567,0.0175,0.00139025
-0.828844,0.403189,0.508652,0.045,0.00407816
-0.817406,0.409104,0.541579,0.025,0.00407816
-0.858419,0.4293,0.527521,0.0125,0.00407816
-0.84603,0.375904,0.534709,0.0225,0.00407816
-0.863104,0.391982,0.503584,0.0175,0.00407816
-0.83487,0.425577,0.480149,0.0175,0.00407816
-0.750985,0.427987,0.555635,0.045,0.00616969
-0.766599,0.39652,0.55964,0.025,0.00616969
-0.776557,0.422316,0.520615,0.0125,0.00616969
-0.729031,0.398722,0.536134,0.0225,0.00616969
-0.734122,0.435489,0.524261,0.0175,0.00616969
-0.764345,0.462144,0.553435,0.0175,0.00616969
-0.713591,0.340331,0.381031,0.045,0.00869539
-0.692293,0.35881,0.359702,0.025,0.00869539
-0.676971,0.347954,0.403689,0.0125,0.00869539
-0.687967,0.314668,0.360942,0.0225,0.00869539
-0.700589,0.310638,0.397592,0.0175,0.00869539
-0.729109,0.348215,0.413389,0.0175,0.00869539
-0.628677,0.566871,0.619861,0.045,0.0181975
-0.600989,0.580978,0.636723,0.025,0.0181975
-0.636381,0.561891,0.66262,0.0125,0.0181975
-0.600698,0.537435,0.628197,0.0225,0.0181975
-0.639439,0.533218,0.62862,0.0175,0.0181975
-0.664443,0.575284,0.619659,0.0175,0.0181975
-0.424164,0.400505,0.605868,0.045,0.0230829
-0.456826,0.389811,0.614165,0.025,0.0230829
-0.422932,0.356808,0.607127,0.0125,0.0230829
-0.427267,0.395018,0.646844,0.0225,0.0230829
-0.395956,0.387545,0.624878,0.0175,0.0230829
-0.403131,0.395096,0.576231,0.0175,0.0230829
-0.386367,0.64957,0.535138,0.045,0.0347192
-0.416071,0.667147,0.527478,0.025,0.0347192
-0.418581,0.619994,0.535082,0.0125,0.0347192
-0.405609,0.660741,0.570119,0.0225,0.0347192
-0.385761,0.627722,0.564247,0.0175,0.0347192
-0.368475,0.622507,0.517889,0.0175,0.0347192
-0.450092,0.436184,0.274544,0.045,0.00841917
-0.462878,0.403292,0.276704,0.025,0.00841917
-0.415485,0.40964,0.277746,0.0125,0.00841917
-0.453966,0.4251,0.314304,0.0225,0.00841917
-0.425754,0.447344,0.299203,0.0175,0.00841917
-0.428564,0.452795,0.249833,0.0175,0.00841917
-0.874289,0.511446,0.392146,0.045,0.0043385
-0.886743,0.544296,0.388174,0.025,0.0043385
-0.842197,0.538433,0.40457,0.0125,0.0043385
-0.86343,0.526291,0.354992,0.0225,0.0043385
-0.842014,0.502903,0.377643,0.0175,0.0043385
-0.862912,0.492687,0.421619,0.0175,0.0043385
-0.779001,0.533854,0.396131,0.045,0.00779102
-0.773476,0.499376,0.390581,0.025,0.00779102
-0.817033,0.517299,0.382274,0.0125,0.00779102
-0.76923,0.527316,0.356375,0.0225,0.00779102
-0.794516,0.553722,0.369871,0.0175,0.00779102
-0.801188,0.551973,0.41914,0.0175,0.00779102
-0.765752,0.792043,0.44559,0.045,0.00871994
-0.751543,0.79078,0.47794,0.025,0.00871994
-0.799187,0.79093,0.473756,0.0125,0.00871994
-0.762513,0.752646,0.458086,0.0225,0.00871994
-0.791269,0.767716,0.436528,0.0175,0.00871994
-0.787303,0.816728,0.428971,0.0175,0.00871994
-0.699758,0.638024,0.392199,0.045,0.0140144
-0.698861,0.649397,0.425663,0.025,0.0140144
-0.676845,0.608368,0.414737,0.0125,0.0140144
-0.665215,0.659994,0.398748,0.0225,0.0140144
-0.668607,0.628618,0.375884,0.0175,0.0140144
-0.71379,0.607813,0.376695,0.0175,0.0140144
-0.689377,0.645065,0.61992,0.045,0.0143862
-0.689139,0.678046,0.632655,0.025,0.0143862
-0.654423,0.664786,0.602548,0.0125,0.0143862
-0.708657,0.67056,0.593518,0.0225,0.0143862
-0.686473,0.639966,0.583995,0.0175,0.0143862
-0.665665,0.61717,0.623012,0.0175,0.0143862
-0.317674,0.789249,0.389503,0.045,0.0154082
-0.323432,0.7789,0.422816,0.025,0.0154082
-0.279098,0.775834,0.405137,0.0125,0.0154082
-0.309908,0.820534,0.415575,0.0225,0.0154082
-0.290588,0.812589,0.382675,0.0175,0.0154082
-0.306004,0.771262,0.359666,0.0175,0.0154082
-0.371595,0.709582,0.468919,0.045,0.0244363
-0.341846,0.712464,0.450034,0.025,0.0244363
-0.34103,0.686884,0.490438,0.0125,0.0244363
-0.368019,0.677303,0.443151,0.0225,0.0244363
-0.382901,0.676533,0.479161,0.0175,0.0244363
-0.380396,0.720128,0.502997,0.0175,0.0244363
-0.884701,0.75144,0.318996,0.045,0.00413467
-0.902398,0.738136,0.346561,0.025,0.00413467
-0.874784,0.776588,0.353373,0.0125,0.00413467
-0.920913,0.77114,0.323394,0.0225,0.00413467
-0.887254,0.787044,0.311868,0.0175,0.00413467
-0.84881,0.75547,0.31224,0.0175,0.00413467
-0.823911,0.816892,0.326087,0.045,0.00401883
-0.838864,0.800035,0.298842,0.025,0.00401883
-0.861279,0.837933,0.31752,0.0125,0.00401883
-0.813132,0.835204,0.290489,0.0225,0.00401883
-0.819913,0.853036,0.324471,0.0175,0.00401883
-0.834772,0.822409,0.360751,0.0175,0.00401883
-0.741288,0.786298,0.349726,0.045,0.00409396
-0.747505,0.768618,0.379705,0.025,0.00409396
-0.714167,0.802911,0.379741,0.0125,0.00409396
-0.768872,0.806892,0.372829,0.0225,0.00409396
-0.741232,0.822693,0.350353,0.0175,0.00409396
-0.711425,0.789365,0.328541,0.0175,0.00409396
-0.620377,0.793094,0.541529,0.045,0.0161125
-0.595458,0.812615,0.525782,0.025,0.0161125
-0.582773,0.783923,0.561884,0.0125,0.0161125
-0.60193,0.771057,0.511648,0.0225,0.0161125
-0.614779,0.757381,0.545803,0.0175,0.0161125
-0.633197,0.792405,0.575955,0.0175,0.0161125
-0.27761,0.870445,0.542622,0.045,0.0205725
-0.271544,0.880481,0.509268,0.025,0.0205725
-0.309158,0.898932,0.532338,0.0125,0.0205725
-0.255132,0.905278,0.5422,0.0225,0.0205725
-0.28271,0.895935,0.568102,0.0175,0.0205725
-0.305743,0.852905,0.558461,0.0175,0.0205725
-0.413616,0.944931,0.528749,0.045,0.0654116
-0.399603,0.97255,0.511695,0.025,0.0654116
-0.431677,0.980723,0.546219,0.0125,0.0654116
-0.380827,0.959306,0.549653,0.0225,0.0654116
-0.413467,0.944701,0.565148,0.0175,0.0654116
-0.448064,0.932463,0.531558,0.0175,0.0654116
-0.461909,0.873163,0.348969,0.045,0.0354513
-0.441505,0.902023,0.34986,0.025,0.0354513
-0.477158,0.8981,0.381499,0.0125,0.0354513
-0.43115,0.867899,0.376262,0.0225,0.0354513
-0.467611,0.854588,0.37975,0.0175,0.0354513
-0.4978,0.868413,0.342704,0.0175,0.0354513
-0.390591,0.796836,0.458025,0.045,0.0358651
-0.356699,0.78728,0.46119,0.025,0.0358651
-0.366801,0.832264,0.448467,0.0125,0.0358651
-0.376816,0.80596,0.496048,0.0225,0.0358651
-0.402162,0.826846,0.475069,0.0175,0.0358651
-0.410377,0.808765,0.429456,0.0175,0.0358651
-0.949892,-0.831839,0.446743,0.045,0.00572527
-0.975535,-0.854636,0.438217,0.025,0.00572527
-0.987163,-0.814828,0.462041,0.0125,0.00572527
-0.9673,-0.820744,0.41079,0.0225,0.00572527
-0.954027,-0.79665,0.438396,0.0175,0.00572527
-0.937186,-0.819837,0.479062,0.0175,0.00572527
-0.87787,-0.855825,0.380318,0.045,0.00486663
-0.871275,-0.89016,0.375061,0.025,0.00486663
-0.845656,-0.866598,0.407863,0.0125,0.00486663
-0.899598,-0.878682,0.407229,0.0225,0.00486663
-0.88349,-0.843896,0.414246,0.0175,0.00486663
-0.857218,-0.825729,0.376104,0.0175,0.00486663
-0.749877,-0.792639,0.554329,0.045,0.0109947
-0.765188,-0.802255,0.523946,0.025,0.0109947
-0.773208,-0.828582,0.563063,0.0125,0.0109947
-0.787982,-0.776479,0.55196,0.0225,0.0109947
-0.770392,-0.789446,0.584228,0.0175,0.0109947
-0.725536,-0.809393,0.576165,0.0175,0.0109947
-0.669578,-0.807469,0.603563,0.045,0.0439758
-0.634692,-0.812585,0.60618,0.025,0.0439758
-0.650603,-0.770338,0.590383,0.0125,0.0439758
-0.65597,-0.793671,0.640213,0.0225,0.0439758
-0.68427,-0.777776,0.618644,0.0175,0.0439758
-0.691473,-0.800388,0.57492,0.0175,0.0439758
-0.566349,-0.881061,0.564857,0.045,0.0469519
-0.56386,-0.86322,0.595279,0.025,0.0469519
-0.597397,-0.89707,0.591166,0.0125,0.0469519
-0.54232,-0.901827,0.591505,0.0225,0.0469519
-0.567,-0.917445,0.565703,0.0175,0.0469519
-0.593222,-0.883907,0.539962,0.0175,0.0469519
-0.020689,-0.796548,0.127245,0.045,0.0198275
-0.0253478,-0.773798,0.153905,0.025,0.0198275
-0.0521982,-0.768975,0.11462,0.0125,0.0198275
-0.0512647,-0.809759,0.15193,0.0225,0.0198275
-0.0496847,-0.813461,0.113167,0.0175,0.0198275
-0.00988941,-0.791991,0.0924225,0.0175,0.0198275
-0.465322,-0.732476,0.57975,0.045,0.00635712
-0.499493,-0.72958,0.571153,0.025,0.00635712
-0.470996,-0.691637,0.565174,0.0125,0.00635712
-0.47049,-0.740551,0.539416,0.0225,0.00635712
-0.440086,-0.722295,0.555573,0.0175,0.00635712
-0.444507,-0.7152,0.604615,0.0175,0.00635712
-0.955324,-0.449622,0.42041,0.045,0.00179712
-0.975113,-0.478294,0.426437,0.025,0.00179712
-0.962292,-0.468258,0.381466,0.0125,0.00179712
-0.931024,-0.482946,0.424627,0.0225,0.00179712
-0.925019,-0.452922,0.400518,0.0175,0.00179712
-0.961392,-0.418985,0.401057,0.0175,0.00179712
-0.811149,-0.620764,0.449402,0.045,0.0123432
-0.810915,-0.654775,0.459056,0.025,0.0123432
-0.818303,-0.621432,0.49254,0.0125,0.0123432
-0.849813,-0.635725,0.449422,0.0225,0.0123432
-0.83902,-0.599686,0.459594,0.0175,0.0123432
-0.789835,-0.592281,0.458594,0.0175,0.0123432
-0.80195,-0.583081,0.548631,0.045,0.00733067
-0.811362,-0.597292,0.579606,0.025,0.00733067
-0.773432,-0.56819,0.578252,0.0125,0.00733067
-0.826809,-0.557027,0.569173,0.0225,0.00733067
-0.796655,-0.547128,0.546557,0.0175,0.00733067
-0.771465,-0.585961,0.528324,0.0175,0.00733067
-0.719928,-0.5513,0.531696,0.045,0.0111647
-0.728861,-0.547775,0.565722,0.025,0.0111647
-0.682648,-0.55288,0.554505,0.0125,0.0111647
-0.7174,-0.511473,0.542929,0.0225,0.0111647
-0.693853,-0.529936,0.51796,0.0175,0.0111647
-0.703647,-0.578466,0.513069,0.0175,0.0111647
-0.647309,-0.578076,0.486753,0.045,0.0116462
-0.620128,-0.556584,0.479734,0.025,0.0116462
-0.619358,-0.601083,0.462219,0.0125,0.0116462
-0.653315,-0.559092,0.45039,0.0225,0.0116462
-0.663509,-0.595638,0.459291,0.0175,0.0116462
-0.649611,-0.609964,0.504862,0.0175,0.0116462
-0.326048,-0.620609,0.590173,0.045,0.0327035
-0.358982,-0.612645,0.580077,0.025,0.0327035
-0.342593,-0.594683,0.621263,0.0125,0.0327035
-0.326189,-0.584721,0.569418,0.0225,0.0327035
-0.303519,-0.593695,0.59982,0.0175,0.0327035
-0.31276,-0.63849,0.619391,0.0175,0.0327035
-0.361369,-0.643986,0.433395,0.045,0.0218836
-0.344719,-0.657923,0.461298,0.025,0.0218836
-0.360105,-0.612715,0.463941,0.0125,0.0218836
-0.389037,-0.659658,0.459997,0.0225,0.0218836
-0.393466,-0.62755,0.438359,0.0175,0.0218836
-0.353372,-0.615647,0.411419,0.0175,0.0218836
-0.0825443,-0.510033,0.102005,0.045,0.00602095
-0.0772436,-0.489223,0.0739184,0.025,0.00602095
-0.113746,-0.479414,0.103225,0.0125,0.00602095
-0.0593269,-0.477411,0.112754,0.0225,0.00602095
-0.0863288,-0.494785,0.134841,0.0175,0.00602095
-0.110578,-0.531645,0.111855,0.0175,0.00602095
-0.864686,-0.457779,0.42909,0.045,0.00457681
-0.847268,-0.470394,0.457153,0.025,0.00457681
-0.84635,-0.423311,0.448795,0.0125,0.00457681
-0.888811,-0.455847,0.462751,0.0225,0.00457681
-0.887738,-0.429975,0.433625,0.0175,0.00457681
-0.853488,-0.439983,0.398959,0.0175,0.00457681
-0.777848,-0.249529,0.503953,0.045,0.0131379
-0.805486,-0.228041,0.508898,0.025,0.0131379
-0.778183,-0.221814,0.470126,0.0125,0.0131379
-0.810955,-0.264196,0.483765,0.0225,0.0131379
-0.773914,-0.266158,0.471813,0.0175,0.0131379
-0.741688,-0.243301,0.502046,0.0175,0.0131379
-0.826425,-0.450864,0.637725,0.045,0.0386515
-0.821501,-0.485772,0.640403,0.025,0.0386515
-0.835756,-0.461539,0.679095,0.0125,0.0386515
-0.862273,-0.470723,0.631463,0.0225,0.0386515
-0.857722,-0.436472,0.649487,0.0175,0.0386515
-0.810279,-0.422258,0.654188,0.0175,0.0386515
-0.648829,-0.42768,0.582604,0.045,0.0174103
-0.639157,-0.40168,0.560685,0.025,0.0174103
-0.619274,-0.444848,0.555324,0.0125,0.0174103
-0.671748,-0.429026,0.548084,0.0225,0.0174103
-0.659164,-0.459661,0.568624,0.0175,0.0174103
-0.630113,-0.447592,0.607165,0.0175,0.0174103
-0.627194,-0.347814,0.617682,0.045,0.0136641
-0.631827,-0.37547,0.639215,0.025,0.0136641
-0.587822,-0.357447,0.634098,0.0125,0.0136641
-0.632891,-0.334653,0.656581,0.0225,0.0136641
-0.609317,-0.318604,0.63002,0.0175,0.0136641
-0.607579,-0.343405,0.586929,0.0175,0.0136641
-0.455314,-0.330679,0.559294,0.045,0.0134206
-0.4413,-0.315102,0.587771,0.025,0.0134206
-0.488215,-0.310397,0.579754,0.0125,0.0134206
-0.458912,-0.355581,0.592243,0.0225,0.0134206
-0.484756,-0.351699,0.563333,0.0175,0.0134206
-0.472346,-0.317282,0.529622,0.0175,0.0134206
-0.360909,-0.462335,0.175352,0.045,0.00381156
-0.381148,-0.445933,0.199255,0.025,0.00381156
-0.386351,-0.493092,0.193218,0.0125,0.00381156
-0.343221,-0.464571,0.212781,0.0225,0.00381156
-0.342499,-0.492138,0.185243,0.0175,0.00381156
-0.368941,-0.480843,0.144645,0.0175,0.00381156
-0.955118,-0.198898,0.5269,0.045,0.00217116
-0.921003,-0.19275,0.519947,0.025,0.00217116
-0.937252,-0.184688,0.564201,0.0125,0.00217116
-0.93249,-0.232286,0.53649,0.0225,0.00217116
-0.963879,-0.219411,0.555666,0.0175,0.00217116
-0.982525,-0.176935,0.537692,0.0175,0.00217116
-0.817843,-0.161077,0.52399,0.045,0.00792985
-0.78465,-0.152979,0.533079,0.025,0.00792985
-0.812562,-0.118607,0.514997,0.0125,0.00792985
-0.817001,-0.14622,0.562684,0.0225,0.00792985
-0.845107,-0.140357,0.536333,0.0175,0.00792985
-0.835559,-0.160391,0.491808,0.0175,0.00792985
-0.753754,0.000882149,0.518621,0.045,0.0124699
-0.743429,-0.0261328,0.538958,0.025,0.0124699
-0.711365,0.00735386,0.527211,0.0125,0.0124699
-0.756678,0.0113703,0.558624,0.0225,0.0124699
-0.746366,0.0348855,0.529308,0.0175,0.0124699
-0.743382,0.0120737,0.485197,0.0175,0.0124699
-0.469602,-0.257783,0.61595,0.045,0.0211798
-0.468475,-0.281418,0.64222,0.025,0.0211798
-0.429722,-0.275691,0.614781,0.0125,0.0211798
-0.453568,-0.240352,0.649977,0.0225,0.0211798
-0.442948,-0.233147,0.61318,0.0175,0.0211798
-0.466535,-0.261141,0.57949,0.0175,0.0211798
-0.377889,-0.227864,0.624361,0.045,0.116654
-0.353945,-0.244539,0.644328,0.025,0.116654
-0.339242,-0.20955,0.615223,0.0125,0.116654
-0.371968,-0.207024,0.659707,0.0225,0.116654
-0.378891,-0.191479,0.624648,0.0175,0.116654
-0.382055,-0.224944,0.587973,0.0175,0.116654
-0.349046,-0.138302,0.576612,0.045,0.107057
-0.320064,-0.124523,0.59145,0.025,0.107057
-0.36289,-0.11179,0.608517,0.0125,0.107057
-0.337775,-0.161031,0.6094,0.0225,0.107057
-0.374272,-0.153578,0.597949,0.0175,0.107057
-0.377325,-0.123091,0.558753,0.0175,0.107057
-0.353179,-0.117304,0.260503,0.045,0.00448978
-0.3616,-0.137726,0.288108,0.025,0.00448978
-0.382764,-0.146079,0.246039,0.0125,0.00448978
-0.329682,-0.15146,0.260515,0.0225,0.00448978
-0.343627,-0.133068,0.229114,0.0175,0.00448978
-0.37298,-0.0943363,0.239756,0.0175,0.00448978
-0.326429,-0.237841,0.55132,0.045,0.0136169
-0.355228,-0.217861,0.546689,0.025,0.0136169
-0.344293,-0.250469,0.513453,0.0125,0.0136169
-0.359815,-0.257525,0.566041,0.0225,0.0136169
-0.329313,-0.273995,0.548232,0.0175,0.0136169
-0.295417,-0.241425,0.531945,0.0175,0.0136169
-0.862791,0.0175753,0.556809,0.045,0.00555297
-0.841238,-0.0094524,0.564222,0.025,0.00555297
-0.831926,0.03332,0.583492,0.0125,0.00555297
-0.874645,-0.000703199,0.592082,0.0225,0.00555297
-0.876314,0.037419,0.584166,0.0175,0.00555297
-0.857264,0.049715,0.539884,0.0175,0.00555297
-0.791245,0.0721111,0.558805,0.045,0.0156928
-0.757076,0.0669778,0.566295,0.025,0.0156928
-0.778085,0.107253,0.581264,0.0125,0.0156928
-0.787424,0.0548853,0.596321,0.0225,0.0156928
-0.814047,0.0812729,0.58566,0.0175,0.0156928
-0.80867,0.0976924,0.539007,0.0175,0.0156928
-0.679466,0.224209,0.567508,0.045,0.00879525
-0.700477,0.208705,0.543672,0.025,0.00879525
-0.655818,0.220156,0.530945,0.0125,0.00879525
-0.673559,0.183177,0.568014,0.0225,0.00879525
-0.646275,0.210476,0.573404,0.0175,0.00879525
-0.663015,0.257052,0.568353,0.0175,0.00879525
-0.472508,0.00782299,0.660751,0.045,0.0959239
-0.49848,0.00333988,0.684318,0.025,0.0959239
-0.453208,-0.00236023,0.69865,0.0125,0.0959239
-0.479245,0.0432082,0.681276,0.0225,0.0959239
-0.444742,0.0298593,0.669023,0.0175,0.0959239
-0.446891,-0.0149523,0.647522,0.0175,0.0959239
-0.324235,0.368418,0.364454,0.045,0.00943628
-0.322889,0.403667,0.362065,0.025,0.00943628
-0.332394,0.378307,0.322644,0.0125,0.00943628
-0.362267,0.384347,0.368767,0.0225,0.00943628
-0.353156,0.350879,0.351001,0.0175,0.00943628
-0.304292,0.341777,0.34888,0.0175,0.00943628
-0.30144,0.0969915,0.448384,0.045,0.00478944
-0.310416,0.103261,0.482002,0.025,0.00478944
-0.320623,0.0605397,0.463075,0.0125,0.00478944
-0.271515,0.0835788,0.473749,0.0225,0.00478944
-0.282741,0.0667945,0.440417,0.0175,0.00478944
-0.321343,0.0892439,0.418487,0.0175,0.00478944
-0.358647,0.180861,0.243393,0.045,0.00633433
-0.389129,0.165679,0.252898,0.025,0.00633433
-0.369196,0.197632,0.28238,0.0125,0.00633433
-0.390529,0.204728,0.231875,0.0225,0.00633433
-0.355839,0.217134,0.244581,0.0175,0.00633433
-0.325103,0.180531,0.258382,0.0175,0.00633433
-0.95525,0.199244,0.533141,0.045,0.00324315
-0.929361,0.179459,0.546864,0.025,0.00324315
-0.918364,0.222313,0.528694,0.0125,0.00324315
-0.949108,0.209537,0.572828,0.0225,0.00324315
-0.958651,0.233849,0.543905,0.0175,0.00324315
-0.961268,0.212085,0.499246,0.0175,0.00324315
-0.817289,0.274416,0.489596,0.045,0.00819753
-0.803733,0.242239,0.484039,0.025,0.00819753
-0.842528,0.246368,0.511705,0.0125,0.00819753
-0.836521,0.256291,0.457653,0.0225,0.00819753
-0.852865,0.279803,0.484088,0.0175,0.00819753
-0.821784,0.294454,0.520064,0.0175,0.00819753
-0.809315,0.346493,0.58279,0.045,0.0101251
-0.823353,0.37126,0.603756,0.025,0.0101251
-0.851832,0.348549,0.572761,0.0125,0.0101251
-0.824977,0.328917,0.616916,0.0225,0.0101251
-0.825176,0.313778,0.581006,0.0175,0.0101251
-0.806121,0.343879,0.546281,0.0175,0.0101251
-0.665499,0.158207,0.505907,0.045,0.00872454
-0.638982,0.136624,0.514909,0.025,0.00872454
-0.67066,0.121752,0.482308,0.0125,0.00872454
-0.633859,0.162913,0.479534,0.0225,0.00872454
-0.67176,0.16477,0.470655,0.0175,0.00872454
-0.701988,0.155204,0.508992,0.0175,0.00872454
-0.333756,0.324786,0.597241,0.045,0.028781
-0.359709,0.345395,0.584922,0.025,0.028781
-0.338809,0.357044,0.626334,0.0125,0.028781
-0.317742,0.356057,0.575232,0.0225,0.028781
-0.302273,0.34008,0.607235,0.0175,0.028781
-0.330523,0.304684,0.627826,0.0175,0.028781
-0.478244,0.552817,0.476109,0.045,0.00557489
-0.459919,0.555988,0.506178,0.025,0.00557489
-0.500864,0.531275,0.506715,0.0125,0.00557489
-0.453244,0.520102,0.480952,0.0225,0.00557489
-0.488947,0.519736,0.465334,0.0175,0.00557489
-0.511903,0.563861,0.466357,0.0175,0.00557489
-0.484512,0.47306,0.517913,0.045,0.0137047
-0.456554,0.459756,0.500844,0.025,0.0137047
-0.456312,0.506081,0.512735,0.0125,0.0137047
-0.455569,0.461323,0.545176,0.0225,0.0137047
-0.479144,0.492185,0.548415,0.0175,0.0137047
-0.508769,0.499202,0.509069,0.0175,0.0137047
-0.536566,0.270939,0.545634,0.045,0.00904473
-0.525628,0.240446,0.531472,0.025,0.00904473
-0.564355,0.26171,0.513152,0.0125,0.00904473
-0.511672,0.278466,0.513348,0.0225,0.00904473
-0.542903,0.299327,0.523749,0.0175,0.00904473
-0.567696,0.280589,0.562598,0.0175,0.00904473
-0.876432,0.484459,0.518322,0.045,0.00622461
-0.853914,0.498812,0.541494,0.025,0.00622461
-0.893077,0.523392,0.529261,0.0125,0.00622461
-0.888528,0.475799,0.557019,0.0225,0.00622461
-0.911841,0.483037,0.52664,0.0175,0.00622461
-0.88753,0.494889,0.484885,0.0175,0.00622461
-0.80883,0.478264,0.459936,0.045,0.00592458
-0.781853,0.469923,0.438661,0.025,0.00592458
-0.815633,0.43708,0.446892,0.0125,0.00592458
-0.819196,0.485501,0.420453,0.0225,0.00592458
-0.842868,0.47234,0.448475,0.0175,0.00592458
-0.820189,0.464504,0.492055,0.0175,0.00592458
-0.74398,0.584358,0.472721,0.045,0.00482914
-0.732981,0.617521,0.467313,0.025,0.00482914
-0.701955,0.581687,0.460921,0.0125,0.00482914
-0.747777,0.594155,0.432617,0.0225,0.00482914
-0.737918,0.559309,0.447015,0.0175,0.00482914
-0.73358,0.558412,0.496567,0.0175,0.00482914
-0.713524,0.719624,0.426346,0.045,0.0111135
-0.747292,0.72616,0.418162,0.025,0.0111135
-0.731683,0.680968,0.416941,0.0125,0.0111135
-0.737342,0.715191,0.459988,0.0225,0.0111135
-0.705962,0.693911,0.450977,0.0175,0.0111135
-0.68568,0.705422,0.407032,0.0175,0.0111135
-0.75899,0.697994,0.6411,0.045,0.00520303
-0.730391,0.703575,0.621077,0.025,0.00520303
-0.765972,0.676941,0.60341,0.0125,0.00520303
-0.765203,0.730679,0.616365,0.0225,0.00520303
-0.791944,0.704415,0.627035,0.0175,0.00520303
-0.773905,0.667415,0.654974,0.0175,0.00520303
-0.388044,0.473341,0.503031,0.045,0.0125829
-0.3683,0.496779,0.485401,0.025,0.0125829
-0.376868,0.454226,0.465319,0.0125,0.0125829
-0.411882,0.495325,0.477199,0.0225,0.0125829
-0.416168,0.457624,0.486089,0.0175,0.0125829
-0.3808,0.439815,0.516205,0.0175,0.0125829
0.0855103,0.442684,0.116887,0.045,0.00305643
0.0848897,0.411115,0.132794,0.025,0.00305643
0.113736,0.417319,0.095152,0.0125,0.00305643
0.115647,0.440558,0.145277,0.0225,0.00305643
0.117576,0.458843,0.110916,0.0175,0.00305643
0.0768824,0.453405,0.0828192,0.0175,0.00305643
-0.955364,0.539222,0.418187,0.045,0.00215311
-0.962444,0.504612,0.416747,0.025,0.00215311
-0.935137,0.523925,0.382559,0.0125,0.00215311
-0.924995,0.517798,0.436557,0.0225,0.00215311
-0.920802,0.550322,0.415501,0.0175,0.00215311
-0.96317,0.567045,0.395495,0.0175,0.00215311
-0.877133,0.676102,0.367251,0.045,0.00383045
-0.890778,0.645182,0.377634,0.025,0.00383045
-0.84981,0.660007,0.397366,0.0125,0.00383045
-0.900569,0.681607,0.401004,0.0225,0.00383045
-0.867619,0.700581,0.392456,0.0175,0.00383045
-0.845513,0.684901,0.350737,0.0175,0.00383045
-0.803723,0.872883,0.452865,0.045,0.00474426
-0.837733,0.881364,0.457488,0.025,0.00474426
-0.818001,0.888154,0.414453,0.0125,0.00474426
-0.827871,0.841082,0.441713,0.0225,0.00474426
-0.794447,0.851725,0.424734,0.0175,0.00474426
-0.774212,0.892892,0.443992,0.0175,0.00474426
-0.681325,0.797944,0.475314,0.045,0.0170708
-0.709124,0.812297,0.491782,0.025,0.0170708
-0.673296,0.794787,0.518187,0.0125,0.0170708
-0.673813,0.837874,0.483554,0.0225,0.0170708
-0.647814,0.808857,0.48442,0.0175,0.0170708
-0.667314,0.763978,0.475437,0.0175,0.0170708
-0.602468,0.838624,0.61705,0.045,0.0192614
-0.632299,0.854048,0.628105,0.025,0.0192614
-0.591824,0.862395,0.652181,0.0125,0.0192614
-0.605736,0.876528,0.600577,0.0225,0.0192614
-0.572801,0.859102,0.611996,0.0175,0.0192614
-0.57974,0.814493,0.632897,0.0175,0.0192614
-0.582241,0.742325,0.605135,0.045,0.0156381
-0.586119,0.724014,0.63513,0.025,0.0156381
-0.566274,0.702356,0.597386,0.0125,0.0156381
-0.547535,0.744622,0.627695,0.0225,0.0156381
-0.549703,0.742848,0.588824,0.0175,0.0156381
-0.596014,0.737738,0.571382,0.0175,0.0156381
-0.397742,0.813194,0.356564,0.045,0.0198407
-0.376474,0.785084,0.353828,0.025,0.0198407
-0.359443,0.824898,0.374133,0.0125,0.0198407
-0.39937,0.790784,0.391405,0.0225,0.0198407
-0.401257,0.829626,0.388853,0.0175,0.0198407
-0.395832,0.847126,0.342601,0.0175,0.0198407
-0.449242,0.680733,0.434049,0.045,0.0252665
-0.424708,0.656349,0.441365,0.025,0.0252665
-0.442478,0.682548,0.477216,0.0125,0.0252665
-0.467488,0.645173,0.445063,0.0225,0.0252665
-0.480103,0.681103,0.453347,0.0175,0.0252665
-0.4497,0.717281,0.437796,0.0175,0.0252665
-0.936667,0.950579,0.282654,0.045,0.00292686
-0.944977,0.975177,0.258657,0.025,0.00292686
-0.93186,0.931763,0.24347,0.0125,0.00292686
-0.976605,0.947104,0.272085,0.0225,0.00292686
-0.952344,0.917796,0.280523,0.0175,0.00292686
-0.905593,0.932221,0.289539,0.0175,0.00292686
-0.803825,0.955484,0.417978,0.045,0.00281522
-0.77969,0.935578,0.434448,0.025,0.00281522
-0.779209,0.93744,0.386658,0.0125,0.00281522
-0.769002,0.97726,0.423624,0.0225,0.00281522
-0.792833,0.979432,0.392865,0.0175,0.00281522
-0.830751,0.947261,0.394369,0.0175,0.00281522
-0.721017,0.948737,0.384745,0.045,0.00327006
-0.718408,0.975228,0.408013,0.025,0.00327006
-0.697726,0.980152,0.36517,0.0125,0.00327006
-0.7513,0.976296,0.378253,0.0225,0.00327006
-0.732363,0.95597,0.350922,0.0175,0.00327006
-0.695845,0.927273,0.368754,0.0175,0.00327006
-0.64313,0.94871,0.428723,0.045,0.0103784
-0.673492,0.966462,0.432335,0.025,0.0103784
-0.632541,0.988433,0.443639,0.0125,0.0103784
-0.650738,0.970829,0.394494,0.0225,0.0103784
-0.615758,0.96407,0.410289,0.0175,0.0103784
-0.617436,0.938447,0.452899,0.0175,0.0103784
-0.314707,0.955972,0.395784,0.045,0.00960576
-0.323932,0.958226,0.42984,0.025,0.00960576
-0.347983,0.928169,0.401457,0.0125,0.00960576
-0.29516,0.926706,0.417698,0.0225,0.00960576
-0.30855,0.923162,0.381271,0.0175,0.00960576
-0.332867,0.963271,0.364689,0.0175,0.00960576
-0.35716,0.945101,0.259116,0.045,0.010612
-0.33422,0.918715,0.253864,0.025,0.010612
-0.323684,0.962089,0.236682,0.0125,0.010612
-0.328498,0.945106,0.289071,0.0225,0.010612
-0.345101,0.976502,0.273028,0.0175,0.010612
-0.376568,0.966001,0.235953,0.0175,0.010612
-0.494081,0.955501,0.347095,0.045,0.0215655
-0.459679,0.949559,0.341509,0.025,0.0215655
-0.472453,0.986766,0.368712,0.0125,0.0215655
-0.478495,0.932593,0.377935,0.0225,0.0215655
-0.505915,0.960091,0.381211,0.0175,0.0215655
-0.516016,0.983731,0.338619,0.0175,0.0215655
-0.95397,-0.710366,0.407233,0.045,0.000549068
-0.937153,-0.703156,0.376981,0.025,0.000549068
-0.984711,-0.708174,0.376206,0.0125,0.000549068
-0.953712,-0.669443,0.400603,0.0225,0.000549068
-0.98256,-0.689995,0.416855,0.0175,0.000549068
-0.974251,-0.739031,0.418051,0.0175,0.000549068
-0.95508,-0.899028,0.365834,0.045,0.00211324
-0.975558,-0.871056,0.358889,0.025,0.00211324
-0.987628,-0.899966,0.395028,0.0125,0.00211324
-0.943657,-0.866926,0.38945,0.0225,0.00211324
-0.943545,-0.904462,0.399928,0.0175,0.00211324
-0.961532,-0.935194,0.365186,0.0175,0.00211324
-0.840397,-0.955124,0.442228,0.045,0.00213433
-0.85383,-0.92261,0.438711,0.025,0.00213433
-0.80631,-0.927797,0.440269,0.0125,0.00213433
-0.84244,-0.944932,0.402095,0.0225,0.00213433
-0.814539,-0.966164,0.419109,0.0175,0.00213433
-0.819806,-0.9707,0.46837,0.0175,0.00213433
-0.8697,-0.893912,0.61709,0.045,0.0114504
-0.868705,-0.858928,0.612077,0.025,0.0114504
-0.83352,-0.885757,0.593917,0.0125,0.0114504
-0.887193,-0.884331,0.580745,0.0225,0.0114504
-0.865812,-0.915998,0.588418,0.0175,0.0114504
-0.847108,-0.917071,0.634504,0.0175,0.0114504
-0.46754,-0.951963,0.596102,0.045,0.0342752
-0.438926,-0.933489,0.605587,0.025,0.0342752
-0.470155,-0.946468,0.639408,0.0125,0.0342752
-0.437294,-0.977772,0.607842,0.0225,0.0342752
-0.475469,-0.982679,0.613953,0.0175,0.0342752
-0.503498,-0.944714,0.598206,0.0175,0.0342752
-0.416885,-0.792324,0.329826,0.045,0.0182969
-0.412835,-0.780923,0.296606,0.025,0.0182969
-0.422237,-0.748934,0.330896,0.0125,0.0182969
-0.377588,-0.780696,0.323558,0.0225,0.0182969
-0.39799,-0.776246,0.356462,0.0175,0.0182969
-0.445312,-0.791218,0.353079,0.0175,0.0182969
-0.475483,-0.87337,0.55377,0.045,0.0330673
-0.48402,-0.892197,0.525088,0.025,0.0330673
-0.471424,-0.846385,0.519596,0.0125,0.0330673
-0.441289,-0.889455,0.536717,0.0225,0.0330673
-0.444271,-0.854642,0.553977,0.0175,0.0330673
-0.490339,-0.843442,0.569054,0.0175,0.0330673
-0.481065,-0.918693,0.37157,0.045,0.0130242
-0.479339,-0.939334,0.400222,0.025,0.0130242
-0.510658,-0.95037,0.365801,0.0125,0.0130242
-0.455389,-0.950481,0.364573,0.0225,0.0130242
-0.479341,-0.934031,0.338603,0.0175,0.0130242
-0.508023,-0.898053,0.357524,0.0175,0.0130242
-0.952041,-0.594334,0.444604,0.045,0.00498584
-0.974501,-0.584906,0.418978,0.025,0.00498584
-0.98816,-0.618306,0.450368,0.0125,0.00498584
-0.977512,-0.564647,0.458339,0.0225,0.00498584
-0.963672,-0.594586,0.479095,0.0175,0.00498584
-0.935781,-0.626259,0.452753,0.0175,0.00498584
-0.811234,-0.755285,0.492414,0.045,0.0220667
-0.845624,-0.762638,0.496054,0.025,0.0220667
-0.816449,-0.77021,0.533188,0.0125,0.0220667
-0.830989,-0.722751,0.508846,0.0225,0.0220667
-0.794848,-0.734536,0.517433,0.0175,0.0220667
-0.781124,-0.776276,0.494099,0.0175,0.0220667
-0.767103,-0.667148,0.512554,0.045,0.0302014
-0.793642,-0.688436,0.502937,0.025,0.0302014
-0.784827,-0.682315,0.549545,0.0125,0.0302014
-0.802727,-0.645951,0.511949,0.0225,0.0302014
-0.773396,-0.641049,0.537136,0.0175,0.0302014
-0.735954,-0.673239,0.531064,0.0175,0.0302014
-0.634524,-0.579161,0.597983,0.045,0.0313621
-0.61521,-0.585692,0.626867,0.025,0.0313621
-0.604053,-0.547847,0.599835,0.0125,0.0313621
-0.649312,-0.557488,0.630083,0.0225,0.0313621
-0.648048,-0.545743,0.592945,0.0175,0.0313621
-0.626038,-0.578121,0.56225,0.0175,0.0313621
-0.596978,-0.633191,0.536709,0.045,0.0194581
-0.585184,-0.666067,0.542191,0.025,0.0194581
-0.555259,-0.629436,0.549276,0.0125,0.0194581
-0.601228,-0.643256,0.576701,0.0225,0.0194581
-0.592059,-0.608096,0.562613,0.0175,0.0194581
-0.586857,-0.606873,0.513152,0.0175,0.0194581
-0.392024,-0.681582,0.59044,0.045,0.0190487
-0.398209,-0.716383,0.591252,0.025,0.0190487
-0.353176,-0.700932,0.595818,0.0125,0.0190487
-0.39637,-0.694262,0.629671,0.0225,0.0190487
-0.372113,-0.666543,0.616942,0.0175,0.0190487
-0.372534,-0.660437,0.567571,0.0175,0.0190487
-0.401151,-0.614922,0.508801,0.045,0.072493
-0.375512,-0.591589,0.515748,0.025,0.072493
-0.389935,-0.620953,0.550637,0.0125,0.072493
-0.364062,-0.632575,0.503184,0.0225,0.072493
-0.395969,-0.649934,0.517303,0.0175,0.072493
-0.434912,-0.619428,0.52258,0.0175,0.072493
-0.955572,-0.271019,0.47157,0.045,0.00371688
-0.965975,-0.267825,0.505209,0.025,0.00371688
-0.966839,-0.311118,0.484899,0.0125,0.00371688
-0.923741,-0.278678,0.497004,0.0225,0.00371688
-0.930895,-0.296378,0.46303,0.0175,0.00371688
-0.973133,-0.281807,0.441153,0.0175,0.00371688
-0.804699,-0.334471,0.491757,0.045,0.0161302
-0.816847,-0.36138,0.511208,0.025,0.0161302
-0.798593,-0.323253,0.533583,0.0125,0.0161302
-0.844123,-0.32748,0.502511,0.0225,0.0161302
-0.815996,-0.300698,0.499292,0.0175,0.0161302
-0.771301,-0.319558,0.488262,0.0175,0.0161302
-0.880006,-0.58477,0.599587,0.045,0.00699328
-0.909405,-0.565133,0.599809,0.025,0.00699328
-0.911721,-0.609784,0.582827,0.0125,0.00699328
-0.901619,-0.592056,0.634207,0.0225,0.00699328
-0.880961,-0.61819,0.613982,0.0175,0.00699328
-0.860654,-0.600049,0.572347,0.0175,0.00699328
-0.734694,-0.42392,0.608624,0.045,0.00990866
-0.761119,-0.428576,0.585601,0.025,0.00990866
-0.751695,-0.46331,0.617101,0.0125,0.00990866
-0.770569,-0.412062,0.625686,0.0225,0.00990866
-0.740931,-0.429469,0.644054,0.0175,0.00990866
-0.703207,-0.442032,0.614153,0.0175,0.00990866
-0.564147,-0.55057,0.549355,0.045,0.0226332
-0.562993,-0.578421,0.571103,0.025,0.0226332
-0.565791,-0.586156,0.523988,0.0125,0.0226332
-0.525005,-0.563533,0.553668,0.0225,0.0226332
-0.541094,-0.549144,0.52122,0.0175,0.0226332
-0.589555,-0.538772,0.52558,0.0175,0.0226332
-0.309002,-0.477566,0.435955,0.045,0.015751
-0.305742,-0.511395,0.42621,0.025,0.015751
-0.280666,-0.478174,0.40265,0.0125,0.015751
-0.276576,-0.494772,0.455224,0.0225,0.015751
-0.278958,-0.45805,0.442394,0.0175,0.015751
-0.321228,-0.44778,0.418254,0.0175,0.015751
-0.429807,-0.599964,0.254795,0.045,0.00557585
-0.428943,-0.635305,0.255335,0.025,0.00557585
-0.455377,-0.61347,0.221989,0.0125,0.00557585
-0.400529,-0.613792,0.228904,0.0225,0.00557585
-0.42325,-0.582597,0.223484,0.0175,0.00557585
-0.457123,-0.575804,0.259281,0.0175,0.00557585
-0.439768,-0.403549,0.366778,0.045,0.0188791
-0.429399,-0.393206,0.398958,0.025,0.0188791
-0.425873,-0.362291,0.362635,0.0125,0.0188791
-0.470894,-0.384156,0.386113,0.0225,0.0188791
-0.462814,-0.382523,0.348024,0.0175,0.0188791
-0.421726,-0.407364,0.334999,0.0175,0.0188791
-0.871918,-0.283077,0.547199,0.045,0.00838793
-0.86362,-0.317432,0.548163,0.025,0.00838793
-0.835092,-0.286262,0.570571,0.0125,0.00838793
-0.887399,-0.300408,0.581532,0.0225,0.00838793
-0.873097,-0.264295,0.578358,0.0175,0.00838793
-0.854527,-0.253794,0.533415,0.0175,0.00838793
-0.723303,-0.195592,0.55097,0.045,0.0213219
-0.730493,-0.186566,0.584389,0.025,0.0213219
-0.689446,-0.171662,0.564882,0.0125,0.0213219
-0.741527,-0.158367,0.551956,0.0225,0.0213219
-0.713472,-0.16967,0.527382,0.0175,0.0213219
-0.696366,-0.215587,0.535984,0.0175,0.0213219
-0.756278,-0.284932,0.583709,0.045,0.0112046
-0.767292,-0.3056,0.557222,0.025,0.0112046
-0.785185,-0.312833,0.600983,0.0125,0.0112046
-0.79102,-0.26946,0.567204,0.0225,0.0112046
-0.781007,-0.268617,0.604858,0.0175,0.0112046
-0.738379,-0.292189,0.614965,0.0175,0.0112046
-0.713708,-0.342952,0.641231,0.045,0.0102306
-0.724728,-0.365148,0.666447,0.025,0.0102306
-0.681874,-0.372468,0.646511,0.0125,0.0102306
-0.699394,-0.33065,0.678143,0.0225,0.0102306
-0.680656,-0.32797,0.644077,0.0175,0.0102306
-0.705375,-0.347927,0.605793,0.0175,0.0102306
-0.51002,-0.357844,0.636084,0.045,0.0194455
-0.54503,-0.359879,0.640572,0.025,0.0194455
-0.516772,-0.387612,0.667402,0.0125,0.0194455
-0.52184,-0.332565,0.666743,0.0225,0.0194455
-0.488715,-0.353036,0.665203,0.0175,0.0194455
-0.484984,-0.382464,0.625265,0.0175,0.0194455
-0.279276,-0.326197,0.543926,0.045,0.00238777
-0.302595,-0.308159,0.563442,0.025,0.00238777
-0.258723,-0.290063,0.557506,0.0125,0.00238777
-0.298833,-0.298257,0.520354,0.0225,0.00238777
-0.261497,-0.308981,0.517233,0.0175,0.00238777
-0.246826,-0.341445,0.551958,0.0175,0.00238777
0.30388,-0.0293226,0.202389,0.045,0.00868699
0.277134,-0.0062233,0.203433,0.025,0.00868699
0.268911,-0.0515073,0.216442,0.0125,0.00868699
0.300662,-0.013122,0.240414,0.0225,0.00868699
0.310754,-0.0497471,0.231725,0.0175,0.00868699
0.309235,-0.0601291,0.183094,0.0175,0.00868699
-0.937159,-0.0259056,0.601735,0.045,0.0137459
-0.970697,-0.0328357,0.610518,0.025,0.0137459
-0.94293,-0.0688248,0.595642,0.0125,0.0137459
-0.939203,-0.0379534,0.641351,0.0225,0.0137459
-0.910559,-0.0461005,0.616214,0.0175,0.0137459
-0.91867,-0.0291504,0.57015,0.0175,0.0137459
-0.871391,-0.0723629,0.561642,0.045,0.00965601
-0.89126,-0.0885634,0.585989,0.025,0.00965601
-0.843854,-0.0947941,0.587157,0.0125,0.00965601
-0.873653,-0.049047,0.595847,0.0225,0.00965601
-0.842709,-0.0527261,0.572444,0.0175,0.00965601
-0.849219,-0.0851564,0.535284,0.0175,0.00965601
-0.673236,0.0696135,0.589307,0.045,0.0204753
-0.65676,0.0816417,0.618183,0.025,0.0204753
-0.697493,0.102663,0.604531,0.0125,0.0204753
-0.688785,0.0513286,0.62311,0.0225,0.0204753
-0.708695,0.0616144,0.591227,0.0175,0.0204753
-0.681342,0.0853122,0.557091,0.0175,0.0204753
-0.545068,-0.0489502,0.628296,0.045,0.0364675
-0.514651,-0.0460756,0.646088,0.025,0.0364675
-0.550401,-0.0161282,0.6567,0.0125,0.0364675
-0.547092,-0.0709035,0.663406,0.0225,0.0364675
-0.57629,-0.0510703,0.646888,0.0175,0.0364675
-0.563047,-0.0258233,0.606117,0.0175,0.0364675
-0.304054,-0.0944996,0.439248,0.045,0.0119122
-0.32559,-0.0957679,0.411237,0.025,0.0119122
-0.34417,-0.102285,0.454824,0.0125,0.0119122
-0.320987,-0.0572231,0.432728,0.0225,0.0119122
-0.312864,-0.073128,0.467366,0.0175,0.0119122
-0.294964,-0.119465,0.464627,0.0175,0.0119122
-0.319164,0.0252876,0.384178,0.045,0.0294606
-0.331162,0.043431,0.41205,0.025,0.0294606
-0.330233,-0.00433054,0.41439,0.0125,0.0294606
-0.28839,0.0316598,0.411216,0.0225,0.0294606
-0.293622,-0.000136344,0.389299,0.0175,0.0294606
-0.335092,0.000852305,0.361835,0.0175,0.0294606
-0.291723,0.0351858,0.132644,0.045,0.140174
-0.257329,0.031779,0.140088,0.025,0.140174
-0.289036,0.0279695,0.175693,0.0125,0.140174
-0.281,-0.00485498,0.131941,0.0225,0.140174
-0.31495,0.00971699,0.144343,0.0175,0.140174
-0.317117,0.0594123,0.143517,0.0175,0.140174
-0.409469,0.238808,0.329564,0.045,0.00456492
-0.400357,0.211067,0.3495,0.025,0.00456492
-0.443792,0.211707,0.329487,0.0125,0.00456492
-0.394002,0.208679,0.305651,0.0225,0.00456492
-0.422997,0.232974,0.296278,0.0175,0.00456492
-0.43596,0.264048,0.332903,0.0175,0.00456492
-0.874691,0.117369,0.5439,0.045,0.00503279
-0.856857,0.0954875,0.565188,0.025,0.00503279
-0.899058,0.112528,0.579891,0.0125,0.00503279
-0.887459,0.07837,0.537999,0.0225,0.00503279
-0.909667,0.110366,0.536644,0.0175,0.00503279
-0.88533,0.152336,0.547652,0.0175,0.00503279
-0.813059,0.181109,0.559174,0.045,0.0119331
-0.805611,0.205701,0.534888,0.025,0.0119331
-0.830977,0.167348,0.52173,0.0125,0.0119331
-0.844294,0.208235,0.556474,0.0225,0.0119331
-0.847491,0.169958,0.563058,0.0175,0.0119331
-0.80414,0.145575,0.561956,0.0175,0.0119331
-0.748443,0.339941,0.509379,0.045,0.00534952
-0.778186,0.32469,0.5209,0.025,0.00534952
-0.738286,0.298417,0.518606,0.0125,0.00534952
-0.750173,0.341788,0.55076,0.0225,0.00534952
-0.718094,0.336721,0.529219,0.0175,0.00534952
-0.726882,0.33335,0.480368,0.0175,0.00534952
-0.33261,0.279869,0.351154,0.045,0.00710051
-0.302854,0.289991,0.367344,0.025,0.00710051
-0.301161,0.252836,0.337275,0.0125,0.00710051
-0.311572,0.306138,0.326945,0.0225,0.00710051
-0.33246,0.275475,0.31502,0.0175,0.00710051
-0.351902,0.248613,0.352107,0.0175,0.00710051
-0.405506,0.435816,0.371117,0.045,0.00805388
-0.394443,0.467617,0.360332,0.025,0.00805388
-0.362088,0.432977,0.36672,0.0125,0.00805388
-0.40302,0.436642,0.329742,0.0225,0.00805388
-0.394906,0.40624,0.352734,0.0175,0.00805388
-0.398549,0.416134,0.401353,0.0175,0.00805388
-0.356849,0.280494,0.24907,0.045,0.00638702
-0.377878,0.284792,0.277164,0.025,0.00638702
-0.394791,0.296038,0.233863,0.0125,0.00638702
-0.380378,0.246781,0.254413,0.0225,0.00638702
-0.369347,0.262039,0.220292,0.0175,0.00638702
-0.34323,0.304172,0.224496,0.0175,0.00638702
-0.458027,0.236802,0.514145,0.045,0.00785912
-0.438933,0.26604,0.519676,0.025,0.00785912
-0.432271,0.228449,0.548486,0.0125,0.00785912
-0.421635,0.233854,0.494506,0.0225,0.00785912
-0.440965,0.204737,0.511749,0.0175,0.00785912
-0.482646,0.219037,0.53484,0.0175,0.00785912
-0.955027,0.369592,0.44526,0.045,0.00146086
-0.972481,0.373381,0.475772,0.025,0.00146086
-0.928329,0.391413,0.47216,0.0125,0.00146086
-0.974693,0.406083,0.445865,0.0225,0.00146086
-0.939941,0.398874,0.429769,0.0175,0.00146086
-0.923769,0.352326,0.436608,0.0175,0.00146086
-0.883986,0.334671,0.490453,0.045,0.00525474
-0.900291,0.322229,0.461655,0.025,0.00525474
-0.926113,0.345753,0.494325,0.0125,0.00525474
-0.885733,0.364142,0.461347,0.0225,0.00525474
-0.888794,0.369514,0.499824,0.0175,0.00525474
-0.887958,0.327367,0.526242,0.0175,0.00525474
-0.825943,0.454335,0.597603,0.045,0.00833156
-0.830694,0.420531,0.588401,0.025,0.00833156
-0.869141,0.447524,0.597382,0.0125,0.00833156
-0.831947,0.451529,0.556678,0.0225,0.00833156
-0.844405,0.480237,0.579903,0.0175,0.00833156
-0.834264,0.473092,0.628081,0.0175,0.00833156
-0.682005,0.372384,0.576262,0.045,0.00721809
-0.649206,0.367555,0.588545,0.025,0.00721809
-0.656398,0.400375,0.554506,0.0125,0.00721809
-0.674242,0.399304,0.606819,0.0225,0.00721809
-0.695599,0.406125,0.574943,0.0175,0.00721809
-0.696831,0.368072,0.542921,0.0175,0.00721809
-0.659221,0.474074,0.567997,0.045,0.0126248
-0.685457,0.451119,0.562105,0.025,0.0126248
-0.665412,0.473201,0.524714,0.0125,0.0126248
-0.643611,0.436535,0.559879,0.0225,0.0126248
-0.628235,0.470713,0.549193,0.0175,0.0126248
-0.655963,0.51011,0.561606,0.0175,0.0126248
-0.522042,0.566796,0.658375,0.045,0.0324298
-0.553284,0.583276,0.65682,0.025,0.0324298
-0.517968,0.598226,0.628241,0.0125,0.0324298
-0.545317,0.550182,0.628358,0.0225,0.0324298
-0.506667,0.555107,0.627521,0.0175,0.0324298
-0.488389,0.578362,0.667522,0.0175,0.0324298
-0.440777,0.595813,0.406652,0.045,0.0123159
-0.424109,0.598531,0.375591,0.025,0.0123159
-0.398269,0.589599,0.414834,0.0125,0.0123159
-0.436242,0.558251,0.389702,0.0225,0.0123159
-0.434362,0.566799,0.427678,0.0175,0.0123159
-0.438604,0.615344,0.437698,0.0175,0.0123159
-0.0441885,0.447874,0.0961704,0.045,0.00130657
-0.0666628,0.444289,0.123227,0.025,0.00130657
-0.0571667,0.406112,0.0960268,0.0125,0.00130657
-0.0238687,0.434559,0.129765,0.0225,0.00130657
-0.0166091,0.424349,0.0928622,0.0175,0.00130657
-0.0483121,0.443893,0.0598779,0.0175,0.00130657
-0.88427,0.5677,0.465929,0.045,0.00558404
-0.871884,0.599461,0.456556,0.025,0.00558404
-0.854946,0.560692,0.434251,0.0125,0.00558404
-0.905817,0.582327,0.433672,0.0225,0.00558404
-0.896298,0.545082,0.44007,0.0175,0.00558404
-0.868032,0.538091,0.480408,0.0175,0.00558404
-0.841495,0.597984,0.392796,0.045,0.00472425
-0.876631,0.597201,0.388943,0.025,0.00472425
-0.850848,0.624349,0.359182,0.0125,0.00472425
-0.852008,0.569356,0.364713,0.0225,0.00472425
-0.820388,0.592115,0.363725,0.0175,0.00472425
-0.818082,0.625125,0.400874,0.0175,0.00472425
-0.845763,0.806429,0.584183,0.045,0.00862489
-0.850809,0.809876,0.619006,0.025,0.00862489
-0.820143,0.839395,0.597196,0.0125,0.00862489
-0.874951,0.83495,0.591489,0.0225,0.00862489
-0.848447,0.835861,0.562933,0.0175,0.00862489
-0.816092,0.79809,0.56418,0.0175,0.00862489
-0.746964,0.772973,0.549243,0.045,0.0134317
-0.761229,0.789471,0.57707,0.025,0.0134317
-0.785727,0.75401,0.556336,0.0125,0.0134317
-0.737927,0.752364,0.584062,0.0225,0.0134317
-0.745308,0.73661,0.54919,0.0175,0.0134317
-0.757619,0.769789,0.514224,0.0175,0.0134317
-0.487617,0.722237,0.599186,0.045,0.0223085
-0.520653,0.712,0.591845,0.025,0.0223085
-0.48424,0.686212,0.574624,0.0125,0.0223085
-0.500218,0.694145,0.62695,0.0225,0.0223085
-0.464152,0.697895,0.61267,0.0175,0.0223085
-0.459771,0.733152,0.577846,0.0175,0.0223085
-0.292234,0.71896,0.509977,0.045,0.0220904
-0.304063,0.700005,0.482577,0.025,0.0220904
-0.274952,0.736989,0.474078,0.0125,0.0220904
-0.264805,0.689408,0.500332,0.0225,0.0220904
-0.256521,0.725333,0.512961,0.0175,0.0220904
-0.296512,0.754225,0.519362,0.0175,0.0220904
-0.368692,0.590883,0.324486,0.045,0.0113466
-0.38393,0.57948,0.354281,0.025,0.0113466
-0.411755,0.590216,0.316891,0.0125,0.0113466
-0.374408,0.549863,0.322644,0.0225,0.0113466
-0.377397,0.574924,0.29295,0.0175,0.0113466
-0.371143,0.622528,0.305977,0.0175,0.0113466
-0.95565,0.62956,0.398675,0.045,0.00131284
-0.941112,0.650346,0.374046,0.025,0.00131284
-0.987684,0.655312,0.383735,0.0125,0.00131284
-0.943722,0.665434,0.41569,0.0225,0.00131284
-0.975341,0.644757,0.425253,0.0175,0.00131284
-0.98228,0.604291,0.397157,0.0175,0.00131284
-0.907675,0.867482,0.300589,0.045,0.00474769
-0.939002,0.878233,0.312959,0.025,0.00474769
-0.909752,0.854232,0.342213,0.0125,0.00474769
-0.903609,0.904207,0.319389,0.0225,0.00474769
-0.877584,0.8752,0.319562,0.0175,0.00474769
-0.892966,0.834112,0.296105,0.0175,0.00474769
-0.713226,0.87035,0.430055,0.045,0.0197809
-0.73572,0.85698,0.45383,0.025,0.0197809
-0.749224,0.895122,0.428329,0.0125,0.0197809
-0.738858,0.843429,0.411696,0.0225,0.0197809
-0.724875,0.876285,0.396083,0.0175,0.0197809
-0.696806,0.903095,0.427201,0.0175,0.0197809
-0.626446,0.860172,0.400628,0.045,0.0159441
-0.659149,0.850473,0.39133,0.025,0.0159441
-0.651563,0.865873,0.435971,0.0125,0.0159441
-0.647998,0.893298,0.388102,0.0225,0.0159441
-0.621469,0.892482,0.416637,0.0175,0.0159441
-0.602988,0.847202,0.425758,0.0175,0.0159441
-0.749044,0.95376,0.579199,0.045,0.278658
-0.727056,0.926575,0.584441,0.025,0.278658
-0.711241,0.970899,0.592969,0.0125,0.278658
-0.750493,0.941848,0.618882,0.0225,0.278658
-0.753317,0.978396,0.605653,0.0175,0.278658
-0.747826,0.982533,0.556381,0.0175,0.278658
-0.494129,0.955157,0.567562,0.045,0.0294503
-0.479356,0.967171,0.537772,0.025,0.0294503
-0.503847,0.926114,0.536344,0.0125,0.0294503
-0.521687,0.977517,0.546129,0.0225,0.0294503
-0.529275,0.945686,0.567294,0.0175,0.0294503
-0.488875,0.924548,0.587196,0.0175,0.0294503
-0.31549,0.781563,0.155182,0.045,0.00209875
-0.326336,0.795994,0.124783,0.025,0.00209875
-0.358128,0.772488,0.151696,0.0125,0.00209875
-0.330863,0.819421,0.162191,0.0225,0.00209875
-0.334117,0.788493,0.185678,0.0175,0.00209875
-0.314342,0.746812,0.167059,0.0175,0.00209875
-0.465465,0.75533,0.345403,0.045,0.016701
-0.495331,0.772807,0.338154,0.025,0.016701
-0.470269,0.75413,0.301952,0.0125,0.016701
-0.497186,0.728744,0.343028,0.0225,0.016701
-0.460592,0.722087,0.331398,0.0175,0.016701
-0.43041,0.761345,0.336182,0.0175,0.016701
-0.875883,-0.783545,0.4337,0.045,0.00592332
-0.892035,-0.790127,0.464454,0.025,0.00592332
-0.859877,-0.754778,0.462487,0.0125,0.00592332
-0.90912,-0.759096,0.437734,0.0225,0.00592332
-0.875279,-0.74944,0.420993,0.0175,0.00592332
-0.840636,-0.785063,0.423435,0.0175,0.00592332
-0.89547,-0.955393,0.541067,0.045,0.00577001
-0.895359,-0.922327,0.553582,0.025,0.00577001
-0.937243,-0.94252,0.542384,0.0125,0.00577001
-0.901181,-0.955794,0.582128,0.0225,0.00577001
-0.917532,-0.979997,0.556328,0.0175,0.00577001
-0.906268,-0.969675,0.508983,0.0175,0.00577001
-0.796211,-0.731148,0.601211,0.045,0.00852664
-0.777993,-0.701005,0.598129,0.025,0.00852664
-0.810625,-0.704682,0.632902,0.0125,0.00852664
-0.763072,-0.732044,0.626105,0.0225,0.00852664
-0.798054,-0.747447,0.633706,0.0175,0.00852664
-0.832037,-0.738809,0.598414,0.0175,0.00852664
-0.339907,-0.948043,0.308089,0.045,0.00606648
-0.344197,-0.941273,0.273654,0.025,0.00606648
-0.373995,-0.920824,0.304982,0.0125,0.00606648
-0.319686,-0.913322,0.297876,0.0225,0.00606648
-0.338157,-0.920217,0.331492,0.0175,0.00606648
-0.361585,-0.964077,0.333048,0.0175,0.00606648
0.0717897,-0.921757,0.125354,0.045,0.0109258
0.0653728,-0.889657,0.111997,0.025,0.0109258
0.0684202,-0.894605,0.15947,0.0125,0.0109258
0.10737,-0.90098,0.120759,0.0225,0.0109258
0.0986957,-0.925785,0.149537,0.0175,0.0109258
0.0523274,-0.943696,0.147487,0.0175,0.0109258
-0.396867,-0.882333,0.466287,0.045,0.0137346
-0.427072,-0.900632,0.46461,0.025,0.0137346
-0.429066,-0.852854,0.463698,0.0125,0.0137346
-0.407794,-0.887993,0.426697,0.0225,0.0137346
-0.390527,-0.856377,0.441566,0.0175,0.0137346
-0.383822,-0.858296,0.490824,0.0175,0.0137346
-0.407069,-0.554893,0.375434,0.045,0.0248324
-0.404676,-0.530005,0.350437,0.025,0.0248324
-0.412198,-0.575317,0.337106,0.0125,0.0248324
-0.444887,-0.541034,0.365609,0.0225,0.0248324
-0.435474,-0.577652,0.375057,0.0175,0.0248324
-0.386824,-0.584675,0.382725,0.0175,0.0248324
-0.955374,-0.423294,0.510839,0.045,0.00156781
-0.953028,-0.453761,0.528624,0.025,0.00156781
-0.913186,-0.434795,0.510173,0.0125,0.00156781
-0.945896,-0.415823,0.550502,0.0225,0.00156781
-0.932971,-0.395963,0.519563,0.0175,0.00156781
-0.948167,-0.414399,0.475926,0.0175,0.00156781
-0.866476,-0.521037,0.528317,0.045,0.00705855
-0.839412,-0.501356,0.516907,0.025,0.00705855
-0.83521,-0.524168,0.558734,0.0125,0.00705855
-0.839499,-0.544739,0.507599,0.0225,0.00705855
-0.860198,-0.555299,0.538885,0.0175,0.00705855
-0.887959,-0.518726,0.558035,0.0175,0.00705855
-0.890346,-0.750764,0.579639,0.045,0.00496323
-0.880519,-0.730022,0.606532,0.025,0.00496323
-0.858036,-0.725438,0.564568,0.0125,0.00496323
-0.91062,-0.714649,0.577786,0.0225,0.00496323
-0.897934,-0.735563,0.547447,0.0175,0.00496323
-0.87241,-0.776302,0.560246,0.0175,0.00496323
-0.719877,-0.613359,0.596574,0.045,0.0230917
-0.752864,-0.618299,0.58485,0.025,0.0230917
-0.71788,-0.611658,0.55292,0.0125,0.0230917
-0.72603,-0.653482,0.588142,0.0225,0.0230917
-0.692973,-0.633574,0.582699,0.0175,0.0230917
-0.696513,-0.58516,0.593588,0.0175,0.0230917
-0.366391,-0.877426,0.366596,0.045,0.0157249
-0.381125,-0.863239,0.395434,0.025,0.0157249
-0.33419,-0.857369,0.388352,0.0125,0.0157249
-0.376967,-0.838037,0.359152,0.0225,0.0157249
-0.345592,-0.856515,0.345262,0.0175,0.0157249
-0.340428,-0.903036,0.362119,0.0175,0.0157249
-0.352499,-0.648376,0.263983,0.045,0.0251997
-0.34619,-0.6183,0.281466,0.025,0.0251997
-0.368431,-0.61607,0.239182,0.0125,0.0251997
-0.385497,-0.638153,0.286904,0.0225,0.0251997
-0.386143,-0.654998,0.251767,0.0175,0.0251997
-0.341161,-0.660875,0.231345,0.0175,0.0251997
-0.35707,-0.555965,0.449941,0.045,0.017242
-0.350352,-0.545038,0.416994,0.025,0.017242
-0.351564,-0.512638,0.452154,0.0125,0.017242
-0.316123,-0.554214,0.443694,0.0225,0.017242
-0.334781,-0.545747,0.476844,0.0175,0.017242
-0.384335,-0.548507,0.473413,0.0175,0.017242
-0.47698,-0.588521,0.329687,0.045,0.0374551
-0.481593,-0.554864,0.339482,0.025,0.0374551
-0.519429,-0.584119,0.339237,0.0125,0.0374551
-0.47414,-0.585276,0.37092,0.0225,0.0374551
-0.48963,-0.615068,0.35114,0.0175,0.0374551
-0.49059,-0.608287,0.301865,0.0175,0.0374551
-0.876679,-0.387972,0.48632,0.045,0.00505339
-0.910501,-0.379112,0.481066,0.025,0.00505339
-0.899383,-0.405771,0.519186,0.0125,0.00505339
-0.88572,-0.353495,0.507494,0.0225,0.00505339
-0.861693,-0.381962,0.518943,0.0175,0.00505339
-0.859488,-0.420424,0.487466,0.0175,0.00505339
-0.79637,-0.365145,0.580281,0.045,0.00973902
-0.827759,-0.371107,0.565143,0.025,0.00973902
-0.804917,-0.40767,0.585852,0.0125,0.00973902
-0.826518,-0.362139,0.60858,0.0225,0.00973902
-0.79076,-0.376499,0.614408,0.0175,0.00973902
-0.762694,-0.37811,0.573363,0.0175,0.00973902
-0.79666,-0.640965,0.6344,0.045,0.0261312
-0.770929,-0.620568,0.647509,0.025,0.0261312
-0.788539,-0.655703,0.674766,0.0125,0.0261312
-0.759774,-0.658644,0.627647,0.0225,0.0261312
-0.79305,-0.677154,0.635945,0.0175,0.0261312
-0.831406,-0.646749,0.644854,0.0175,0.0261312
-0.578196,-0.42117,0.646668,0.045,0.0301044
-0.551746,-0.42981,0.66848,0.025,0.0301044
-0.541656,-0.405145,0.628765,0.0125,0.0301044
-0.57098,-0.390099,0.673149,0.0225,0.0301044
-0.581576,-0.386592,0.635811,0.0175,0.0301044
-0.585316,-0.429952,0.611709,0.0175,0.0301044
-0.288933,-0.590645,0.496758,0.045,0.0197295
-0.299448,-0.589314,0.530487,0.025,0.0197295
-0.322857,-0.563078,0.498065,0.0125,0.0197295
-0.319403,-0.618018,0.503162,0.0225,0.0197295
-0.313609,-0.597108,0.47079,0.0175,0.0197295
-0.275671,-0.56508,0.473941,0.0175,0.0197295
-0.403321,-0.399467,0.534228,0.045,0.0176786
-0.377642,-0.393264,0.557725,0.025,0.0176786
-0.405171,-0.356791,0.543604,0.0125,0.0176786
-0.418507,-0.401847,0.572731,0.0225,0.0176786
-0.437062,-0.387868,0.541442,0.0175,0.0176786
-0.409268,-0.386974,0.50019,0.0175,0.0176786
-0.396533,-0.48582,0.489326,0.045,0.0219583
-0.414738,-0.513491,0.476962,0.025,0.0219583
-0.438674,-0.477636,0.497674,0.0125,0.0219583
-0.409505,-0.478102,0.450714,0.0225,0.0219583
-0.406743,-0.452226,0.479724,0.0175,0.0219583
-0.392488,-0.471956,0.523112,0.0175,0.0219583
-0.878127,-0.1571,0.590321,0.045,0.0133853
-0.879183,-0.150973,0.625125,0.025,0.0133853
-0.869473,-0.19525,0.609869,0.0125,0.0133853
-0.840022,-0.148788,0.60438,0.0225,0.0133853
-0.849205,-0.174137,0.57624,0.0175,0.0133853
-0.898112,-0.178769,0.568388,0.0175,0.0133853
-0.800808,-0.208163,0.59866,0.045,0.0143008
-0.766959,-0.218207,0.60049,0.025,0.0143008
-0.781627,-0.181773,0.627782,0.0125,0.0143008
-0.795735,-0.235192,0.629683,0.0225,0.0143008
-0.819882,-0.204604,0.629458,0.0175,0.0143008
-0.816767,-0.176702,0.588387,0.0175,0.0143008
-0.696377,-0.0919218,0.551916,0.045,0.0153043
-0.670381,-0.106248,0.571125,0.025,0.0153043
-0.707903,-0.0871719,0.593834,0.0125,0.0153043
-0.705434,-0.1314,0.560758,0.0225,0.0153043
-0.730767,-0.101873,0.558497,0.0175,0.0153043
-0.709595,-0.0577067,0.549772,0.0175,0.0153043
-0.730412,-0.238771,0.656417,0.045,0.0146749
-0.739058,-0.226942,0.688593,0.025,0.0146749
-0.757452,-0.204948,0.650313,0.0125,0.0146749
-0.765831,-0.256336,0.668896,0.0225,0.0146749
-0.756899,-0.245793,0.632456,0.0175,0.0146749
-0.712811,-0.22314,0.628206,0.0175,0.0146749
-0.568028,-0.215251,0.661075,0.045,0.0232597
-0.542104,-0.214291,0.685095,0.025,0.0232597
-0.532361,-0.231204,0.641431,0.0125,0.0232597
-0.546407,-0.180096,0.657149,0.0225,0.0232597
-0.56218,-0.200833,0.628167,0.0175,0.0232597
-0.584047,-0.242969,0.643044,0.0175,0.0232597
-0.344991,-0.02108,0.291687,0.045,0.00580157
-0.319555,-0.00268469,0.307955,0.025,0.00580157
-0.360188,-0.0115551,0.331572,0.0125,0.00580157
-0.321185,-0.0466029,0.314061,0.0225,0.00580157
-0.359644,-0.0497739,0.308626,0.0175,0.00580157
-0.379448,-0.0125861,0.282171,0.0175,0.00580157
-0.391528,-0.0740929,0.415998,0.045,0.0155007
-0.371022,-0.086291,0.389908,0.025,0.0155007
-0.406717,-0.113833,0.405872,0.0125,0.0155007
-0.4087,-0.0654075,0.379278,0.0225,0.0155007
-0.427691,-0.0749644,0.411939,0.0175,0.0155007
-0.39784,-0.0860476,0.450163,0.0175,0.0155007
0.202911,-0.317404,0.183446,0.045,0.00138564
0.174848,-0.324475,0.203755,0.025,0.00138564
0.196808,-0.282285,0.208782,0.0125,0.00138564
0.168528,-0.302438,0.165766,0.0225,0.00138564
0.20389,-0.28608,0.16493,0.0175,0.00138564
0.238134,-0.310612,0.191397,0.0175,0.00138564
-0.850953,-0.0913725,0.64819,0.045,0.0279053
-0.854838,-0.0918208,0.683329,0.025,0.0279053
-0.874848,-0.0562111,0.658448,0.0125,0.0279053
-0.88646,-0.110261,0.658253,0.0225,0.0279053
-0.880435,-0.087507,0.627193,0.0175,0.0279053
-0.83495,-0.0674387,0.625364,0.0175,0.0279053
-0.627455,-0.013195,0.630363,0.045,0.0185211
-0.598364,0.00463612,0.639623,0.025,0.0185211
-0.594865,-0.0291528,0.605955,0.0125,0.0185211
-0.621922,0.0190454,0.604894,0.0225,0.0185211
-0.636033,-0.0159342,0.595094,0.0175,0.0185211
-0.636396,-0.0487708,0.632466,0.0175,0.0185211
-0.767302,0.204704,0.632872,0.045,0.0141732
-0.741834,0.229205,0.631805,0.025,0.0141732
-0.779765,0.236696,0.659959,0.0125,0.0141732
-0.740188,0.198265,0.663566,0.0225,0.0141732
-0.778687,0.192436,0.665196,0.0175,0.0141732
-0.802887,0.205584,0.623766,0.0175,0.0141732
-0.328856,0.130995,0.578356,0.045,0.0614491
-0.296804,0.133979,0.563737,0.025,0.0614491
-0.309502,0.092044,0.582912,0.0125,0.0614491
-0.330087,0.118385,0.538881,0.0225,0.0614491
-0.350222,0.10319,0.568588,0.0175,0.0614491
-0.339833,0.123778,0.61267,0.0175,0.0614491
-0.333628,0.192416,0.328854,0.045,0.00337752
-0.352769,0.167805,0.312184,0.025,0.00337752
-0.305072,0.164423,0.311149,0.0125,0.00337752
-0.339841,0.159968,0.353899,0.0225,0.00337752
-0.307664,0.18188,0.352089,0.0175,0.00337752
-0.309083,0.216993,0.316874,0.0175,0.00337752
-0.189182,0.279704,0.131868,0.045,0.0107141
-0.221201,0.285937,0.118232,0.025,0.0107141
-0.211336,0.242098,0.134612,0.0125,0.0107141
-0.215686,0.289877,0.162082,0.0225,0.0107141
-0.186664,0.26399,0.164605,0.0175,0.0107141
-0.162045,0.25701,0.121942,0.0175,0.0107141
-0.442177,0.0615797,0.424795,0.045,0.0199468
-0.407718,0.0638468,0.417214,0.025,0.0199468
-0.42073,0.0500165,0.461111,0.0125,0.0199468
-0.427933,0.0246267,0.412534,0.0225,0.0199468
-0.454993,0.0310126,0.439842,0.0175,0.0199468
-0.463377,0.0791665,0.449111,0.0175,0.0199468
-0.955115,0.124572,0.583341,0.045,0.000844782
-0.93534,0.116193,0.611425,0.025,0.000844782
-0.938676,0.162134,0.59855,0.0125,0.000844782
-0.977594,0.128029,0.618003,0.0225,0.000844782
-0.980095,0.150857,0.586517,0.0175,0.000844782
-0.946931,0.140058,0.551042,0.0175,0.000844782
-0.89851,0.270815,0.552109,0.045,0.00672265
-0.914921,0.244103,0.568454,0.025,0.00672265
-0.887838,0.273767,0.594416,0.0125,0.00672265
-0.934917,0.283693,0.56719,0.0225,0.00672265
-0.902022,0.304513,0.565416,0.0175,0.00672265
-0.862977,0.279155,0.547882,0.0175,0.00672265
-0.763214,0.255815,0.55895,0.045,0.00705343
-0.780095,0.282574,0.574729,0.025,0.00705343
-0.76966,0.286231,0.528196,0.0125,0.00705343
-0.804158,0.251587,0.554003,0.0225,0.00705343
-0.776692,0.242208,0.527996,0.0175,0.00705343
-0.730455,0.253496,0.542475,0.0175,0.00705343
-0.644917,0.299362,0.612967,0.045,0.0194637
-0.64602,0.275943,0.639431,0.025,0.0194637
-0.606949,0.303058,0.634351,0.0125,0.0194637
-0.658599,0.317715,0.647531,0.0225,0.0194637
-0.635924,0.333872,0.620263,0.0175,0.0194637
-0.622867,0.302688,0.583765,0.0175,0.0194637
-0.622581,0.387094,0.650165,0.045,0.0178148
-0.655325,0.37758,0.659512,0.025,0.0178148
-0.62381,0.388269,0.693864,0.0125,0.0178148
-0.646211,0.420788,0.655173,0.0225,0.0178148
-0.608397,0.417608,0.664045,0.0175,0.0178148
-0.589659,0.372121,0.656642,0.0175,0.0178148
-0.357079,0.400826,0.457168,0.045,0.0360776
-0.322402,0.406943,0.453983,0.025,0.0360776
-0.34146,0.369914,0.430465,0.0125,0.0360776
-0.349849,0.424131,0.423651,0.0225,0.0360776
-0.377099,0.396483,0.427079,0.0175,0.0360776
-0.37606,0.372369,0.470581,0.0175,0.0360776
-0.471806,0.385674,0.404489,0.045,0.0201423
-0.490087,0.358977,0.41874,0.025,0.0201423
-0.474695,0.394119,0.4473,0.0125,0.0201423
-0.512012,0.395571,0.406538,0.0225,0.0201423
-0.481984,0.41988,0.411653,0.0175,0.0201423
-0.437486,0.397721,0.409683,0.0175,0.0201423
-0.208729,0.371536,0.112126,0.045,0.00937255
-0.215765,0.337928,0.103701,0.025,0.00937255
-0.19399,0.347121,0.14528,0.0125,0.00937255
-0.245048,0.360144,0.128554,0.0225,0.00937255
-0.218906,0.384087,0.144744,0.0175,0.00937255
-0.177228,0.389474,0.118119,0.0175,0.00937255
-0.954978,0.526739,0.509624,0.045,0.00308788
-0.975266,0.526581,0.538579,0.025,0.00308788
-0.92851,0.51765,0.54323,0.0125,0.00308788
-0.954186,0.564064,0.527651,0.0225,0.00308788
-0.924448,0.546562,0.509538,0.0175,0.00308788
-0.934817,0.500663,0.493389,0.0175,0.00308788
-0.894135,0.659036,0.563865,0.045,0.0157897
-0.874617,0.663449,0.593013,0.025,0.0157897
-0.856209,0.638513,0.556587,0.0125,0.0157897
-0.869499,0.692095,0.559518,0.0225,0.0157897
-0.87957,0.666986,0.531466,0.0175,0.0157897
-0.907577,0.629075,0.547383,0.0175,0.0157897
-0.803716,0.544808,0.52642,0.045,0.00817125
-0.816353,0.567526,0.550382,0.025,0.00817125
-0.847311,0.542145,0.52421,0.0125,0.00817125
-0.810919,0.525097,0.562174,0.0225,0.00817125
-0.815956,0.510528,0.526381,0.0175,0.00817125
-0.806918,0.543076,0.489858,0.0175,0.00817125
-0.714753,0.670959,0.508381,0.045,0.00849184
-0.740884,0.647287,0.510996,0.025,0.00849184
-0.695697,0.632196,0.51522,0.0125,0.00849184
-0.724989,0.665533,0.548187,0.0225,0.00849184
-0.689169,0.671977,0.534254,0.0175,0.00849184
-0.686965,0.674624,0.484624,0.0175,0.00849184
-0.614882,0.651113,0.669973,0.045,0.00907742
-0.587621,0.652124,0.692464,0.025,0.00907742
-0.626393,0.626824,0.704471,0.0125,0.00907742
-0.590088,0.6185,0.663618,0.0225,0.00907742
-0.628947,0.61885,0.660683,0.0175,0.00907742
-0.649736,0.662391,0.672807,0.0175,0.00907742
-0.308958,0.475314,0.446202,0.045,0.0312026
-0.280142,0.4601,0.459919,0.025,0.0312026
-0.285111,0.461216,0.412363,0.0125,0.0312026
-0.277984,0.502807,0.448079,0.0225,0.0312026
-0.304992,0.500364,0.420091,0.0175,0.0312026
-0.336447,0.462221,0.425637,0.0175,0.0312026
-0.460045,0.479079,0.427851,0.045,0.0175951
-0.46512,0.457473,0.40033,0.025,0.0175951
-0.4222,0.47781,0.405972,0.0125,0.0175951
-0.448064,0.440623,0.437665,0.0225,0.0175951
-0.431228,0.473739,0.449439,0.0175,0.0175951
-0.451621,0.514774,0.430068,0.0175,0.0175951
-0.955212,0.618418,0.487716,0.045,0.00305238
-0.975353,0.58938,0.486656,0.025,0.00305238
-0.9326,0.586929,0.507956,0.0125,0.00305238
-0.977654,0.615499,0.522451,0.0225,0.00305238
-0.941242,0.629089,0.51959,0.0175,0.00305238
-0.922095,0.626089,0.473771,0.0175,0.00305238
-0.95392,0.729658,0.393658,0.045,0.00569141
-0.938518,0.755265,0.412553,0.025,0.00569141
-0.931012,0.753861,0.365339,0.0125,0.00569141
-0.97764,0.763659,0.393376,0.0225,0.00569141
-0.97288,0.738612,0.363902,0.0175,0.00569141
-0.940258,0.702258,0.373347,0.0175,0.00569141
-0.823837,0.734327,0.481505,0.045,0.00906544
-0.815744,0.759999,0.504428,0.025,0.00906544
-0.835287,0.77199,0.462455,0.0125,0.00906544
-0.856969,0.743591,0.504641,0.0225,0.00906544
-0.857218,0.733444,0.467015,0.0175,0.00906544
-0.811908,0.72677,0.447585,0.0175,0.00906544
-0.771581,0.858944,0.541071,0.045,0.00908123
-0.788984,0.829695,0.550645,0.025,0.00908123
-0.801828,0.871473,0.570065,0.0125,0.00908123
-0.805464,0.854337,0.51763,0.0225,0.00908123
-0.790557,0.888061,0.530249,0.0175,0.00908123
-0.751013,0.88281,0.559976,0.0175,0.00908123
-0.952706,0.847039,0.536453,0.045,0.00528267
-0.941513,0.84144,0.569519,0.025,0.00528267
-0.987616,0.851944,0.562333,0.0125,0.00528267
-0.958762,0.807381,0.54691,0.0225,0.00528267
-0.982029,0.829124,0.524445,0.0175,0.00528267
-0.967292,0.876423,0.519904,0.0175,0.00528267
-0.288581,0.539163,0.505692,0.045,0.0168567
-0.264247,0.51478,0.513651,0.025,0.0168567
-0.251282,0.560812,0.512949,0.0125,0.0168567
-0.286163,0.534493,0.546815,0.0225,0.0168567
-0.292751,0.567829,0.527735,0.0175,0.0168567
-0.291267,0.563396,0.478206,0.0175,0.0168567
-0.326802,0.657578,0.366735,0.045,0.0107347
-0.332219,0.654337,0.331948,0.025,0.0107347
-0.294977,0.680244,0.347092,0.0125,0.0107347
-0.304472,0.625988,0.351828,0.0225,0.0107347
-0.293755,0.650437,0.380221,0.0175,0.0107347
-0.326632,0.686691,0.38915,0.0175,0.0107347
-0.217987,0.690934,0.126862,0.045,0.0104895
-0.219446,0.717748,0.14986,0.025,0.0104895
-0.243517,0.677627,0.15978,0.0125,0.0104895
-0.189006,0.686075,0.156106,0.0225,0.0104895
-0.209493,0.657682,0.138993,0.0175,0.0104895
-0.243776,0.674046,0.106869,0.0175,0.0104895
-0.949902,0.817473,0.362994,0.045,0.00239686
-0.975072,0.812716,0.338626,0.025,0.00239686
-0.982693,0.796563,0.382993,0.0125,0.00239686
-0.977356,0.848486,0.36478,0.0225,0.00239686
-0.958871,0.832276,0.395017,0.0175,0.00239686
-0.929728,0.793894,0.382667,0.0175,0.00239686
-0.943518,0.955183,0.451897,0.045,0.00435845
-0.96987,0.952478,0.428482,0.025,0.00435845
-0.934558,0.920247,0.427165,0.0125,0.00435845
-0.972588,0.929341,0.466245,0.0225,0.00435845
-0.934109,0.925912,0.471382,0.0175,0.00435845
-0.907413,0.960769,0.447987,0.0175,0.00435845
-0.861345,0.94191,0.485749,0.045,0.00979166
-0.857439,0.928052,0.453458,0.025,0.00979166
-0.850512,0.975013,0.459305,0.0125,0.00979166
-0.821546,0.932331,0.47919,0.0225,0.00979166
-0.834895,0.962942,0.499278,0.0175,0.00979166
-0.884473,0.967064,0.499254,0.0175,0.00979166
-0.683498,0.864092,0.557048,0.045,0.0160108
-0.689806,0.829973,0.563839,0.025,0.0160108
-0.651046,0.841542,0.538317,0.0125,0.0160108
-0.663036,0.852447,0.591172,0.0225,0.0160108
-0.650552,0.877764,0.564303,0.0175,0.0160108
-0.68145,0.883115,0.525681,0.0175,0.0160108
-0.697568,0.810042,0.630442,0.045,0.0138121
-0.726353,0.807245,0.650779,0.025,0.0138121
-0.68343,0.808922,0.67181,0.0125,0.0138121
-0.70997,0.847671,0.642649,0.0225,0.0138121
-0.673109,0.835951,0.637892,0.0175,0.0138121
-0.668602,0.788011,0.625385,0.0175,0.0138121
-0.391891,0.951404,0.351347,0.045,0.0109876
-0.406105,0.967631,0.323335,0.025,0.0109876
-0.35986,0.974939,0.33311,0.0125,0.0109876
-0.385685,0.928718,0.317206,0.0225,0.0109876
-0.360997,0.932627,0.347106,0.0175,0.0109876
-0.376654,0.964169,0.382248,0.0175,0.0109876
-0.125475,0.853274,0.131096,0.045,0.0142883
-0.118663,0.844794,0.0974554,0.025,0.0142883
-0.0930144,0.879515,0.118049,0.0125,0.0142883
-0.0947832,0.825452,0.129461,0.0225,0.0142883
-0.0979417,0.854845,0.154854,0.0175,0.0142883
-0.137254,0.88428,0.146905,0.0175,0.0142883
-0.955359,-0.669788,0.492948,0.045,0.00528774
-0.921245,-0.661663,0.497442,0.025,0.00528774
-0.933597,-0.707714,0.493667,0.0125,0.00528774
-0.936464,-0.667224,0.456136,0.0225,0.00528774
-0.964775,-0.692185,0.465841,0.0175,0.00528774
-0.979129,-0.688974,0.513366,0.0175,0.00528774
-0.947403,-0.955153,0.435854,0.045,0.00091388
-0.975067,-0.939661,0.420211,0.025,0.00091388
-0.974615,-0.987325,0.424148,0.0125,0.00091388
-0.977538,-0.94869,0.463583,0.0225,0.00091388
-0.95336,-0.979235,0.462492,0.0175,0.00091388
-0.922241,-0.978999,0.423677,0.0175,0.00091388
-0.783668,-0.955037,0.602233,0.045,0.00175399
-0.809987,-0.971034,0.584872,0.025,0.00175399
-0.797056,-0.987982,0.627686,0.0125,0.00175399
-0.820132,-0.939528,0.614422,0.0225,0.00175399
-0.788789,-0.945151,0.636889,0.0175,0.00175399
-0.750645,-0.966714,0.61333,0.0175,0.00175399
-0.745098,-0.875118,0.589538,0.045,0.0145951
-0.749913,-0.870955,0.55476,0.025,0.0145951
-0.771047,-0.840247,0.584725,0.0125,0.0145951
-0.717307,-0.848265,0.574528,0.0225,0.0145951
-0.734498,-0.846558,0.609461,0.0175,0.0145951
-0.768375,-0.882187,0.617074,0.0175,0.0145951
-0.428712,-0.942763,0.303268,0.045,0.010546
-0.409913,-0.912987,0.306431,0.025,0.010546
-0.427958,-0.924335,0.263616,0.0125,0.010546
-0.454047,-0.910736,0.310421,0.0225,0.010546
-0.461503,-0.941379,0.287526,0.0175,0.010546
-0.42356,-0.973302,0.283499,0.0175,0.010546
-0.436292,-0.857651,0.271469,0.045,0.00860177
-0.433457,-0.867425,0.305328,0.025,0.00860177
-0.450642,-0.898902,0.273684,0.0125,0.00860177
-0.400089,-0.876883,0.277654,0.0225,0.00860177
-0.422206,-0.879089,0.245643,0.0175,0.00860177
-0.465183,-0.854259,0.249024,0.0175,0.00860177
-0.370015,-0.720398,0.511942,0.045,0.0207607
-0.377284,-0.732139,0.544489,0.025,0.0207607
-0.391613,-0.758097,0.506961,0.0125,0.0207607
-0.34044,-0.74662,0.52445,0.0225,0.0207607
-0.354147,-0.742925,0.488157,0.0175,0.0207607
-0.391504,-0.710349,0.483884,0.0175,0.0207607
-0.454987,-0.627076,0.427473,0.045,0.0257374
-0.487483,-0.636909,0.417609,0.025,0.0257374
-0.457953,-0.66994,0.435621,0.0125,0.0257374
-0.480633,-0.625821,0.460022,0.0225,0.0257374
-0.443068,-0.636177,0.460641,0.0175,0.0257374
-0.421553,-0.63686,0.41579,0.0175,0.0257374
-0.879512,-0.54629,0.424261,0.045,0.00646243
-0.912764,-0.537743,0.432703,0.025,0.00646243
-0.890905,-0.572285,0.457532,0.0125,0.00646243
-0.879588,-0.518242,0.45479,0.0225,0.00646243
-0.854392,-0.547672,0.450569,0.0175,0.00646243
-0.864323,-0.57739,0.411927,0.0175,0.00646243
-0.940868,-0.762978,0.506399,0.045,0.00496314
-0.957137,-0.742005,0.529755,0.025,0.00496314
-0.966641,-0.736305,0.483228,0.0125,0.00496314
-0.977731,-0.779015,0.516532,0.0225,0.00496314
-0.960799,-0.780467,0.481461,0.0175,0.00496314
-0.91758,-0.755965,0.478859,0.0175,0.00496314
-0.655981,-0.663162,0.63551,0.045,0.0281887
-0.645392,-0.658954,0.602042,0.025,0.0281887
-0.662553,-0.621066,0.625653,0.0125,0.0281887
-0.616553,-0.650378,0.634653,0.0225,0.0281887
-0.643471,-0.640392,0.661006,0.0175,0.0281887
-0.688648,-0.659096,0.65183,0.0175,0.0281887
-0.564879,-0.796611,0.620314,0.045,0.0369919
-0.554144,-0.80299,0.587237,0.025,0.0369919
-0.597966,-0.785112,0.59413,0.0125,0.0369919
-0.548591,-0.762224,0.603853,0.0225,0.0369919
-0.578817,-0.763969,0.628391,0.0175,0.0369919
-0.592386,-0.810281,0.640476,0.0175,0.0369919
-0.46065,-0.684972,0.658514,0.045,0.0416134
-0.477256,-0.654517,0.665355,0.025,0.0416134
-0.486211,-0.676787,0.623986,0.0125,0.0416134
-0.49759,-0.692564,0.675735,0.0225,0.0416134
-0.480231,-0.713825,0.648069,0.0175,0.0416134
-0.43705,-0.694917,0.632168,0.0175,0.0416134
-0.410597,-0.711794,0.288857,0.045,0.0325166
-0.383106,-0.714474,0.266787,0.025,0.0325166
-0.381066,-0.682453,0.302255,0.0125,0.0325166
-0.382292,-0.737673,0.304601,0.0225,0.0325166
-0.404626,-0.712892,0.324747,0.0175,0.0325166
-0.433737,-0.684251,0.296335,0.0175,0.0325166
0.0503483,-0.530256,0.117183,0.045,0.00882262
0.0695579,-0.513068,0.141381,0.025,0.00882262
0.0231554,-0.502333,0.137015,0.0125,0.00882262
0.0470856,-0.549219,0.153905,0.0225,0.00882262
0.0189117,-0.545618,0.127221,0.0175,0.00882262
0.0320841,-0.518842,0.0874147,0.0175,0.00882262
-0.952653,-0.335858,0.53448,0.045,0.00971873
-0.974728,-0.340358,0.507232,0.025,0.00971873
-0.934,-0.365415,0.508194,0.0125,0.00971873
-0.977809,-0.367985,0.541816,0.0225,0.00971873
-0.940388,-0.365124,0.552315,0.0175,0.00971873
-0.918105,-0.323525,0.536567,0.0175,0.00971873
-0.837392,-0.438723,0.549335,0.045,0.00977336
-0.862216,-0.41355,0.549632,0.025,0.00977336
-0.826261,-0.41,0.518293,0.0125,0.00977336
-0.866764,-0.447496,0.521424,0.0225,0.00977336
-0.828608,-0.454516,0.517738,0.0175,0.00977336
-0.801234,-0.437902,0.555811,0.0175,0.00977336
-0.955341,-0.584189,0.550641,0.045,0.00883108
-0.939737,-0.575214,0.520212,0.025,0.00883108
-0.924016,-0.613875,0.543571,0.0125,0.00883108
-0.972792,-0.604796,0.519183,0.0225,0.00883108
-0.966812,-0.618434,0.555197,0.0175,0.00883108
-0.942793,-0.586731,0.585081,0.0175,0.00883108
-0.690814,-0.503142,0.610684,0.045,0.013498
-0.719921,-0.51608,0.626027,0.025,0.013498
-0.678171,-0.53812,0.633689,0.0125,0.013498
-0.69473,-0.487625,0.648929,0.0225,0.013498
-0.661338,-0.496919,0.631115,0.0175,0.013498
-0.667418,-0.517269,0.586127,0.0175,0.013498
-0.501989,-0.544704,0.614118,0.045,0.0170907
-0.526565,-0.568631,0.605542,0.025,0.0170907
-0.500452,-0.575636,0.644995,0.0125,0.0170907
-0.537494,-0.53617,0.633747,0.0225,0.0170907
-0.501532,-0.531162,0.647902,0.0175,0.0170907
-0.46546,-0.546845,0.617441,0.0175,0.0170907
-0.336602,-0.779029,0.376992,0.045,0.0123222
-0.33875,-0.814312,0.377692,0.025,0.0123222
-0.340174,-0.792037,0.335392,0.0125,0.0123222
-0.298923,-0.795592,0.372026,0.0225,0.0123222
-0.312327,-0.76323,0.354944,0.0175,0.0123222
-0.359874,-0.753042,0.365456,0.0175,0.0123222
-0.469918,-0.508174,0.419082,0.045,0.0299169
-0.4548,-0.535715,0.435298,0.025,0.0299169
-0.427636,-0.507409,0.407942,0.0125,0.0299169
-0.453788,-0.496134,0.455325,0.0225,0.0299169
-0.454843,-0.475215,0.422462,0.0175,0.0299169
-0.4741,-0.499589,0.383602,0.0175,0.0299169
-0.221861,-0.446651,0.138447,0.045,0.00462341
-0.226781,-0.46616,0.167519,0.025,0.00462341
-0.261814,-0.43687,0.153298,0.0125,0.00462341
-0.241325,-0.481929,0.128679,0.0225,0.00462341
-0.24728,-0.447028,0.112395,0.0175,0.00462341
-0.220661,-0.410348,0.132913,0.0175,0.00462341
-0.891785,-0.366979,0.592633,0.045,0.0053677
-0.912296,-0.354609,0.618639,0.025,0.0053677
-0.930551,-0.386746,0.588283,0.0125,0.0053677
-0.889942,-0.392341,0.625376,0.0225,0.0053677
-0.889026,-0.402963,0.587892,0.0175,0.0053677
-0.89442,-0.365137,0.556032,0.0175,0.0053677
-0.833977,-0.296219,0.627643,0.045,0.00839002
-0.843089,-0.317374,0.600821,0.025,0.00839002
-0.825398,-0.337082,0.640647,0.0125,0.00839002
-0.872816,-0.309746,0.632866,0.0225,0.00839002
-0.846572,-0.303542,0.661,0.0175,0.00839002
-0.801834,-0.289705,0.644207,0.0175,0.00839002
-0.79369,-0.366858,0.678054,0.045,0.0089747
-0.795231,-0.357055,0.711988,0.025,0.0089747
-0.752762,-0.357114,0.68999,0.0125,0.0089747
-0.797255,-0.32564,0.680718,0.0225,0.0089747
-0.776584,-0.345337,0.654195,0.0175,0.0089747
-0.776629,-0.394611,0.661061,0.0175,0.0089747
-0.291216,-0.422618,0.50699,0.045,0.0134651
-0.307674,-0.392525,0.515568,0.025,0.0134651
-0.270541,-0.390642,0.485483,0.0125,0.0134651
-0.320267,-0.41384,0.478746,0.0225,0.0134651
-0.285629,-0.430317,0.471855,0.0175,0.0134651
-0.256786,-0.434346,0.512189,0.0175,0.0134651
-0.380496,-0.403643,0.447495,0.045,0.0221866
-0.368683,-0.436961,0.448066,0.025,0.0221866
-0.397548,-0.423421,0.412415,0.0125,0.0221866
-0.346187,-0.406881,0.424447,0.0225,0.0221866
-0.376944,-0.384149,0.41696,0.0175,0.0221866
-0.414279,-0.389326,0.44943,0.0175,0.0221866
-0.362073,-0.29117,0.397861,0.045,0.00577335
-0.366526,-0.257163,0.389277,0.025,0.00577335
-0.33923,-0.284578,0.361156,0.0125,0.00577335
-0.393535,-0.287333,0.371137,0.0225,0.00577335
-0.367955,-0.316698,0.372588,0.0175,0.00577335
-0.332284,-0.310755,0.406752,0.0175,0.00577335
0.264609,-0.360944,0.134048,0.045,0.00275411
0.242889,-0.3494,0.108653,0.025,0.00275411
0.247955,-0.323091,0.148272,0.0125,0.00275411
0.284849,-0.334976,0.108853,0.0225,0.00275411
0.28984,-0.338332,0.147357,0.0175,0.00275411
0.258849,-0.370671,0.169009,0.0175,0.00275411
-0.955265,-0.165231,0.643767,0.045,0.00990247
-0.957627,-0.197909,0.657055,0.025,0.00990247
-0.922868,-0.169121,0.672884,0.0125,0.00990247
-0.977675,-0.164731,0.678643,0.0225,0.00990247
-0.95311,-0.136972,0.666611,0.0175,0.00990247
-0.929004,-0.148164,0.624555,0.0175,0.00990247
-0.786198,-0.0897198,0.584026,0.045,0.0108714
-0.791269,-0.121993,0.597544,0.025,0.0108714
-0.747408,-0.109879,0.582816,0.0125,0.0108714
-0.777464,-0.0896096,0.624554,0.0225,0.0108714
-0.759028,-0.0692183,0.59693,0.0175,0.0108714
-0.775446,-0.0781996,0.550835,0.0175,0.0108714
-0.582902,0.0723658,0.628436,0.045,0.0126786
-0.604845,0.0631979,0.602274,0.025,0.0126786
-0.576954,0.0295632,0.621723,0.0125,0.0126786
-0.618552,0.0582254,0.644181,0.0225,0.0126786
-0.582988,0.0529255,0.659211,0.0175,0.0126786
-0.546284,0.0717347,0.631389,0.0175,0.0126786
-0.691411,-0.145362,0.625206,0.045,0.0163747
-0.68319,-0.125771,0.653466,0.025,0.0163747
-0.716299,-0.159979,0.658061,0.0125,0.0163747
-0.662194,-0.164419,0.647611,0.0225,0.0163747
-0.691269,-0.181639,0.628197,0.0175,0.0163747
-0.722667,-0.149791,0.606406,0.0175,0.0163747
0.0472507,0.0171127,0.135189,0.045,0.0109325
0.0674451,0.0270839,0.162443,0.025,0.0109325
0.0263124,0.0502103,0.154648,0.0125,0.0109325
0.034976,-0.00226801,0.169721,0.0225,0.0109325
0.0119516,0.0103062,0.140902,0.0175,0.0109325
0.0361271,0.0346824,0.104898,0.0175,0.0109325
-0.113466,-0.138436,0.116549,0.045,0.020645
-0.12826,-0.164524,0.135273,0.025,0.020645
-0.0805477,-0.161707,0.133501,0.0125,0.020645
-0.117118,-0.127042,0.156243,0.0225,0.020645
-0.087908,-0.117757,0.132175,0.0175,0.020645
-0.0915021,-0.138491,0.0870949,0.0175,0.020645
-0.41105,-0.227335,0.437818,0.045,0.00903245
-0.377143,-0.219795,0.44441,0.025,0.00903245
-0.410689,-0.202249,0.473638,0.0125,0.00903245
-0.395478,-0.254663,0.464826,0.0225,0.00903245
-0.431781,-0.240493,0.464689,0.0175,0.00903245
-0.439956,-0.206199,0.429588,0.0175,0.00903245
-0.399575,0.0415716,0.34782,0.045,0.021625
-0.422409,0.0648822,0.334211,0.025,0.021625
-0.380829,0.080902,0.351586,0.0125,0.021625
-0.390665,0.0484549,0.307921,0.0225,0.021625
-0.364977,0.0420535,0.33652,0.0175,0.021625
-0.38561,0.0374064,0.381549,0.0175,0.021625
-0.828004,0.132468,0.633755,0.045,0.00258694
-0.827164,0.167286,0.627672,0.025,0.00258694
-0.810706,0.150855,0.669465,0.0125,0.00258694
-0.791052,0.143248,0.618356,0.0225,0.00258694
-0.797739,0.115785,0.645186,0.0175,0.00258694
-0.84541,0.112158,0.658944,0.0175,0.00258694
-0.744194,0.0839939,0.642963,0.045,0.0130416
-0.723284,0.0584744,0.655673,0.025,0.0130416
-0.765653,0.0659939,0.676549,0.0125,0.0130416
-0.754143,0.0476447,0.625686,0.0225,0.0130416
-0.778896,0.076195,0.635221,0.0175,0.0130416
-0.757342,0.114913,0.657833,0.0175,0.0130416
-0.734442,0.314318,0.620835,0.045,0.0109683
-0.736788,0.289657,0.646061,0.025,0.0109683
-0.69826,0.31798,0.645124,0.0125,0.0109683
-0.75114,0.330662,0.655082,0.0225,0.0109683
-0.727017,0.348665,0.630328,0.0175,0.0109683
-0.710427,0.319584,0.593531,0.0175,0.0109683
-0.385278,0.106706,0.502097,0.045,0.00309182
-0.355076,0.12428,0.496714,0.025,0.00309182
-0.359108,0.0969319,0.535744,0.0125,0.00309182
-0.358077,0.0823822,0.482419,0.0225,0.00309182
-0.383942,0.0710448,0.509275,0.0175,0.00309182
-0.410435,0.108339,0.528826,0.0175,0.00309182
-0.342094,0.433285,0.301696,0.045,0.00445226
-0.352981,0.453165,0.32883,0.025,0.00445226
-0.35459,0.405557,0.333121,0.0125,0.00445226
-0.310901,0.439099,0.328378,0.0225,0.00445226
-0.317922,0.406761,0.307793,0.0175,0.00445226
-0.359404,0.408846,0.280409,0.0175,0.00445226
-0.4203,0.349296,0.329037,0.045,0.0112782
-0.442082,0.349592,0.301189,0.025,0.0112782
-0.397346,0.33377,0.295206,0.0125,0.0112782
-0.438656,0.312337,0.325045,0.0225,0.0112782
-0.4021,0.318774,0.336919,0.0175,0.0112782
-0.388654,0.36666,0.33589,0.0175,0.0112782
-0.456026,0.317225,0.471601,0.045,0.0101179
-0.433161,0.329499,0.495613,0.025,0.0101179
-0.46217,0.293482,0.50781,0.0125,0.0101179
-0.421188,0.29477,0.470728,0.0225,0.0101179
-0.457377,0.281425,0.465158,0.0175,0.0101179
-0.492737,0.315968,0.470762,0.0175,0.0101179
-0.95546,0.343302,0.543692,0.045,0.00193744
-0.923306,0.340544,0.558133,0.025,0.00193744
-0.931835,0.376455,0.527717,0.0125,0.00193744
-0.953205,0.366791,0.577779,0.0225,0.00193744
-0.972831,0.375255,0.545191,0.0175,0.00193744
-0.967189,0.341687,0.508909,0.0175,0.00193744
-0.896012,0.405934,0.568392,0.045,0.00475122
-0.923201,0.401127,0.590475,0.025,0.00475122
-0.882678,0.419846,0.607649,0.0125,0.00475122
-0.918429,0.440711,0.571006,0.0225,0.00475122
-0.879705,0.438457,0.567248,0.0175,0.00475122
-0.862047,0.391948,0.567542,0.0175,0.00475122
-0.892496,0.332589,0.620373,0.045,0.0175236
-0.889633,0.333746,0.655593,0.025,0.0175236
-0.904619,0.372832,0.632458,0.0125,0.0175236
-0.928982,0.323499,0.637833,0.0225,0.0175236
-0.923553,0.343442,0.604795,0.0175,0.0175236
-0.87573,0.351285,0.593552,0.0175,0.0175236
-0.743434,0.506702,0.59845,0.045,0.00472452
-0.758834,0.489986,0.625531,0.025,0.00472452
-0.753118,0.537404,0.62805,0.0125,0.00472452
-0.784638,0.507429,0.593929,0.0225,0.00472452
-0.759842,0.535809,0.584007,0.0175,0.00472452
-0.712467,0.526305,0.59585,0.0175,0.00472452
-0.764803,0.609369,0.575405,0.045,0.0138867
-0.799988,0.610096,0.578791,0.025,0.0138867
-0.77407,0.588629,0.612774,0.0125,0.0138867
-0.776129,0.641966,0.598382,0.0225,0.0138867
-0.74413,0.620275,0.60331,0.0175,0.0138867
-0.74083,0.58173,0.572031,0.0175,0.0138867
0.163614,0.495761,0.1309,0.045,0.00371056
0.162334,0.472703,0.157671,0.025,0.00371056
0.170648,0.518785,0.16741,0.0125,0.00371056
0.125351,0.494688,0.146824,0.0225,0.00371056
0.1436,0.52611,0.132737,0.0175,0.00371056
0.190391,0.517483,0.118206,0.0175,0.00371056
-0.381482,0.531551,0.426169,0.045,0.011083
-0.387351,0.563575,0.439954,0.025,0.011083
-0.396714,0.525003,0.466637,0.0125,0.011083
-0.348331,0.543948,0.447758,0.0225,0.011083
-0.361822,0.507481,0.445119,0.0175,0.011083
-0.403808,0.503327,0.418758,0.0175,0.011083
-0.433358,0.517948,0.307207,0.045,0.0126553
-0.445995,0.495424,0.331351,0.025,0.0126553
-0.460957,0.491388,0.286104,0.0125,0.0126553
-0.410621,0.483283,0.307477,0.0225,0.0126553
-0.41959,0.504741,0.276207,0.0175,0.0126553
-0.449598,0.54319,0.286015,0.0175,0.0126553
-0.897342,0.684478,0.470854,0.045,0.00745627
-0.916986,0.695157,0.443467,0.025,0.00745627
-0.870299,0.705536,0.443693,0.0125,0.00745627
-0.895516,0.656452,0.440358,0.0225,0.00745627
-0.866487,0.666261,0.46444,0.0175,0.00745627
-0.877992,0.702873,0.496097,0.0175,0.00745627
-0.832725,0.631772,0.504337,0.045,0.00805522
-0.819772,0.629214,0.537135,0.025,0.00805522
-0.85007,0.664836,0.527106,0.0125,0.00805522
-0.858899,0.610274,0.528243,0.0225,0.00805522
-0.868691,0.634976,0.499735,0.0175,0.00805522
-0.829888,0.65781,0.478569,0.0175,0.00805522
-0.800047,0.698712,0.561167,0.045,0.0145913
-0.768973,0.710832,0.572894,0.025,0.0145913
-0.791631,0.677267,0.598339,0.0125,0.0145913
-0.76937,0.674223,0.547827,0.0225,0.0145913
-0.805093,0.662771,0.558387,0.0175,0.0145913
-0.833913,0.699584,0.57539,0.0175,0.0145913
-0.94916,0.954967,0.541597,0.045,0.00474103
-0.929637,0.937194,0.518082,0.025,0.00474103
-0.949696,0.913092,0.554196,0.0125,0.00474103
-0.973508,0.93946,0.511841,0.0225,0.00474103
-0.982549,0.942875,0.549595,0.0175,0.00474103
-0.945472,0.960422,0.577745,0.0175,0.00474103
-0.655795,0.734754,0.656314,0.045,0.0142525
-0.642104,0.758137,0.679024,0.025,0.0142525
-0.672633,0.72523,0.695535,0.0125,0.0142525
-0.621988,0.718871,0.674302,0.0225,0.0142525
-0.654171,0.699285,0.664334,0.0175,0.0142525
-0.69027,0.727931,0.645593,0.0175,0.0142525
-0.325753,0.510532,0.358761,0.045,0.00164549
-0.359563,0.502171,0.352681,0.025,0.00164549
-0.342083,0.496547,0.396843,0.0125,0.00164549
-0.350142,0.542839,0.367717,0.0225,0.00164549
-0.317712,0.532466,0.386676,0.0175,0.00164549
-0.296908,0.49058,0.369711,0.0175,0.00164549
-0.409678,0.684541,0.276563,0.045,0.00724999
-0.378905,0.698161,0.287402,0.025,0.00724999
-0.417258,0.702711,0.315613,0.0125,0.00724999
-0.389762,0.657187,0.300518,0.0225,0.00724999
-0.428297,0.662814,0.299063,0.0175,0.00724999
-0.442186,0.699851,0.268891,0.0175,0.00724999
-0.943294,0.778907,0.478477,0.045,0.00555814
-0.975779,0.775662,0.492047,0.025,0.00555814
-0.964183,0.816299,0.469649,0.0125,0.00555814
-0.969449,0.765123,0.449414,0.0225,0.00555814
-0.939576,0.789526,0.443858,0.0175,0.00555814
-0.915672,0.802049,0.485653,0.0175,0.00555814
-0.868985,0.865752,0.390918,0.045,0.00568725
-0.875968,0.842648,0.365083,0.025,0.00568725
-0.902963,0.841835,0.404556,0.0125,0.00568725
-0.898255,0.881007,0.365831,0.0225,0.00568725
-0.896128,0.885889,0.404437,0.0175,0.00568725
-0.858506,0.861384,0.425862,0.0175,0.00568725
-0.860316,0.722775,0.627117,0.045,0.0117373
-0.894783,0.730319,0.629381,0.025,0.0117373
-0.874311,0.705528,0.664789,0.0125,0.0117373
-0.865752,0.757731,0.648733,0.0225,0.0117373
-0.838635,0.730525,0.65531,0.0175,0.0117373
-0.842009,0.690968,0.625329,0.0175,0.0117373
-0.839694,0.943601,0.572976,0.045,0.0594196
-0.87132,0.951586,0.586616,0.025,0.0594196
-0.84137,0.92456,0.61231,0.0125,0.0594196
-0.836701,0.977412,0.59678,0.0225,0.0594196
-0.809837,0.949438,0.592964,0.0175,0.0594196
-0.824015,0.911638,0.563892,0.0175,0.0594196
-0.79168,0.886534,0.624499,0.045,0.0474682
-0.785201,0.854171,0.611823,0.025,0.0474682
-0.75127,0.88764,0.607817,0.0125,0.0474682
-0.772128,0.863788,0.653119,0.0225,0.0474682
-0.767419,0.901959,0.646826,0.0175,0.0474682
-0.793672,0.919489,0.608374,0.0175,0.0474682
-0.450502,0.736147,0.516246,0.045,0.0237286
-0.437186,0.727371,0.484692,0.025,0.0237286
-0.421819,0.767455,0.505778,0.0125,0.0237286
-0.415332,0.714761,0.521191,0.0225,0.0237286
-0.427689,0.744293,0.543415,0.0175,0.0237286
-0.470061,0.765074,0.527677,0.0175,0.0237286
-0.3899,0.723545,0.382282,0.045,0.0207906
-0.355549,0.717465,0.38803,0.025,0.0207906
-0.387218,0.6838,0.400328,0.0125,0.0207906
-0.373644,0.702861,0.350241,0.0225,0.0207906
-0.409581,0.698496,0.364671,0.0175,0.0207906
-0.41869,0.726234,0.404952,0.0175,0.0207906
-0.40886,0.802605,0.258904,0.045,0.0126125
-0.397592,0.801041,0.225429,0.025,0.0126125
-0.371124,0.780512,0.259569,0.0125,0.0126125
-0.421608,0.767288,0.241327,0.0225,0.0126125
-0.410601,0.771928,0.278422,0.0175,0.0126125
-0.394548,0.817778,0.289152,0.0175,0.0126125
-0.874771,-0.697422,0.459681,0.045,0.0120081
-0.904879,-0.71288,0.469907,0.025,0.0120081
-0.863555,-0.735679,0.477655,0.0125,0.0120081
-0.882451,-0.688511,0.499434,0.0225,0.0120081
-0.8474,-0.694542,0.483503,0.0175,0.0120081
-0.848964,-0.707144,0.435402,0.0175,0.0120081
-0.955322,-0.897799,0.507312,0.045,0.00497329
-0.958591,-0.932458,0.513478,0.025,0.00497329
-0.975163,-0.91479,0.472239,0.0125,0.00497329
-0.923209,-0.918186,0.490825,0.0225,0.00497329
-0.940703,-0.88674,0.475864,0.0175,0.00497329
-0.980069,-0.871166,0.501993,0.0175,0.00497329
-0.925521,-0.832424,0.56129,0.045,0.0046042
-0.956857,-0.838747,0.546188,0.025,0.0046042
-0.94482,-0.793528,0.55608,0.0125,0.0046042
-0.922325,-0.828963,0.5201,0.0225,0.0046042
-0.903535,-0.807416,0.546585,0.0175,0.0046042
-0.91615,-0.817662,0.593605,0.0175,0.0046042
-0.792737,-0.817284,0.639308,0.045,0.264391
-0.775549,-0.808934,0.669054,0.025,0.264391
-0.784881,-0.774305,0.637413,0.0125,0.264391
-0.819676,-0.804402,0.668067,0.0225,0.264391
-0.821967,-0.797822,0.629724,0.0175,0.264391
-0.783247,-0.815346,0.603865,0.0175,0.264391
-0.365405,-0.88361,0.220501,0.045,0.0053558
-0.348114,-0.874808,0.190945,0.025,0.0053558
-0.394003,-0.862078,0.19538,0.0125,0.0053558
-0.349817,-0.845362,0.224093,0.0225,0.0053558
-0.383764,-0.857888,0.238567,0.0175,0.0053558
-0.394699,-0.904928,0.22662,0.0175,0.0053558
-0.445719,-0.822352,0.409264,0.045,0.0176463
-0.4489,-0.792936,0.428618,0.025,0.0176463
-0.429271,-0.83165,0.448704,0.0125,0.0176463
-0.410735,-0.800204,0.407185,0.0225,0.0176463
-0.413427,-0.839079,0.4077,0.0175,0.0176463
-0.459898,-0.856049,0.412938,0.0175,0.0176463
-0.409649,-0.644271,0.349197,0.045,0.0369137
-0.401704,-0.627186,0.379114,0.025,0.0369137
-0.443699,-0.649871,0.376063,0.0125,0.0369137
-0.392401,-0.670479,0.376297,0.0225,0.0369137
-0.420869,-0.67885,0.351033,0.0175,0.0369137
-0.436481,-0.639768,0.324504,0.0175,0.0369137
-0.878645,-0.607936,0.509151,0.045,0.00594784
-0.882517,-0.611975,0.474241,0.025,0.00594784
-0.877884,-0.65099,0.501516,0.0125,0.00594784
-0.918654,-0.613686,0.499931,0.0225,0.00594784
-0.900169,-0.626819,0.531626,0.0175,0.00594784
-0.851448,-0.616773,0.532221,0.0175,0.00594784
-0.853043,-0.668705,0.570157,0.045,0.00893865
-0.867329,-0.655787,0.599805,0.025,0.00893865
-0.864884,-0.627554,0.561277,0.0125,0.00893865
-0.894188,-0.673726,0.569382,0.0225,0.00893865
-0.871371,-0.665544,0.538867,0.0175,0.00893865
-0.823486,-0.658945,0.550634,0.0175,0.00893865
-0.818243,-0.911419,0.530029,0.045,0.00223399
-0.806432,-0.944626,0.527235,0.025,0.00223399
-0.782038,-0.913771,0.554445,0.0125,0.00223399
-0.832896,-0.934321,0.561327,0.0225,0.00223399
-0.822357,-0.896846,0.563131,0.0175,0.00223399
-0.803586,-0.879065,0.520628,0.0175,0.00223399
-0.311248,-0.717493,0.443785,0.045,0.0321434
-0.335793,-0.742,0.436933,0.025,0.0321434
-0.308021,-0.726655,0.401145,0.0125,0.0321434
-0.29456,-0.755351,0.44644,0.0225,0.0321434
-0.276979,-0.723287,0.432965,0.0175,0.0321434
-0.306409,-0.683203,0.431506,0.0175,0.0321434
-0.550917,-0.661262,0.620852,0.045,0.0374272
-0.528377,-0.677515,0.64271,0.025,0.0374272
-0.530639,-0.629746,0.643392,0.0125,0.0374272
-0.568774,-0.667084,0.657811,0.0225,0.0374272
-0.573789,-0.63637,0.634353,0.0175,0.0374272
-0.54586,-0.6376,0.593201,0.0175,0.0374272
-0.345753,-0.829042,0.289236,0.045,0.0139268
-0.328776,-0.798386,0.293922,0.025,0.0139268
-0.327219,-0.819171,0.250875,0.0125,0.0139268
-0.370201,-0.797484,0.27805,0.0225,0.0139268
-0.368523,-0.832512,0.261049,0.0175,0.0139268
-0.334035,-0.862718,0.280367,0.0175,0.0139268
-0.371394,-0.796479,0.461405,0.045,0.0202804
-0.362886,-0.798085,0.495684,0.025,0.0202804
-0.346862,-0.832336,0.4664,0.0125,0.0202804
-0.334599,-0.778446,0.467703,0.0225,0.0202804
-0.34501,-0.799329,0.43649,0.0175,0.0202804
-0.390622,-0.818947,0.439599,0.0175,0.0202804
-0.0452185,-0.571453,0.0480757,0.045,0.00168792
-0.059051,-0.602296,0.0584392,0.025,0.00168792
-0.0794126,-0.561742,0.0735505,0.0125,0.00168792
-0.0758654,-0.582531,0.0224477,0.0225,0.00168792
-0.0671147,-0.546231,0.0336048,0.0175,0.00168792
-0.0300411,-0.543639,0.0666779,0.0175,0.00168792
-0.945843,-0.510348,0.487793,0.045,0.00218806
-0.964936,-0.500439,0.515851,0.025,0.00218806
-0.978046,-0.485007,0.472521,0.0125,0.00218806
-0.97772,-0.536319,0.493093,0.0225,0.00218806
-0.962872,-0.524683,0.458992,0.0175,0.00218806
-0.926214,-0.49132,0.463244,0.0175,0.00218806
-0.914358,-0.468904,0.584802,0.045,0.00464281
-0.939723,-0.48956,0.598216,0.025,0.00464281
-0.952456,-0.450956,0.573016,0.0125,0.00464281
-0.926302,-0.496793,0.556547,0.0225,0.00464281
-0.915644,-0.459969,0.549538,0.0175,0.00464281
-0.905469,-0.433721,0.590557,0.0175,0.00464281
-0.667373,-0.429816,0.670534,0.045,0.0810483
-0.642368,-0.450771,0.684161,0.025,0.0810483
-0.664207,-0.419378,0.712884,0.0125,0.0810483
-0.684723,-0.463693,0.68697,0.0225,0.0810483
-0.699672,-0.427704,0.687186,0.0175,0.0810483
-0.669883,-0.393327,0.667041,0.0175,0.0810483
-0.559708,-0.587468,0.671428,0.045,0.0242987
-0.55645,-0.621949,0.67853,0.025,0.0242987
-0.523583,-0.600988,0.650819,0.0125,0.0242987
-0.535021,-0.592867,0.704293,0.0225,0.0242987
-0.531148,-0.565542,0.676778,0.0175,0.0242987
-0.564491,-0.569013,0.640018,0.0175,0.0242987
-0.334857,-0.693851,0.339186,0.045,0.0354761
-0.343103,-0.703521,0.306194,0.025,0.0354761
-0.306843,-0.673046,0.312825,0.0125,0.0354761
-0.311501,-0.726101,0.327647,0.0225,0.0354761
-0.300266,-0.696394,0.35023,0.0175,0.0354761
-0.335003,-0.661284,0.356198,0.0175,0.0354761
0.0456629,-0.735441,0.124448,0.045,0.0200593
0.0714966,-0.74031,0.148089,0.025,0.0200593
0.0327501,-0.715508,0.161169,0.0125,0.0200593
0.0375508,-0.768878,0.147576,0.0225,0.0200593
0.0114102,-0.743477,0.133785,0.0175,0.0200593
0.0314799,-0.705188,0.109165,0.0175,0.0200593
-0.470189,-0.717181,0.355856,0.045,0.0279155
-0.473835,-0.682307,0.35133,0.025,0.0279155
-0.508794,-0.706402,0.373348,0.0125,0.0279155
-0.456763,-0.69707,0.389531,0.0225,0.0279155
-0.475315,-0.731338,0.388997,0.0175,0.0279155
-0.48958,-0.745888,0.343612,0.0175,0.0279155
-0.947973,-0.267252,0.592401,0.045,0.00755493
-0.97512,-0.264881,0.614927,0.025,0.00755493
-0.970833,-0.304293,0.588172,0.0125,0.00755493
-0.938074,-0.285234,0.62842,0.0225,0.00755493
-0.927101,-0.297069,0.592948,0.0175,0.00755493
-0.946358,-0.270146,0.555808,0.0175,0.00755493
-0.895615,-0.239115,0.659856,0.045,0.0259145
-0.888139,-0.219141,0.631657,0.025,0.0259145
-0.903632,-0.197737,0.671524,0.0125,0.0259145
-0.856605,-0.225286,0.662261,0.0225,0.0259145
-0.881179,-0.230302,0.692089,0.0175,0.0259145
-0.926734,-0.244963,0.678494,0.0175,0.0259145
-0.71399,-0.0204773,0.603351,0.045,0.01385
-0.693783,0.00457605,0.617979,0.025,0.01385
-0.74018,0.00286378,0.629462,0.0125,0.01385
-0.699835,-0.033401,0.640111,0.0225,0.01385
-0.734846,-0.0411569,0.624854,0.0175,0.01385
-0.743245,-0.0188612,0.58118,0.0175,0.01385
-0.777862,-0.141108,0.668097,0.045,0.0148962
-0.750971,-0.163765,0.671777,0.025,0.0148962
-0.744639,-0.124768,0.644821,0.0125,0.0148962
-0.753334,-0.129004,0.699251,0.0225,0.0148962
-0.77212,-0.105701,0.674295,0.0175,0.0148962
-0.797064,-0.130039,0.638792,0.0175,0.0148962
-0.380366,-0.468964,0.382115,0.045,0.0332982
-0.347078,-0.469243,0.370207,0.025,0.0332982
-0.380327,-0.493723,0.346067,0.0125,0.0332982
-0.375259,-0.439205,0.353706,0.0225,0.0332982
-0.407313,-0.460708,0.359078,0.0175,0.0332982
-0.402561,-0.495646,0.394175,0.0175,0.0332982
-0.324302,-0.380206,0.364134,0.045,0.00703146
-0.345578,-0.352263,0.368198,0.025,0.00703146
-0.335612,-0.379304,0.406368,0.0125,0.00703146
-0.302215,-0.347244,0.376152,0.0225,0.00703146
-0.295957,-0.38426,0.38661,0.0175,0.00703146
-0.329633,-0.416258,0.368804,0.0175,0.00703146
-0.304469,-0.355928,0.448254,0.045,0.00805406
-0.294256,-0.35515,0.482093,0.025,0.00805406
-0.266913,-0.378235,0.450361,0.0125,0.00805406
-0.278379,-0.324307,0.454428,0.0225,0.00805406
-0.280702,-0.346375,0.422391,0.0175,0.00805406
-0.313611,-0.383529,0.42579,0.0175,0.00805406
-0.373229,-0.201582,0.234964,0.045,0.00520204
-0.346946,-0.207385,0.21204,0.025,0.00520204
-0.336201,-0.201171,0.258229,0.0125,0.00520204
-0.364229,-0.242032,0.233712,0.0225,0.00520204
-0.375112,-0.221787,0.265183,0.0175,0.00520204
-0.38119,-0.173127,0.256803,0.0175,0.00520204
-0.801059,-0.00793076,0.621247,0.045,0.0143124
-0.807165,0.00868365,0.651852,0.025,0.0143124
-0.843645,0.00200749,0.621651,0.0125,0.0143124
-0.813886,-0.0351264,0.649789,0.0225,0.0143124
-0.822349,-0.0358881,0.611755,0.0175,0.0143124
-0.80418,0.0027572,0.586233,0.0175,0.0143124
-0.863268,0.0510559,0.648113,0.045,0.0109719
-0.889852,0.0295865,0.657188,0.025,0.0109719
-0.845438,0.0181809,0.670781,0.0125,0.0109719
-0.877104,0.0608864,0.685938,0.0225,0.0109719
-0.840094,0.0623365,0.673817,0.0175,0.0109719
-0.833415,0.0460444,0.627288,0.0175,0.0109719
-0.679935,0.175739,0.643255,0.045,0.00928323
-0.677194,0.162568,0.675951,0.025,0.00928323
-0.716799,0.153433,0.650742,0.0125,0.00928323
-0.664722,0.137203,0.641747,0.0225,0.00928323
-0.68896,0.15346,0.615921,0.0175,0.00928323
-0.703492,0.199473,0.62803,0.0175,0.00928323
-0.476743,0.265718,0.628796,0.045,0.0196435
-0.472008,0.259211,0.594368,0.025,0.0196435
-0.478292,0.222268,0.624087,0.0125,0.0196435
-0.513468,0.262466,0.609836,0.0225,0.0196435
-0.505008,0.250484,0.645942,0.0175,0.0196435
-0.45729,0.256616,0.658607,0.0175,0.0196435
-0.374324,0.123171,0.403934,0.045,0.00672072
-0.399918,0.104253,0.388537,0.025,0.00672072
-0.366287,0.0812891,0.41362,0.0125,0.00672072
-0.405185,0.116604,0.430827,0.0225,0.00672072
-0.367144,0.117785,0.43921,0.0175,0.00672072
-0.337862,0.123755,0.399437,0.0175,0.00672072
-0.386304,-0.0192909,0.211886,0.045,0.0162244
-0.366272,-0.0453885,0.224835,0.025,0.0162244
-0.356673,-0.00039709,0.237916,0.0125,0.0162244
-0.401068,-0.0315494,0.248636,0.0225,0.0162244
-0.400833,0.00490906,0.23487,0.0175,0.0162244
-0.378529,0.00967209,0.190657,0.0175,0.0162244
-0.453828,0.188507,0.24402,0.045,0.0102136
-0.469831,0.213983,0.225449,0.025,0.0102136
-0.42233,0.209503,0.222121,0.0125,0.0102136
-0.46226,0.174947,0.20576,0.0225,0.0102136
-0.430827,0.166011,0.226993,0.0175,0.0102136
-0.428703,0.189474,0.270811,0.0175,0.0102136
-0.952899,0.0564661,0.643311,0.045,0.0117162
-0.960608,0.0865922,0.660133,0.025,0.0117162
-0.987665,0.0480443,0.668468,0.0125,0.0117162
-0.93445,0.0570555,0.680432,0.0225,0.0117162
-0.949468,0.0258086,0.662633,0.0175,0.0117162
-0.971758,0.0359833,0.619335,0.0175,0.0117162
-0.889855,0.192001,0.607493,0.045,0.00440473
-0.895127,0.208446,0.638345,0.025,0.00440473
-0.933158,0.195925,0.612184,0.0125,0.00440473
-0.895766,0.164087,0.63757,0.0225,0.00440473
-0.907832,0.161101,0.600634,0.0175,0.00440473
-0.897972,0.201177,0.572854,0.0175,0.00440473
-0.834089,0.262092,0.614409,0.045,0.00519342
-0.860359,0.267307,0.63749,0.025,0.00519342
-0.869943,0.244577,0.596514,0.0125,0.00519342
-0.83815,0.228922,0.638945,0.0225,0.00519342
-0.82857,0.228636,0.601171,0.0175,0.00519342
-0.828787,0.273621,0.579928,0.0175,0.00519342
-0.763281,0.398681,0.639746,0.045,0.0223982
-0.743961,0.388686,0.667618,0.025,0.0223982
-0.778615,0.421011,0.674078,0.0125,0.0223982
-0.782278,0.36774,0.659759,0.0225,0.0223982
-0.799589,0.397931,0.642221,0.0175,0.0223982
-0.767837,0.431144,0.623151,0.0175,0.0223982
-0.590366,0.284899,0.686853,0.045,0.050832
-0.565972,0.304155,0.70371,0.025,0.050832
-0.569038,0.257408,0.713346,0.0125,0.050832
-0.554268,0.282895,0.666564,0.0225,0.050832
-0.580244,0.254088,0.670324,0.0175,0.050832
-0.61935,0.265728,0.698788,0.0175,0.050832
-0.13223,0.381244,0.160481,0.045,0.00622067
-0.102894,0.398373,0.17028,0.025,0.00622067
-0.138922,0.394767,0.201528,0.0125,0.00622067
-0.106621,0.355289,0.180212,0.0225,0.00622067
-0.145545,0.35518,0.182124,0.0175,0.00622067
-0.167129,0.392094,0.156698,0.0175,0.00622067
-0.045785,0.368641,0.139089,0.045,0.00745792
-0.0248797,0.354425,0.163805,0.025,0.00745792
-0.0194752,0.400696,0.152973,0.0125,0.00745792
-0.0621537,0.374761,0.176683,0.0225,0.00745792
-0.0635822,0.399493,0.146599,0.0175,0.00745792
-0.0386524,0.383941,0.106454,0.0175,0.00745792
-0.371354,0.198603,0.522283,0.045,0.00978697
-0.376945,0.233361,0.519028,0.025,0.00978697
-0.395499,0.210532,0.556738,0.0125,0.00978697
-0.342594,0.219602,0.54351,0.0225,0.00978697
-0.358643,0.18562,0.553824,0.0175,0.00978697
-0.394169,0.169807,0.522794,0.0175,0.00978697
-0.955178,0.43682,0.505812,0.045,0.00297709
-0.975325,0.410933,0.519003,0.025,0.00297709
-0.928012,0.404322,0.516693,0.0125,0.00297709
-0.957195,0.440108,0.54709,0.0225,0.00297709
-0.926252,0.448126,0.524797,0.0175,0.00297709
-0.933125,0.438508,0.476472,0.0175,0.00297709
-0.907091,0.747663,0.554492,0.045,0.00919514
-0.92051,0.778826,0.544553,0.025,0.00919514
-0.893728,0.754347,0.513391,0.0125,0.00919514
-0.943141,0.741917,0.534842,0.0225,0.00919514
-0.911911,0.718679,0.533005,0.0175,0.00919514
-0.872573,0.735658,0.558288,0.0175,0.00919514
-0.810855,0.551984,0.637216,0.045,0.0154069
-0.839298,0.572476,0.641803,0.025,0.0154069
-0.820496,0.550409,0.679843,0.0125,0.0154069
-0.799122,0.590249,0.648027,0.0225,0.0154069
-0.78184,0.556965,0.658624,0.0175,0.0154069
-0.805117,0.516074,0.642465,0.0175,0.0154069
-0.878871,0.554648,0.57856,0.045,0.0158144
-0.898731,0.558275,0.549535,0.025,0.0158144
-0.856792,0.535556,0.545994,0.0125,0.0158144
-0.902583,0.521041,0.573358,0.0225,0.0158144
-0.866195,0.521664,0.587299,0.0175,0.0158144
-0.845314,0.566819,0.587267,0.0175,0.0158144
-0.69985,0.460968,0.662395,0.045,0.107855
-0.667924,0.458087,0.677309,0.025,0.107855
-0.69229,0.418172,0.667281,0.0125,0.107855
-0.670947,0.456011,0.63309,0.0225,0.107855
-0.70717,0.44165,0.632425,0.0175,0.107855
-0.733401,0.451067,0.673635,0.0175,0.107855
-0.322762,0.415245,0.607232,0.045,0.0390577
-0.357327,0.420952,0.602468,0.025,0.0390577
-0.336338,0.385468,0.578223,0.0125,0.0390577
-0.344742,0.390904,0.632592,0.0225,0.0390577
-0.311299,0.381558,0.614901,0.0175,0.0390577
-0.294034,0.416851,0.584383,0.0175,0.0390577
0.0724993,0.541736,0.114435,0.045,0.00503195
0.0853378,0.511707,0.12798,0.025,0.00503195
0.0683384,0.544969,0.157849,0.0125,0.00503195
0.0417557,0.514513,0.120139,0.0225,0.00503195
0.0395281,0.553138,0.124822,0.0175,0.00503195
0.0827263,0.576847,0.117983,0.0175,0.00503195
-0.939346,0.863545,0.449073,0.045,0.00383924
-0.946321,0.88396,0.477083,0.025,0.00383924
-0.923104,0.842709,0.483923,0.0125,0.00383924
-0.906988,0.888222,0.456995,0.0225,0.00383924
-0.905367,0.851524,0.443983,0.0175,0.00383924
-0.949801,0.829498,0.440046,0.0175,0.00383924
-0.877142,0.955575,0.353291,0.045,0.00274592
-0.870522,0.938173,0.383347,0.025,0.00274592
-0.83967,0.933909,0.34705,0.0125,0.00274592
-0.852327,0.978228,0.377577,0.0225,0.00274592
-0.850961,0.976217,0.338681,0.0175,0.00274592
-0.883468,0.94414,0.318951,0.0175,0.00274592
-0.955398,0.599593,0.591487,0.045,0.0114364
-0.954052,0.566624,0.578789,0.025,0.0114364
-0.982786,0.598328,0.557417,0.0125,0.0114364
-0.927614,0.597382,0.560796,0.0225,0.0114364
-0.951024,0.627549,0.568588,0.0175,0.0114364
-0.982687,0.619397,0.606084,0.0175,0.0114364
-0.795546,0.779241,0.653597,0.045,0.00845793
-0.764549,0.778446,0.63661,0.025,0.00845793
-0.795936,0.8128,0.625559,0.0125,0.00845793
-0.768336,0.804045,0.672653,0.0225,0.00845793
-0.806586,0.810425,0.668784,0.0175,0.00845793
-0.830233,0.775828,0.641971,0.0175,0.00845793
-0.712859,0.567212,0.658274,0.045,0.0100289
-0.743723,0.571047,0.64146,0.025,0.0100289
-0.7066,0.552778,0.61747,0.0125,0.0100289
-0.734579,0.531961,0.660366,0.0225,0.0100289
-0.695881,0.535041,0.656941,0.0175,0.0100289
-0.679636,0.581869,0.652671,0.0175,0.0100289
-0.358517,0.526184,0.259296,0.045,0.00724441
-0.337262,0.502637,0.243683,0.025,0.00724441
-0.31774,0.541254,0.264056,0.0125,0.00724441
-0.344653,0.498912,0.287275,0.0225,0.00724441
-0.351108,0.536871,0.293295,0.0175,0.00724441
-0.365324,0.561658,0.252571,0.0175,0.00724441
-0.340562,0.7544,0.300347,0.045,0.00776815
-0.338854,0.776594,0.272879,0.025,0.00776815
-0.380089,0.754001,0.28164,0.0125,0.00776815
-0.353617,0.792058,0.311759,0.0225,0.00776815
-0.367743,0.757968,0.324294,0.0175,0.00776815
-0.34697,0.718293,0.30263,0.0175,0.00776815
-0.319571,0.589627,0.592202,0.045,0.0855961
-0.319597,0.578835,0.558534,0.025,0.0855961
-0.358737,0.571539,0.585036,0.0125,0.0855961
-0.336023,0.61896,0.567961,0.0225,0.0855961
-0.347176,0.61008,0.60423,0.0175,0.0855961
-0.322765,0.571504,0.624004,0.0175,0.0855961
-0.956083,0.917635,0.36816,0.045,0.0034095
-0.9614,0.909777,0.402219,0.025,0.0034095
-0.954498,0.874037,0.371195,0.0125,0.0034095
-0.919686,0.913719,0.38762,0.0225,0.0034095
-0.927482,0.90314,0.350931,0.0175,0.0034095
-0.974988,0.909665,0.337679,0.0175,0.0034095
-0.874398,0.781551,0.42149,0.045,0.00476098
-0.87181,0.813255,0.436922,0.025,0.00476098
-0.859901,0.774388,0.462123,0.0125,0.00476098
-0.835823,0.796173,0.41738,0.0225,0.00476098
-0.84592,0.758914,0.42272,0.0175,0.00476098
-0.894765,0.751925,0.429071,0.0175,0.00476098
-0.869326,0.839068,0.503841,0.045,0.00493611
-0.880044,0.811687,0.523473,0.025,0.00493611
-0.888726,0.811042,0.476444,0.0125,0.00493611
-0.840522,0.809253,0.503451,0.0225,0.00493611
-0.849852,0.832701,0.473754,0.0175,0.00493611
-0.887613,0.863593,0.483491,0.0175,0.00493611
-0.724837,0.947714,0.475938,0.045,0.0102463
-0.697214,0.926932,0.483357,0.025,0.0102463
-0.690506,0.974247,0.481406,0.0125,0.0102463
-0.720351,0.94428,0.517009,0.0225,0.0102463
-0.731984,0.976041,0.497652,0.0175,0.0102463
-0.731697,0.97079,0.448181,0.0175,0.0102463
-0.6608,0.950746,0.630929,0.045,0.101535
-0.638378,0.972839,0.647026,0.025,0.101535
-0.657934,0.986187,0.60547,0.0125,0.101535
-0.681853,0.97753,0.654553,0.0225,0.101535
-0.693236,0.963245,0.620128,0.0175,0.101535
-0.659647,0.933652,0.598425,0.0175,0.101535
-0.466258,0.881166,0.6259,0.045,0.0375784
-0.449292,0.89158,0.655118,0.025,0.0375784
-0.480814,0.92139,0.634988,0.0125,0.0375784
-0.489113,0.872479,0.659381,0.0225,0.0375784
-0.502535,0.883867,0.624611,0.0175,0.0375784
-0.466817,0.894307,0.591593,0.0175,0.0375784
0.105005,0.866918,0.134995,0.045,0.00182283
0.104936,0.836993,0.116165,0.025,0.00182283
0.0711286,0.84331,0.149402,0.0125,0.00182283
0.0798568,0.870857,0.102272,0.0225,0.00182283
0.0742477,0.886202,0.137653,0.0175,0.00182283
0.109016,0.87355,0.17091,0.0175,0.00182283
-0.00417137,-0.491329,0.0447712,0.045,0.00250027
0.0248039,-0.471083,0.0440442,0.025,0.00250027
0.0129288,-0.492749,0.0849964,0.0125,0.00250027
0.0291877,-0.514657,0.0369139,0.0225,0.00250027
-0.0017992,-0.525115,0.058108,0.0175,0.00250027
-0.0355286,-0.488988,0.0637776,0.0175,0.00250027
0.294794,-0.541444,0.0474453,0.045,0.003408
0.272558,-0.556856,0.0246852,0.025,0.003408
0.319275,-0.566528,0.0212922,0.0125,0.003408
0.283562,-0.578721,0.0616928,0.0225,0.003408
0.318594,-0.562112,0.0656491,0.0175,0.003408
0.32282,-0.518155,0.0427386,0.0175,0.003408
0.343454,-0.617041,0.0448933,0.045,0.0019125
0.368705,-0.638883,0.0332607,0.025,0.0019125
0.35282,-0.643923,0.0780912,0.0125,0.0019125
0.32638,-0.651841,0.0301907,0.0225,0.0019125
0.313828,-0.631093,0.0606988,0.0175,0.0019125
0.34275,-0.592216,0.0719717,0.0175,0.0019125
0.552784,-0.639742,0.0496807,0.045,0.000381944
0.561126,-0.607409,0.0380608,0.025,0.000381944
0.576208,-0.645371,0.0131825,0.0125,0.000381944
0.524779,-0.627046,0.0218724,0.0225,0.000381944
0.53774,-0.663498,0.0265655,0.0175,0.000381944
0.573312,-0.668014,0.061051,0.0175,0.000381944
0.641722,-0.651857,0.0451632,0.045,0.00025034
0.662491,-0.632219,0.0659715,0.025,0.00025034
0.674926,-0.677586,0.0573287,0.0125,0.00025034
0.671987,-0.634597,0.0226943,0.0225,0.00025034
0.656648,-0.670025,0.0173758,0.0175,0.00025034
0.622472,-0.682548,0.0512906,0.0175,0.00025034
0.731916,-0.655944,0.0448446,0.045,0.000183612
0.720177,-0.62936,0.0247085,0.025,0.000183612
0.735905,-0.619577,0.0688039,0.0125,0.000183612
0.763635,-0.638311,0.0247999,0.0225,0.000183612
0.764433,-0.652916,0.0609219,0.0175,0.000183612
0.7204,-0.669636,0.0769363,0.0175,0.000183612
0.805738,-0.707109,0.0448313,0.045,8.18361e-05
0.791061,-0.684976,0.0681702,0.025,8.18361e-05
0.838173,-0.682243,0.060392,0.0125,8.18361e-05
0.796084,-0.671328,0.0262506,0.0225,8.18361e-05
0.827173,-0.693584,0.0187042,0.0175,8.18361e-05
0.831179,-0.733395,0.0482672,0.0175,8.18361e-05
0.870706,-0.530828,0.044755,0.045,7.92174e-05
0.899765,-0.526012,0.0252012,0.025,7.92174e-05
0.904692,-0.534116,0.0720793,0.0125,7.92174e-05
0.885616,-0.567459,0.0323226,0.0225,7.92174e-05
0.868715,-0.55987,0.0666086,0.0175,7.92174e-05
0.856465,-0.512072,0.0729588,0.0175,7.92174e-05
0.144236,-0.312604,0.0447807,0.045,0.00293211
0.119233,-0.331773,0.0287374,0.025,0.00293211
0.109277,-0.311811,0.0710447,0.0125,0.00293211
0.119693,-0.287873,0.0223136,0.0225,0.00293211
0.13601,-0.27918,0.0566202,0.0175,0.00293211
0.161774,-0.316643,0.0768135,0.0175,0.00293211
0.406697,-0.446408,0.0447769,0.045,0.00181161
0.377783,-0.443178,0.0246887,0.025,0.00181161
0.402041,-0.484383,0.023593,0.0125,0.00181161
0.373688,-0.461223,0.0650169,0.0225,0.00181161
0.409955,-0.475405,0.0665382,0.0175,0.00181161
0.442053,-0.452071,0.0365351,0.0175,0.00181161
0.476964,-0.507371,0.0445604,0.045,0.0006497
0.484086,-0.476477,0.0289129,0.025,0.0006497
0.501357,-0.48454,0.0727783,0.0125,0.0006497
0.513433,-0.50952,0.0249615,0.0225,0.0006497
0.504339,-0.526741,0.0587174,0.0175,0.0006497
0.458683,-0.51593,0.0752617,0.0175,0.0006497
0.548623,-0.441401,0.0534153,0.045,0.000743582
0.549062,-0.420481,0.0249175,0.025,0.000743582
0.582493,-0.454437,0.0290153,0.0125,0.000743582
0.527833,-0.459359,0.0223665,0.0225,0.000743582
0.54991,-0.477494,0.0488701,0.0175,0.000743582
0.572783,-0.446731,0.0805791,0.0175,0.000743582
0.63798,-0.445324,0.0442457,0.045,0.000508284
0.670865,-0.432363,0.0435131,0.025,0.000508284
0.657078,-0.457922,0.0815153,0.0125,0.000508284
0.664041,-0.473734,0.0290012,0.0225,0.000508284
0.633053,-0.480631,0.0516054,0.0175,0.000508284
0.609576,-0.43949,0.0668106,0.0175,0.000508284
0.734056,-0.503783,0.0477638,0.045,0.000216992
0.707655,-0.500436,0.0244867,0.025,0.000216992
0.751291,-0.485289,0.0120791,0.0125,0.000216992
0.733343,-0.536553,0.0223797,0.0225,0.000216992
0.765124,-0.519482,0.0371198,0.0175,0.000216992
0.755492,-0.479136,0.0645862,0.0175,0.000216992
0.819258,-0.457037,0.0446596,0.045,0.000138605
0.830813,-0.429782,0.063989,0.025,0.000138605
0.8572,-0.46964,0.0623819,0.0125,0.000138605
0.845097,-0.433692,0.0221629,0.0225,0.000138605
0.841817,-0.472495,0.020636,0.0175,0.000138605
0.809634,-0.491364,0.0535482,0.0175,0.000138605
0.126026,-0.212581,0.0448503,0.045,0.00724679
0.104374,-0.233237,0.0636783,0.025,0.00724679
0.151221,-0.234281,0.0732547,0.0125,0.00724679
0.11479,-0.193208,0.0797388,0.0225,0.00724679
0.149608,-0.191081,0.062362,0.0175,0.00724679
0.153965,-0.220138,0.022216,0.0175,0.00724679
0.328416,-0.272232,0.0448074,0.045,0.00128884
0.299874,-0.281468,0.0260975,0.025,0.00128884
0.340878,-0.304899,0.0185379,0.0125,0.00128884
0.308772,-0.303578,0.0635234,0.0225,0.00128884
0.347327,-0.298072,0.062119,0.0175,0.00128884
0.361145,-0.258732,0.0349818,0.0175,0.00128884
0.421789,-0.269542,0.0447664,0.045,0.00161523
0.432985,-0.302027,0.0364379,0.025,0.00161523
0.453061,-0.279631,0.0736246,0.0125,0.00161523
0.401236,-0.297752,0.0671382,0.0225,0.00161523
0.412327,-0.262386,0.0791795,0.0175,0.00161523
0.438759,-0.236963,0.0455641,0.0175,0.00161523
0.507212,-0.297512,0.0448771,0.045,0.000873101
0.535925,-0.293056,0.0247354,0.025,0.000873101
0.541327,-0.310635,0.0688864,0.0125,0.000873101
0.516111,-0.332757,0.0249425,0.0225,0.000873101
0.50178,-0.329666,0.0610511,0.0175,0.000873101
0.496928,-0.282766,0.0769209,0.0175,0.000873101
0.590961,-0.331819,0.0444174,0.045,0.0009889
0.612233,-0.309141,0.0275877,0.025,0.0009889
0.624166,-0.32348,0.0716274,0.0125,0.0009889
0.620973,-0.352547,0.0247109,0.0225,0.0009889
0.60527,-0.361878,0.0591364,0.0175,0.0009889
0.57158,-0.329143,0.0755176,0.0175,0.0009889
0.716543,-0.289066,0.0448647,0.045,0.000940056
0.746278,-0.293888,0.026355,0.025,0.000940056
0.749264,-0.289398,0.0738779,0.0125,0.000940056
0.726036,-0.329403,0.0436077,0.0225,0.000940056
0.709949,-0.310417,0.0735992,0.0175,0.000940056
0.704832,-0.261496,0.0661424,0.0175,0.000940056
0.810766,-0.267298,0.0446758,0.045,0.00030625
0.817096,-0.297695,0.0277664,0.025,0.00030625
0.83952,-0.258101,0.0130346,0.0125,0.00030625
0.844287,-0.285684,0.0607076,0.0225,0.00030625
0.838904,-0.24734,0.0562932,0.0175,0.00030625
0.796249,-0.235399,0.0336439,0.0175,0.00030625
0.900679,-0.252892,0.0443754,0.045,0.000248377
0.935279,-0.259391,0.0411179,0.025,0.000248377
0.921363,-0.220711,0.0655658,0.0125,0.000248377
0.914205,-0.274277,0.0772159,0.0225,0.000248377
0.886944,-0.246429,0.0774598,0.0175,0.000248377
0.87958,-0.224971,0.033184,0.0175,0.000248377
0.280533,-0.124451,0.0447598,0.045,0.00200517
0.311614,-0.139834,0.0378799,0.025,0.00200517
0.306755,-0.0930236,0.0293571,0.0125,0.00200517
0.305827,-0.120429,0.0773603,0.0225,0.00200517
0.279885,-0.0941454,0.0649133,0.0175,0.00200517
0.256069,-0.107399,0.0232946,0.0175,0.00200517
0.379226,-0.174906,0.0446005,0.045,0.00235427
0.387139,-0.209252,0.0418217,0.025,0.00235427
0.417359,-0.177135,0.0233075,0.0125,0.00235427
0.403663,-0.186379,0.0760638,0.0225,0.00235427
0.404284,-0.151997,0.057726,0.0175,0.00235427
0.372618,-0.14892,0.0194794,0.0175,0.00235427
0.482418,-0.187478,0.0444717,0.045,0.0021112
0.485532,-0.217473,0.0260168,0.025,0.0021112
0.515859,-0.181631,0.0169038,0.0125,0.0021112
0.51024,-0.21236,0.0625149,0.0225,0.0021112
0.511918,-0.173475,0.0605552,0.0175,0.0021112
0.474864,-0.152939,0.0344725,0.0175,0.0021112
0.573165,-0.236598,0.0447311,0.045,0.00184644
0.595939,-0.215731,0.0275292,0.025,0.00184644
0.597481,-0.216957,0.0753164,0.0125,0.00184644
0.608909,-0.25669,0.0386151,0.0225,0.00184644
0.585844,-0.259649,0.069888,0.0175,0.00184644
0.546347,-0.22942,0.0687996,0.0175,0.00184644
0.662951,-0.202336,0.0447407,0.045,0.00117684
0.650599,-0.228839,0.024865,0.025,0.00117684
0.693153,-0.233935,0.0460949,0.0125,0.00117684
0.642811,-0.229664,0.0685391,0.0225,0.00117684
0.674646,-0.209492,0.0784604,0.0175,0.00117684
0.692777,-0.181072,0.0418744,0.0175,0.00117684
0.752211,-0.194983,0.0544567,0.045,0.000883109
0.757873,-0.212602,0.0243325,0.025,0.000883109
0.795446,-0.200854,0.0514952,0.0125,0.000883109
0.753845,-0.235717,0.061992,0.0225,0.000883109
0.76709,-0.207405,0.0852672,0.0175,0.000883109
0.762723,-0.161733,0.0660314,0.0175,0.000883109
0.836535,-0.161665,0.0447521,0.045,0.000403141
0.857129,-0.186165,0.0297301,0.025,0.000403141
0.874372,-0.161161,0.0666758,0.0125,0.000403141
0.832848,-0.197622,0.0650562,0.0225,0.000403141
0.832123,-0.162016,0.0808826,0.0175,0.000403141
0.839947,-0.125253,0.0482906,0.0175,0.000403141
0.147657,-0.0559015,0.0448532,0.045,0.00342509
0.116429,-0.064273,0.0591602,0.025,0.00342509
0.136799,-0.0226974,0.0711607,0.0125,0.00342509
0.116943,-0.039474,0.0223702,0.0225,0.00342509
0.151747,-0.0233111,0.0291644,0.0175,0.00342509
0.180802,-0.0499224,0.0595395,0.0175,0.00342509
0.358177,-0.0726147,0.0449133,0.045,0.000474799
0.365127,-0.102502,0.0273513,0.025,0.000474799
0.397645,-0.0674343,0.026804,0.0125,0.000474799
0.3799,-0.0984418,0.0689929,0.0225,0.000474799
0.382974,-0.0596009,0.0681671,0.0175,0.000474799
0.354254,-0.037781,0.0339029,0.0175,0.000474799
0.444225,-0.0993423,0.0482092,0.045,0.003481
0.432491,-0.123138,0.0248415,0.025,0.003481
0.433304,-0.0770105,0.0122298,0.0125,0.003481
0.475223,-0.111278,0.0234011,0.0225,0.003481
0.469734,-0.0755165,0.0378834,0.0175,0.003481
0.428059,-0.070722,0.0646268,0.0175,0.003481
0.532907,-0.077198,0.0447159,0.045,0.00202428
0.530953,-0.112462,0.0463287,0.025,0.00202428
0.563354,-0.0925446,0.0173294,0.0125,0.00202428
0.560084,-0.091612,0.0725081,0.0225,0.00202428
0.565282,-0.0610801,0.0488535,0.0175,0.00202428
0.52763,-0.0533482,0.0172688,0.0175,0.00202428
0.604812,-0.133867,0.0445957,0.045,0.00143629
0.625063,-0.105779,0.0374616,0.025,0.00143629
0.597473,-0.104892,0.0765189,0.0125,0.00143629
0.640917,-0.136984,0.0647312,0.0225,0.00143629
0.606111,-0.148608,0.0778525,0.0175,0.00143629
0.568405,-0.138124,0.0471381,0.0175,0.00143629
0.711061,-0.109146,0.0446758,0.045,0.000801933
0.71188,-0.14236,0.0325867,0.025,0.000801933
0.749124,-0.113721,0.0236324,0.0125,0.000801933
0.730678,-0.133593,0.0718105,0.0225,0.000801933
0.739469,-0.0965214,0.0636132,0.0175,0.000801933
0.711469,-0.0765926,0.0276435,0.0175,0.000801933
0.7925,-0.0703211,0.0445433,0.045,0.000241961
0.786482,-0.10111,0.0282381,0.025,0.000241961
0.830462,-0.0823955,0.0265001,0.0125,0.000241961
0.802057,-0.101794,0.0697796,0.0225,0.000241961
0.820687,-0.0676455,0.0674193,0.0175,0.000241961
0.803001,-0.0373755,0.0321214,0.0175,0.000241961
0.903896,-0.0546188,0.0444613,0.045,0.000230444
0.935342,-0.0704618,0.0412754,0.025,0.000230444
0.933689,-0.0259725,0.0587531,0.0125,0.000230444
0.914132,-0.0730405,0.080163,0.0225,0.000230444
0.894936,-0.0393498,0.0762664,0.0175,0.000230444
0.889746,-0.0243868,0.0291052,0.0175,0.000230444
0.211898,0.111105,0.0453024,0.045,0.00238788
0.187201,0.131973,0.0596053,0.025,0.00238788
0.193679,0.133173,0.0122335,0.0125,0.00238788
0.17504,0.0921536,0.0442678,0.0225,0.00238788
0.202934,0.0898414,0.0171509,0.0175,0.00238788
0.242586,0.118406,0.0264634,0.0175,0.00238788
0.378478,0.13631,0.0446405,0.045,0.00206271
0.413386,0.141884,0.0452206,0.025,0.00206271
0.385494,0.17319,0.0222099,0.0125,0.00206271
0.38827,0.161408,0.0761518,0.0225,0.00206271
0.356095,0.163359,0.0542494,0.0175,0.00206271
0.354844,0.130204,0.0171789,0.0175,0.00206271
0.447167,0.0783272,0.0448513,0.045,0.000183628
0.479926,0.0650793,0.043674,0.025,0.000183628
0.474262,0.112545,0.0421107,0.0125,0.000183628
0.463278,0.0770299,0.0830287,0.0225,0.000183628
0.439557,0.104547,0.0689264,0.0175,0.000183628
0.427715,0.0983954,0.0210001,0.0175,0.000183628
0.533789,0.109548,0.044878,0.045,0.00243079
0.507423,0.108703,0.0684177,0.025,0.00243079
0.552336,0.103531,0.0840224,0.0125,0.00243079
0.527865,0.147348,0.0608397,0.0225,0.00243079
0.562097,0.131643,0.0508275,0.0175,0.00243079
0.558873,0.0846198,0.0349088,0.0175,0.00243079
0.647478,0.0333195,0.0446615,0.045,0.000734053
0.627746,0.00430601,0.0403182,0.025,0.000734053
0.674535,-0.000784516,0.0488249,0.0125,0.000734053
0.634707,0.0192555,0.0815105,0.0225,0.000734053
0.669161,0.0357528,0.0737978,0.0175,0.000734053
0.675902,0.0469702,0.0258006,0.0175,0.000734053
0.733525,0.0069418,0.0445404,0.045,0.000687456
0.746487,-0.020725,0.0267485,0.025,0.000687456
0.772055,0.0196676,0.0282303,0.0125,0.000687456
0.75865,-0.0151218,0.0690499,0.0225,0.000687456
0.754613,0.0236397,0.0690655,0.0175,0.000687456
0.723739,0.0407553,0.0340104,0.0175,0.000687456
0.840718,0.0104065,0.0449209,0.045,0.000312656
0.80816,0.0222257,0.0378295,0.025,0.000312656
0.822935,-0.0182616,0.0170932,0.0125,0.000312656
0.813334,-0.00740993,0.0704441,0.0225,0.000312656
0.845086,-0.0242015,0.0553235,0.0175,0.000312656
0.870201,0.00486108,0.0237072,0.0175,0.000312656
0.112793,0.133599,0.044652,0.045,0.00349833
0.0787908,0.140149,0.0517899,0.025,0.00349833
0.11238,0.164163,0.075928,0.0125,0.00349833
0.0995779,0.16583,0.0221731,0.0225,0.00349833
0.135082,0.161513,0.0376516,0.0175,0.00349833
0.140279,0.120372,0.0651355,0.0175,0.00349833
0.263792,0.24503,0.0448112,0.045,0.00266446
0.283185,0.223478,0.0650458,0.025,0.00266446
0.291065,0.22398,0.0178743,0.0125,0.00266446
0.299246,0.263709,0.0554372,0.0225,0.00266446
0.280653,0.267188,0.0213645,0.0175,0.00266446
0.240099,0.238637,0.0174662,0.0175,0.00266446
0.360546,0.225625,0.0447655,0.045,0.00428952
0.332624,0.216256,0.0643251,0.025,0.00428952
0.343882,0.262626,0.0610667,0.0125,0.00428952
0.325959,0.227841,0.0220152,0.0225,0.00428952
0.356631,0.251775,0.0197483,0.0175,0.00428952
0.392208,0.242253,0.0531937,0.0175,0.00428952
0.455537,0.28243,0.0449409,0.045,0.00307508
0.464867,0.286762,0.0787668,0.025,0.00307508
0.494704,0.301881,0.0445809,0.0125,0.00307508
0.444274,0.320131,0.0580003,0.0225,0.00307508
0.457125,0.310946,0.0223737,0.0175,0.00307508
0.47053,0.263297,0.0173883,0.0175,0.00307508
0.5706,0.196947,0.0442915,0.045,0.00144809
0.596197,0.181128,0.0628528,0.025,0.00144809
0.591681,0.22865,0.0658087,0.0125,0.00144809
0.557263,0.188819,0.0826949,0.0225,0.00144809
0.548172,0.220064,0.0612505,0.0175,0.00144809
0.571388,0.221849,0.0172863,0.0175,0.00144809
0.677921,0.178681,0.0446959,0.045,0.000306098
0.702899,0.203669,0.0433838,0.025,0.000306098
0.662115,0.213136,0.0665033,0.0125,0.000306098
0.701814,0.176584,0.0785115,0.0225,0.000306098
0.66347,0.169806,0.0769044,0.0175,0.000306098
0.643465,0.177441,0.031999,0.0175,0.000306098
0.767157,0.168188,0.04459,0.045,0.000883829
0.76153,0.133319,0.0430217,0.025,0.000883829
0.796402,0.149719,0.0713499,0.0125,0.000883829
0.74168,0.156584,0.0751684,0.0225,0.000883829
0.768945,0.184359,0.0771523,0.0175,0.000883829
0.796105,0.189009,0.0357312,0.0175,0.000883829
0.883487,0.134943,0.0449066,0.045,0.000745911
0.917164,0.125102,0.0405511,0.025,0.000745911
0.903933,0.168753,0.026163,0.0125,0.000745911
0.906208,0.147603,0.07719,0.0225,0.000745911
0.876315,0.166744,0.0611019,0.0175,0.000745911
0.857154,0.144298,0.0210518,0.0175,0.000745911
0.208207,0.415563,0.0447283,0.045,0.00198385
0.180015,0.421037,0.0653493,0.025,0.00198385
0.217079,0.451084,0.0686451,0.0125,0.00198385
0.182357,0.442375,0.026517,0.0225,0.00198385
0.221289,0.443194,0.02497,0.0175,0.00198385
0.243345,0.407992,0.0523449,0.0175,0.00198385
0.328558,0.435991,0.0447044,0.045,0.0025204
0.328002,0.434764,0.0800341,0.025,0.0025204
0.357379,0.405278,0.0564738,0.0125,0.0025204
0.35826,0.46043,0.0601731,0.0225,0.0025204
0.360551,0.439119,0.0276257,0.0175,0.0025204
0.320365,0.411106,0.0189442,0.0175,0.0025204
0.414417,0.405946,0.0447626,0.045,0.00352979
0.396635,0.432009,0.060715,0.025,0.00352979
0.443519,0.427679,0.0691195,0.0125,0.00352979
0.417117,0.440704,0.0223269,0.0225,0.00352979
0.44504,0.413881,0.0267545,0.0175,0.00352979
0.432864,0.376973,0.0578119,0.0175,0.00352979
0.552563,0.374426,0.0447998,0.045,0.00275425
0.535803,0.398254,0.0648322,0.025,0.00275425
0.583286,0.401516,0.0601204,0.0125,0.00275425
0.543542,0.408023,0.0222479,0.0225,0.00275425
0.575537,0.386005,0.019049,0.0175,0.00275425
0.57822,0.349278,0.0525,0.0175,0.00275425
0.649401,0.353783,0.0445223,0.045,0.0029203
0.668651,0.3774,0.0624561,0.025,0.0029203
0.668272,0.379585,0.0146798,0.0125,0.0029203
0.627268,0.388285,0.0507237,0.0225,0.0029203
0.626184,0.365562,0.0190816,0.0175,0.0029203
0.658502,0.327757,0.0202358,0.0175,0.0029203
0.740211,0.36344,0.0448837,0.045,0.00188078
0.722344,0.386979,0.0642903,0.025,0.00188078
0.770129,0.388965,0.064012,0.0125,0.00188078
0.734195,0.398143,0.0230148,0.0225,0.00188078
0.765743,0.375295,0.0218055,0.0175,0.00188078
0.764372,0.33724,0.0538203,0.0175,0.00188078
0.872311,0.243608,0.044796,0.045,0.000374394
0.859355,0.210718,0.0454567,0.025,0.000374394
0.900022,0.218925,0.0216586,0.0125,0.000374394
0.889568,0.222231,0.0758438,0.0225,0.000374394
0.907175,0.249056,0.0537275,0.0175,0.000374394
0.878525,0.267212,0.0173332,0.0175,0.000374394
-0.087822,0.507381,0.044795,0.045,0.00235722
-0.0595182,0.515374,0.0251733,0.025,0.00235722
-0.0528647,0.500748,0.070221,0.0125,0.00235722
-0.0729834,0.473126,0.0267639,0.0225,0.00235722
-0.0887455,0.475494,0.0623264,0.0175,0.00235722
-0.101254,0.521708,0.075849,0.0175,0.00235722
0.222327,0.60753,0.0478773,0.045,0.000939429
0.195768,0.607336,0.0245417,0.025,0.000939429
0.236944,0.628375,0.0123201,0.0125,0.000939429
0.226166,0.575089,0.022351,0.0225,0.000939429
0.255276,0.596284,0.0372522,0.0175,0.000939429
0.240148,0.634803,0.0648645,0.0175,0.000939429
0.34724,0.602447,0.044754,0.045,0.000721645
0.376301,0.6051,0.0647146,0.025,0.000721645
0.354673,0.562591,0.0611495,0.0125,0.000721645
0.380687,0.592298,0.0224579,0.0225,0.000721645
0.345346,0.576106,0.0197025,0.0175,0.000721645
0.312479,0.593589,0.0527044,0.0175,0.000721645
0.481812,0.568315,0.0472021,0.045,0.0010565
0.46782,0.600752,0.0457782,0.025,0.0010565
0.499496,0.587899,0.0123278,0.0125,0.0010565
0.448733,0.568362,0.0222118,0.0225,0.0010565
0.481295,0.547512,0.0173358,0.0175,0.0010565
0.516299,0.556407,0.05155,0.0175,0.0010565
0.570288,0.594332,0.0523577,0.045,0.000961988
0.574747,0.621554,0.0302428,0.025,0.000961988
0.595532,0.579777,0.0197485,0.0125,0.000961988
0.541875,0.592857,0.0222034,0.0225,0.000961988
0.559307,0.562307,0.0389844,0.0175,0.000961988
0.593911,0.574692,0.0725124,0.0175,0.000961988
0.64455,0.644975,0.048172,0.045,0.00078753
0.62397,0.661108,0.0243771,0.025,0.00078753
0.669115,0.650748,0.0124543,0.0125,0.00078753
0.626844,0.616841,0.0233983,0.0225,0.00078753
0.662779,0.615031,0.0383704,0.0175,0.00078753
0.675658,0.655096,0.0649022,0.0175,0.00078753
0.730582,0.619339,0.0446234,0.045,0.000377204
0.756408,0.603107,0.026747,0.025,0.000377204
0.765896,0.644921,0.0479393,0.0125,0.000377204
0.753171,0.59605,0.0704329,0.0225,0.000377204
0.736978,0.630529,0.0786658,0.0175,0.000377204
0.713902,0.651754,0.04004,0.0175,0.000377204
0.878344,0.449744,0.044857,0.045,0.000385665
0.877452,0.475427,0.0691386,0.025,0.000385665
0.919534,0.45538,0.0584261,0.0125,0.000385665
0.886189,0.486341,0.027028,0.0225,0.000385665
0.902211,0.452124,0.0174769,0.0175,0.000385665
0.888071,0.414356,0.0466089,0.0175,0.000385665
0.148337,-0.417212,0.044775,0.045,0.0039603
0.129033,-0.446159,0.0384958,0.025,0.0039603
0.127998,-0.426894,0.0822595,0.0125,0.0039603
0.109707,-0.406443,0.0342649,0.0225,0.0039603
0.132426,-0.38837,0.0602639,0.0175,0.0039603
0.17631,-0.410604,0.0676626,0.0175,0.0039603
0.272729,-0.756774,0.0448608,0.045,0.00294762
0.244217,-0.750407,0.0249485,0.025,0.00294762
0.272114,-0.787651,0.0138973,0.0125,0.00294762
0.240635,-0.779168,0.0585449,0.0225,0.00294762
0.277976,-0.790308,0.0580116,0.0175,0.00294762
0.308668,-0.757125,0.0372297,0.0175,0.00294762
0.463767,-0.705378,0.044569,0.045,0.000378546
0.451403,-0.733876,0.0276881,0.025,0.000378546
0.462978,-0.737779,0.0739296,0.0125,0.000378546
0.422772,-0.708345,0.0499852,0.0225,0.000378546
0.448642,-0.695627,0.0762101,0.0175,0.000378546
0.495905,-0.698297,0.0609099,0.0175,0.000378546
0.617106,-0.747244,0.0448341,0.045,0.000171348
0.623075,-0.773362,0.0679041,0.025,0.000171348
0.608243,-0.731015,0.0844644,0.0125,0.000171348
0.581842,-0.76763,0.0525502,0.0225,0.000171348
0.585437,-0.729349,0.0461941,0.0175,0.000171348
0.632454,-0.714157,0.0403945,0.0175,0.000171348
0.706821,-0.742661,0.0444698,0.045,0.000105017
0.712633,-0.776975,0.0382409,0.025,0.000105017
0.749393,-0.746526,0.0352384,0.0125,0.000105017
0.719411,-0.761412,0.0792358,0.0225,0.000105017
0.728223,-0.725115,0.0681153,0.0175,0.000105017
0.710253,-0.712756,0.0234014,0.0175,0.000105017
0.780916,-0.793509,0.0445023,0.045,0.000138674
0.792968,-0.823143,0.0595541,0.025,0.000138674
0.8114,-0.781222,0.0733518,0.0125,0.000138674
0.760154,-0.800999,0.079596,0.0225,0.000138674
0.770199,-0.765977,0.0657657,0.0175,0.000138674
0.797256,-0.767723,0.0240543,0.0175,0.000138674
0.951476,-0.748456,0.0450954,0.045,4.06047e-05
0.975509,-0.757739,0.0693075,0.025,4.06047e-05
0.985966,-0.763828,0.0230356,0.0125,4.06047e-05
0.977883,-0.717152,0.0515365,0.0225,4.06047e-05
0.961558,-0.726931,0.0175273,0.0175,4.06047e-05
0.933181,-0.767734,0.019725,0.0175,4.06047e-05
0.0460863,-0.302652,0.0448246,0.045,0.0242835
0.0389969,-0.331011,0.0249372,0.025,0.0242835
0.0818541,-0.327791,0.0459226,0.0125,0.0242835
0.031773,-0.333413,0.0686499,0.0225,0.0242835
0.0591449,-0.307465,0.0784595,0.0175,0.0242835
0.0712014,-0.275998,0.0418609,0.0175,0.0242835
0.310889,-0.44559,0.0448399,0.045,0.00111201
0.303148,-0.474185,0.0255428,0.025,0.00111201
0.344848,-0.472841,0.0489276,0.0125,0.00111201
0.293287,-0.474481,0.0688026,0.0225,0.00111201
0.321659,-0.44993,0.0793389,0.0175,0.00111201
0.337792,-0.420677,0.0424742,0.0175,0.00111201
0.389292,-0.536545,0.0509396,0.045,0.000871632
0.399882,-0.555215,0.0790334,0.025,0.000871632
0.426129,-0.556917,0.0390873,0.0125,0.000871632
0.416453,-0.514475,0.0731652,0.0225,0.000871632
0.41308,-0.514554,0.0343404,0.0175,0.000871632
0.379027,-0.546451,0.0170798,0.0175,0.000871632
0.452289,-0.607624,0.0446405,0.045,0.000962602
0.43976,-0.634245,0.0642459,0.025,0.000962602
0.417438,-0.591979,0.0659287,0.0125,0.000962602
0.42243,-0.627596,0.0239441,0.0225,0.000962602
0.429422,-0.589267,0.0230737,0.0175,0.000962602
0.466008,-0.574705,0.0534764,0.0175,0.000962602
0.578913,-0.539426,0.0449095,0.045,0.000397987
0.59456,-0.569635,0.0545306,0.025,0.000397987
0.619511,-0.528927,0.0573223,0.0125,0.000397987
0.574938,-0.545014,0.0857963,0.0225,0.000397987
0.580019,-0.510951,0.0675578,0.0175,0.000397987
0.586276,-0.515098,0.0183779,0.0175,0.000397987
0.669219,-0.565948,0.0448923,0.045,0.000226255
0.643226,-0.557081,0.0671576,0.025,0.000226255
0.683533,-0.531337,0.0674694,0.0125,0.000226255
0.645364,-0.536646,0.027831,0.0225,0.000226255
0.683959,-0.540216,0.0237832,0.0175,0.000226255
0.703724,-0.577309,0.0503998,0.0175,0.000226255
0.797859,-0.58377,0.0449152,0.045,0.00022418
0.820076,-0.572103,0.0698207,0.025,0.00022418
0.773966,-0.577978,0.0810826,0.0125,0.00022418
0.812001,-0.615661,0.0673142,0.0225,0.00022418
0.77618,-0.612036,0.0524006,0.0175,0.00022418
0.768246,-0.568765,0.0291702,0.0175,0.00022418
0.949224,-0.328553,0.0483847,0.045,0.000472747
0.969061,-0.32803,0.0776464,0.025,0.000472747
0.986937,-0.348173,0.0381218,0.0125,0.000472747
0.974037,-0.295342,0.0480577,0.0225,0.000472747
0.963518,-0.316581,0.017122,0.0175,0.000472747
0.935417,-0.356073,0.0283341,0.0175,0.000472747
0.250618,-0.218984,0.0449514,0.045,0.00189971
0.221971,-0.222914,0.0246073,0.025,0.00189971
0.217104,-0.202049,0.0673681,0.0125,0.00189971
0.24438,-0.184674,0.022531,0.0225,0.00189971
0.257941,-0.186226,0.0590336,0.0175,0.00189971
0.259425,-0.232151,0.0781033,0.0175,0.00189971
0.372361,-0.354192,0.0447025,0.045,0.00210369
0.367489,-0.385469,0.0289556,0.025,0.00210369
0.403647,-0.380703,0.0598973,0.0125,0.00210369
0.349118,-0.378673,0.0687683,0.0225,0.00210369
0.375777,-0.352977,0.0809221,0.0175,0.00210369
0.400195,-0.330216,0.044034,0.0175,0.00210369
0.472854,-0.382345,0.0447454,0.045,0.00128135
0.448539,-0.37242,0.0684158,0.025,0.00128135
0.465306,-0.417182,0.0700824,0.0125,0.00128135
0.4914,-0.369358,0.0794745,0.0225,0.00128135
0.503362,-0.398409,0.0564158,0.0175,0.00128135
0.472733,-0.407946,0.0183906,0.0175,0.00128135
0.564545,-0.378791,0.115891,0.045,0.00166996
0.555219,-0.412349,0.121963,0.025,0.00166996
0.537766,-0.378132,0.15046,0.0125,0.00166996
0.528793,-0.387233,0.0966741,0.0225,0.00166996
0.538577,-0.353407,0.113372,0.0175,0.00166996
0.582829,-0.354142,0.136094,0.0175,0.00166996
0.671574,-0.36332,0.0677614,0.045,0.00115146
0.657634,-0.391539,0.0838668,0.025,0.00115146
0.703235,-0.380191,0.0927701,0.0125,0.00115146
0.656956,-0.352547,0.105031,0.0225,0.00115146
0.688852,-0.338292,0.0877625,0.0175,0.00115146
0.699395,-0.359586,0.0440546,0.0175,0.00115146
0.763442,-0.38669,0.0447645,0.045,0.000445588
0.729569,-0.396753,0.0459435,0.025,0.000445588
0.763584,-0.429752,0.0523919,0.0125,0.000445588
0.749979,-0.386466,0.0839748,0.0225,0.000445588
0.7857,-0.396323,0.0719085,0.0175,0.000445588
0.791196,-0.395773,0.0224667,0.0175,0.000445588
0.857476,-0.350634,0.0488157,0.045,0.000471147
0.82808,-0.364617,0.0626126,0.025,0.000471147
0.837453,-0.318391,0.0705405,0.0125,0.000471147
0.825469,-0.344352,0.0232262,0.0225,0.000471147
0.85506,-0.319808,0.0296078,0.0175,0.000471147
0.887241,-0.335502,0.0641487,0.0175,0.000471147
0.0815067,-0.12556,0.0468588,0.045,0.00756316
0.0846399,-0.110398,0.0786441,0.025,0.00756316
0.12093,-0.10665,0.0477171,0.0125,0.00756316
0.0697946,-0.0858441,0.0447993,0.0225,0.00756316
0.0885445,-0.105829,0.0170902,0.0175,0.00756316
0.100412,-0.152321,0.0302318,0.0175,0.00756316
0.372928,-0.0933857,0.174183,0.045,0.00477934
0.407927,-0.0885866,0.172768,0.025,0.00477934
0.384751,-0.0770158,0.212974,0.0125,0.00477934
0.392388,-0.126559,0.189662,0.0225,0.00477934
0.358703,-0.11159,0.202313,0.0175,0.00477934
0.344909,-0.0700457,0.178674,0.0175,0.00477934
0.477552,-0.125929,0.127214,0.045,0.00414563
0.464351,-0.158244,0.13282,0.025,0.00414563
0.509083,-0.148924,0.146951,0.0125,0.00414563
0.461242,-0.128137,0.165265,0.0225,0.00414563
0.49303,-0.108104,0.154922,0.0175,0.00414563
0.505953,-0.11392,0.107234,0.0175,0.00414563
0.545325,-0.182938,0.111747,0.045,0.00312395
0.548327,-0.14817,0.10607,0.025,0.00312395
0.585945,-0.171921,0.123627,0.0125,0.00312395
0.561524,-0.176084,0.0742049,0.0225,0.00312395
0.570708,-0.2053,0.0983057,0.0175,0.00312395
0.547469,-0.20331,0.142249,0.0175,0.00312395
0.616589,-0.21701,0.153924,0.045,0.00176027
0.589502,-0.228921,0.173275,0.025,0.00176027
0.629609,-0.215563,0.195648,0.0125,0.00176027
0.59343,-0.185181,0.166937,0.0225,0.00176027
0.632195,-0.185384,0.162936,0.0175,0.00176027
0.650847,-0.229366,0.149054,0.0175,0.00176027
0.737427,-0.246941,0.126118,0.045,0.00111807
0.716425,-0.275336,0.124487,0.025,0.00111807
0.736417,-0.263916,0.166408,0.0125,0.00111807
0.698713,-0.236522,0.136673,0.0225,0.00111807
0.731488,-0.222023,0.15198,0.0175,0.00111807
0.773023,-0.242922,0.134287,0.0175,0.00111807
0.786308,-0.15356,0.126159,0.045,0.00118114
0.796036,-0.148743,0.159807,0.025,0.00118114
0.788985,-0.110329,0.132199,0.0125,0.00118114
0.752781,-0.148156,0.149938,0.0225,0.00118114
0.757396,-0.135524,0.113361,0.0175,0.00118114
0.802371,-0.144894,0.0942699,0.0175,0.00118114
0.924345,-0.142838,0.0444183,0.045,0.000176489
0.910306,-0.124638,0.0712821,0.025,0.000176489
0.939658,-0.161105,0.0810832,0.0125,0.000176489
0.950382,-0.112854,0.0563246,0.0225,0.000176489
0.960317,-0.148356,0.0436915,0.0175,0.000176489
0.921521,-0.178019,0.0342056,0.0175,0.000176489
0.261908,-0.030612,0.0446777,0.045,0.00220582
0.237441,-0.0472186,0.0252972,0.025,0.00220582
0.283432,-0.0587647,0.0190532,0.0125,0.00220582
0.250897,-0.0660561,0.06315,0.0225,0.00220582
0.286574,-0.0503811,0.0627263,0.0175,0.00220582
0.290065,-0.00881977,0.0356067,0.0175,0.00220582
0.370356,0.0204573,0.0507374,0.045,0.0111832
0.372006,0.0465376,0.0745511,0.025,0.0111832
0.352263,0.0555495,0.0319309,0.0125,0.0111832
0.335055,0.0220679,0.0724168,0.0225,0.0111832
0.338529,0.0132219,0.0346222,0.0175,0.0111832
0.385045,0.0165175,0.0172903,0.0175,0.0111832
0.470478,-0.00973606,0.0444918,0.045,0.00216092
0.469088,-0.0369037,0.0670747,0.025,0.00216092
0.506007,-0.00662076,0.0698002,0.0125,0.00216092
0.452355,0.0021614,0.0798293,0.0225,0.00216092
0.475845,0.023826,0.0575221,0.0175,0.00216092
0.494604,-0.000473989,0.0183736,0.0175,0.00216092
0.558958,0.0160322,0.0448961,0.045,0.00127865
0.541791,-0.00755742,0.0249259,0.025,0.00127865
0.532678,-0.00621389,0.0718583,0.0125,0.00127865
0.522473,0.0315959,0.0328385,0.0225,0.00127865
0.53986,0.0375385,0.0672062,0.0175,0.00127865
0.582354,0.0123211,0.0729831,0.0175,0.00127865
0.651031,-0.0505438,0.0767984,0.045,0.00139098
0.62801,-0.0773166,0.0786022,0.025,0.00139098
0.640658,-0.0551203,0.119035,0.0125,0.00139098
0.612245,-0.0359455,0.0756619,0.0225,0.00139098
0.642768,-0.0190041,0.0929842,0.0175,0.00139098
0.68463,-0.0458029,0.0908907,0.0175,0.00139098
0.744031,-0.0746326,0.121477,0.045,0.00161451
0.735571,-0.0884399,0.152906,0.025,0.00161451
0.723623,-0.0430357,0.143785,0.0125,0.00161451
0.705422,-0.0896942,0.120376,0.0225,0.00161451
0.718263,-0.0577845,0.102056,0.0175,0.00161451
0.765761,-0.0466344,0.111786,0.0175,0.00161451
0.857003,-0.0972424,0.108159,0.045,0.000529425
0.866757,-0.102379,0.141752,0.025,0.000529425
0.891024,-0.0707239,0.115359,0.0125,0.000529425
0.838537,-0.0693653,0.132667,0.0225,0.000529425
0.85138,-0.0632617,0.0963823,0.0175,0.000529425
0.874447,-0.102472,0.0762475,0.0175,0.000529425
0.0772343,0.0218515,0.0448694,0.045,0.00388135
0.103382,0.00909248,0.0247818,0.025,0.00388135
0.114569,0.0318932,0.0653092,0.0125,0.00388135
0.0879465,-0.0159976,0.057963,0.0225,0.00388135
0.0766942,0.0138347,0.0803721,0.0175,0.00388135
0.068398,0.0559696,0.0552559,0.0175,0.00388135
0.290888,0.154397,0.0529194,0.045,0.00312902
0.277157,0.170978,0.0248742,0.025,0.00312902
0.271934,0.123565,0.0283708,0.0125,0.00312902
0.25115,0.163786,0.0600974,0.0225,0.00312902
0.269826,0.131771,0.0721397,0.0175,0.00312902
0.316828,0.128578,0.0561537,0.0175,0.00312902
0.454175,0.180163,0.130971,0.045,0.00166381
0.482959,0.192062,0.114241,0.025,0.00166381
0.48817,0.158455,0.14787,0.0125,0.00166381
0.462968,0.155606,0.0987471,0.0225,0.00166381
0.44856,0.144264,0.133134,0.0175,0.00166381
0.443875,0.181114,0.166227,0.0175,0.00166381
0.475619,0.194776,0.0448341,0.045,0.00165139
0.480021,0.159697,0.0444985,0.025,0.00165139
0.50885,0.186735,0.0175659,0.0125,0.00165139
0.504413,0.18387,0.0725964,0.0225,0.00165139
0.504474,0.216157,0.0507726,0.0175,0.00165139
0.466656,0.218846,0.0185612,0.0175,0.00165139
0.619852,0.115007,0.0701904,0.045,0.00049801
0.596102,0.105366,0.0945417,0.025,0.00049801
0.642529,0.0984495,0.103718,0.0125,0.00049801
0.61443,0.145661,0.0975713,0.0225,0.00049801
0.647918,0.135924,0.080179,0.0175,0.00049801
0.644539,0.0959313,0.050783,0.0175,0.00049801
0.71155,0.088398,0.0755949,0.045,0.00138432
0.715183,0.0586745,0.0943915,0.025,0.00138432
0.715264,0.100588,0.117429,0.0125,0.00138432
0.674553,0.0757982,0.0894233,0.0225,0.00138432
0.686422,0.112728,0.0856759,0.0175,0.00138432
0.733598,0.117358,0.070577,0.0175,0.00138432
0.807899,0.0896635,0.0714808,0.045,0.0010401
0.827272,0.117124,0.082462,0.025,0.0010401
0.808357,0.11844,0.0385533,0.0125,0.0010401
0.783254,0.118729,0.087808,0.0225,0.0010401
0.774893,0.0958137,0.0574152,0.0175,0.0010401
0.812194,0.065813,0.0438637,0.0175,0.0010401
0.952546,0.038969,0.0448275,0.045,0.000259482
0.954093,0.0376297,0.0801235,0.025,0.000259482
0.987565,0.0147334,0.0547679,0.0125,0.000259482
0.977447,0.0689149,0.0590381,0.0225,0.000259482
0.982307,0.0485343,0.0261784,0.0175,0.000259482
0.948232,0.0129568,0.0192392,0.0175,0.000259482
0.177123,0.331236,0.044632,0.045,0.00159911
0.144875,0.337453,0.0315385,0.025,0.00159911
0.149853,0.304184,0.0655378,0.0125,0.00159911
0.157323,0.358889,0.068339,0.0225,0.00159911
0.181854,0.331255,0.0807238,0.0175,0.00159911
0.198503,0.301354,0.0446164,0.0175,0.00159911
0.280219,0.349819,0.0448017,0.045,0.00236311
0.254305,0.329947,0.0583494,0.025,0.00236311
0.257608,0.375716,0.0718314,0.0125,0.00236311
0.245707,0.354304,0.022272,0.0225,0.00236311
0.27192,0.382063,0.0300892,0.0175,0.00236311
0.308655,0.367265,0.060198,0.0175,0.00236311
0.366935,0.326152,0.0447693,0.045,0.00391326
0.388096,0.298851,0.037229,0.025,0.00391326
0.366309,0.299969,0.0797918,0.0125,0.00391326
0.344643,0.294862,0.0291881,0.0225,0.00391326
0.333324,0.319586,0.0571056,0.0175,0.00391326
0.368383,0.352171,0.0706713,0.0175,0.00391326
0.487773,0.348788,0.101358,0.045,0.00499912
0.504822,0.329031,0.125211,0.025,0.00499912
0.530479,0.354149,0.0936146,0.0125,0.00499912
0.497601,0.371838,0.134387,0.0225,0.00499912
0.497285,0.383684,0.0972615,0.0175,0.00499912
0.486524,0.347685,0.0646539,0.0175,0.00499912
0.607493,0.311378,0.111859,0.045,0.00512715
0.592297,0.294624,0.139032,0.025,0.00512715
0.617945,0.334035,0.147775,0.0125,0.00512715
0.570507,0.328255,0.119982,0.0225,0.00512715
0.602416,0.347229,0.108124,0.0175,0.00512715
0.642613,0.318277,0.103552,0.0175,0.00512715
0.774427,0.267681,0.0444918,0.045,0.000539323
0.785819,0.270536,0.0778396,0.025,0.000539323
0.811497,0.244607,0.0469231,0.0125,0.000539323
0.801455,0.298966,0.0475745,0.0225,0.000539323
0.797505,0.2748,0.017257,0.0175,0.000539323
0.763865,0.238837,0.0243303,0.0175,0.000539323
0.820818,0.203815,0.106805,0.045,0.00122849
0.82678,0.219094,0.138126,0.025,0.00122849
0.852641,0.233123,0.100418,0.0125,0.00122849
0.798479,0.238587,0.110058,0.0225,0.00122849
0.815213,0.22487,0.0776455,0.0175,0.00122849
0.842075,0.183591,0.0846873,0.0175,0.00122849
-0.0737019,0.35733,0.0487061,0.045,0.00460888
-0.0941868,0.341448,0.0246618,0.025,0.00460888
-0.114254,0.357306,0.0650763,0.0125,0.00460888
-0.0908621,0.385686,0.0238013,0.0225,0.00460888
-0.0838012,0.389711,0.0619155,0.0175,0.00460888
-0.0652213,0.348892,0.0834461,0.0175,0.00460888
0.115133,0.495173,0.044796,0.045,0.00164251
0.0959116,0.472013,0.0262458,0.025,0.00164251
0.0798762,0.486129,0.0690372,0.0125,0.00164251
0.0865026,0.515211,0.0224909,0.0225,0.00164251
0.0989386,0.524924,0.0581247,0.0175,0.00164251
0.131786,0.49296,0.0774728,0.0175,0.00164251
0.303627,0.522518,0.0448885,0.045,0.00170646
0.313716,0.545917,0.069398,0.025,0.00170646
0.319587,0.557005,0.0232451,0.0125,0.00170646
0.273021,0.549539,0.0520916,0.0225,0.00170646
0.282071,0.533564,0.0177165,0.0175,0.00170646
0.322213,0.504206,0.0190192,0.0175,0.00170646
0.481297,0.471769,0.044898,0.045,0.00518423
0.468804,0.500866,0.0606234,0.025,0.00518423
0.466191,0.497568,0.012981,0.0125,0.00518423
0.440631,0.467725,0.0518691,0.0225,0.00518423
0.460212,0.454131,0.0210385,0.0175,0.00518423
0.508417,0.466424,0.0206917,0.0175,0.00518423
0.573389,0.461882,0.0495758,0.045,0.00192926
0.585467,0.465897,0.0825608,0.025,0.00192926
0.575258,0.504953,0.0569125,0.0125,0.00192926
0.541595,0.465445,0.0759422,0.0225,0.00192926
0.543089,0.479408,0.0395891,0.0175,0.00192926
0.586759,0.47209,0.0169104,0.0175,0.00192926
0.634533,0.529029,0.0462694,0.045,0.00036449
0.631825,0.561917,0.0589603,0.025,0.00036449
0.61483,0.552692,0.0152155,0.0125,0.00036449
0.597602,0.534201,0.0643837,0.0225,0.00036449
0.604921,0.512858,0.0326084,0.0175,0.00036449
0.652174,0.51509,0.0172094,0.0175,0.00036449
0.787088,0.440459,0.0449104,0.045,0.000624367
0.814764,0.422995,0.058291,0.025,0.000624367
0.816728,0.437824,0.0128624,0.0125,0.000624367
0.815032,0.467346,0.0595719,0.0225,0.000624367
0.79271,0.472198,0.0279976,0.0175,0.000624367
0.764102,0.432942,0.0172496,0.0175,0.000624367
0.948074,0.297879,0.0444813,0.045,0.000321874
0.934282,0.327698,0.0575447,0.025,0.000321874
0.955695,0.297213,0.0875391,0.0125,0.000321874
0.977242,0.327275,0.046451,0.0225,0.000321874
0.98243,0.289173,0.0527811,0.0175,0.000321874
0.940548,0.262421,0.0504899,0.0175,0.000321874
0.0667934,0.672888,0.0446806,0.045,0.00188386
0.0449825,0.699113,0.0353782,0.025,0.00188386
0.0348456,0.65462,0.0210561,0.0125,0.00188386
0.0358166,0.675905,0.0720681,0.0225,0.00188386
0.0529131,0.642987,0.0601168,0.0175,0.00188386
0.0875083,0.649775,0.0250156,0.0175,0.00188386
0.117512,0.848213,0.0480156,0.045,0.00101139
0.128158,0.872798,0.0249457,0.025,0.00101139
0.130982,0.826737,0.0123808,0.0125,0.00101139
0.086436,0.857923,0.0223492,0.0225,0.00101139
0.0940592,0.822635,0.0370265,0.0175,0.00101139
0.135219,0.820809,0.0649108,0.0175,0.00101139
0.280881,0.764945,0.0448723,0.045,0.000998116
0.303916,0.791324,0.0400234,0.025,0.000998116
0.258185,0.798216,0.0278289,0.0125,0.000998116
0.280571,0.790212,0.0777396,0.0225,0.000998116
0.24982,0.77164,0.062632,0.0175,0.000998116
0.260138,0.745596,0.0215196,0.0175,0.000998116
0.44318,0.824394,0.0478935,0.045,0.0010326
0.442738,0.851155,0.0247921,0.025,0.0010326
0.464431,0.810392,0.0123288,0.0125,0.0010326
0.41094,0.820322,0.0221492,0.0225,0.0010326
0.432466,0.791384,0.0369144,0.0175,0.0010326
0.47061,0.806812,0.0648788,0.0175,0.0010326
0.542178,0.779054,0.0447998,0.045,0.00143555
0.510678,0.784219,0.0295983,0.025,0.00143555
0.518739,0.742904,0.0523048,0.0125,0.00143555
0.515394,0.794232,0.0725665,0.0225,0.00143555
0.543483,0.768121,0.0794954,0.0175,0.00143555
0.568753,0.754375,0.0389065,0.0175,0.00143555
0.728243,0.790571,0.0542278,0.045,0.000793297
0.751841,0.801232,0.0301553,0.025,0.000793297
0.73009,0.759095,0.0239242,0.0125,0.000793297
0.708937,0.810166,0.0232104,0.0225,0.000793297
0.695401,0.779505,0.0430956,0.0175,0.000793297
0.727296,0.761614,0.0768236,0.0175,0.000793297
0.871714,0.69935,0.0504103,0.045,0.000165646
0.889583,0.715242,0.024369,0.025,0.000165646
0.861375,0.678155,0.0135812,0.0125,0.000165646
0.847986,0.728308,0.0326002,0.0225,0.000165646
0.835915,0.69399,0.0465749,0.0175,0.000165646
0.872617,0.665125,0.063744,0.0175,0.000165646
0.00166416,-0.7498,0.0447779,0.045,0.00549388
-0.0232754,-0.726414,0.0537847,0.025,0.00549388
0.0194473,-0.723816,0.0751275,0.0125,0.00549388
0.00585539,-0.715265,0.0222278,0.0225,0.00549388
0.0347574,-0.73771,0.03563,0.0175,0.00549388
0.0194211,-0.775651,0.0639194,0.0175,0.00549388
0.138882,-0.601099,0.0448704,0.045,0.00275824
0.163146,-0.577028,0.035823,0.025,0.00275824
0.119456,-0.573967,0.0166041,0.0125,0.00275824
0.1354,-0.567686,0.0691645,0.0225,0.00275824
0.106131,-0.589838,0.0560757,0.0175,0.00275824
0.120512,-0.626257,0.0253858,0.0175,0.00275824
0.439794,-0.872275,0.0492887,0.045,0.000665111
0.428234,-0.840372,0.0393612,0.025,0.000665111
0.461026,-0.862359,0.012365,0.0125,0.000665111
0.408484,-0.87631,0.0224152,0.0225,0.000665111
0.439749,-0.899427,0.025044,0.0175,0.000665111
0.473006,-0.884656,0.0589675,0.0175,0.000665111
0.494424,-0.798871,0.0491247,0.045,0.000497071
0.463248,-0.802019,0.0327499,0.025,0.000497071
0.497603,-0.776035,0.0119638,0.0125,0.000497071
0.495725,-0.830337,0.0221631,0.0225,0.000497071
0.524931,-0.805944,0.0305697,0.0175,0.000497071
0.51255,-0.769829,0.0624671,0.0175,0.000497071
0.663857,-0.828435,0.0446548,0.045,0.000432531
0.662769,-0.797587,0.0274142,0.025,0.000432531
0.625622,-0.80986,0.0549269,0.0125,0.000432531
0.677705,-0.798023,0.0691933,0.0225,0.000432531
0.656839,-0.828983,0.0803683,0.0175,0.000432531
0.642868,-0.858539,0.0428682,0.0175,0.000432531
0.744921,-0.878925,0.0448561,0.045,8.3008e-05
0.735854,-0.887938,0.0778192,0.025,8.3008e-05
0.781922,-0.890325,0.0651889,0.0125,8.3008e-05
0.74891,-0.846249,0.0700565,0.0225,8.3008e-05
0.771922,-0.855031,0.0398555,0.0175,8.3008e-05
0.76028,-0.89785,0.0173614,0.0175,8.3008e-05
0.848199,-0.872192,0.0528059,0.045,5.42206e-05
0.822209,-0.860767,0.0738771,0.025,5.42206e-05
0.834648,-0.834078,0.0361884,0.0125,5.42206e-05
0.811485,-0.884249,0.0377891,0.0225,5.42206e-05
0.842549,-0.873471,0.0168692,0.0175,5.42206e-05
0.881132,-0.858267,0.0443501,0.0175,5.42206e-05
0.951679,-0.570269,0.0447884,0.045,5.60761e-05
0.933644,-0.557494,0.0723846,0.025,5.60761e-05
0.94225,-0.604496,0.0703238,0.0125,5.60761e-05
0.977581,-0.562381,0.0761835,0.0225,5.60761e-05
0.980329,-0.591884,0.0508696,0.0175,5.60761e-05
0.942778,-0.594141,0.0183143,0.0175,5.60761e-05
0.0124874,-0.402352,0.0448389,0.045,0.00244487
-0.0105286,-0.420035,0.02465,0.025,0.00244487
-0.0224278,-0.410308,0.0699414,0.0125,0.00244487
-0.0142844,-0.375911,0.0274351,0.0225,0.00244487
0.00106435,-0.373034,0.0631406,0.0175,0.00244487
0.0302805,-0.411286,0.0757193,0.0175,0.00244487
0.227507,-0.618922,0.0445471,0.045,0.00428477
0.232011,-0.589685,0.0251842,0.025,0.00428477
0.196321,-0.619455,0.0138926,0.0125,0.00428477
0.203447,-0.588465,0.0591154,0.0225,0.00428477
0.194471,-0.626369,0.0578957,0.0175,0.00428477
0.229146,-0.654657,0.0361606,0.0175,0.00428477
0.353889,-0.71536,0.0475206,0.045,0.00145037
0.376371,-0.72167,0.0740682,0.025,0.00145037
0.361845,-0.676744,0.0664418,0.0125,0.00145037
0.332881,-0.720888,0.0828313,0.0225,0.00145037
0.323662,-0.696187,0.0541326,0.0175,0.00145037
0.356719,-0.695146,0.0169689,0.0175,0.00145037
0.548399,-0.73281,0.101288,0.045,0.000385876
0.525252,-0.725032,0.0757203,0.025,0.000385876
0.512871,-0.716869,0.121191,0.0125,0.000385876
0.55213,-0.692961,0.0904765,0.0225,0.000385876
0.556169,-0.707598,0.126368,0.0175,0.000385876
0.547211,-0.756441,0.129398,0.0175,0.000385876
0.687428,-0.706075,0.123778,0.045,0.00072547
0.681699,-0.738964,0.11214,0.025,0.00072547
0.701914,-0.732973,0.15507,0.0125,0.00072547
0.651003,-0.719934,0.137915,0.0225,0.00072547
0.675887,-0.696831,0.15704,0.0175,0.00072547
0.718161,-0.687872,0.13239,0.0175,0.00072547
0.793383,-0.667964,0.136159,0.045,0.000391368
0.827035,-0.665387,0.146689,0.025,0.000391368
0.815427,-0.650094,0.102884,0.0125,0.000391368
0.800319,-0.630406,0.152284,0.0225,0.000391368
0.776926,-0.638639,0.122222,0.0175,0.000391368
0.777363,-0.686544,0.108806,0.0175,0.000391368
0.907606,-0.424917,0.0446196,0.045,0.000206967
0.90636,-0.460188,0.0425134,0.025,0.000206967
0.94884,-0.439001,0.0483473,0.0125,0.000206967
0.905548,-0.441292,0.082651,0.0225,0.000206967
0.925534,-0.409482,0.0722846,0.0175,0.000206967
0.923671,-0.399421,0.0235988,0.0175,0.000206967
0.0617075,-0.373717,0.114148,0.045,0.00220537
0.0826029,-0.402131,0.116602,0.025,0.00220537
0.0995642,-0.359815,0.131062,0.0125,0.00220537
0.0585247,-0.390388,0.151973,0.0225,0.00220537
0.0573504,-0.352405,0.143334,0.0175,0.00220537
0.0646411,-0.342406,0.0951478,0.0175,0.00220537
0.26895,-0.364337,0.044529,0.045,0.00185402
0.256626,-0.333754,0.057289,0.025,0.00185402
0.289334,-0.357723,0.08265,0.0125,0.00185402
0.293952,-0.33323,0.0333039,0.0225,0.00185402
0.304935,-0.369455,0.0425693,0.0175,0.00185402
0.267515,-0.398803,0.0571784,0.0175,0.00185402
0.438383,-0.475696,0.123266,0.045,0.00174137
0.420058,-0.505471,0.128522,0.025,0.00174137
0.439428,-0.483436,0.166295,0.0125,0.00174137
0.399008,-0.466618,0.132537,0.0225,0.00174137
0.430499,-0.446322,0.143267,0.0175,0.00174137
0.473558,-0.466906,0.129222,0.0175,0.00174137
0.531783,-0.501651,0.118155,0.045,0.000346538
0.514329,-0.496331,0.148437,0.025,0.000346538
0.523213,-0.541249,0.134619,0.0125,0.000346538
0.558377,-0.501444,0.149958,0.0225,0.000346538
0.560722,-0.523731,0.118075,0.0175,0.000346538
0.522415,-0.518345,0.0867931,0.0175,0.000346538
0.628146,-0.491817,0.120062,0.045,0.000420268
0.61514,-0.496202,0.152644,0.025,0.000420268
0.654195,-0.469191,0.146933,0.0125,0.000420268
0.602484,-0.460612,0.129363,0.0225,0.000420268
0.63511,-0.458117,0.108195,0.0175,0.000420268
0.660341,-0.500861,0.104841,0.0175,0.000420268
0.706408,-0.438031,0.102834,0.045,0.000562542
0.694718,-0.456793,0.130426,0.025,0.000562542
0.741795,-0.454927,0.122192,0.0125,0.000562542
0.706957,-0.414665,0.137075,0.0225,0.000562542
0.732898,-0.413609,0.108011,0.0175,0.000562542
0.724842,-0.4475,0.0724939,0.0175,0.000562542
0.797796,-0.51821,0.108512,0.045,0.000176507
0.808911,-0.500101,0.13677,0.025,0.000176507
0.828808,-0.542575,0.12741,0.0125,0.000176507
0.830998,-0.495462,0.0985683,0.0225,0.000176507
0.822382,-0.530912,0.0848641,0.0175,0.000176507
0.781509,-0.550951,0.104935,0.0175,0.000176507
0.946587,-0.231319,0.117819,0.045,0.000267445
0.975278,-0.25022,0.109478,0.025,0.000267445
0.970073,-0.206692,0.0903525,0.0125,0.000267445
0.977918,-0.221358,0.143075,0.0225,0.000267445
0.950734,-0.197042,0.129344,0.0175,0.000267445
0.918825,-0.218248,0.0976088,0.0175,0.000267445
0.187673,-0.143148,0.0447168,0.045,0.0010987
0.185118,-0.120425,0.0716821,0.025,0.0010987
0.222621,-0.150063,0.07008,0.0125,0.0010987
0.20894,-0.108604,0.0361647,0.0225,0.0010987
0.218821,-0.144895,0.0259625,0.0175,0.0010987
0.187928,-0.17986,0.0432279,0.0175,0.0010987
0.428821,-0.183197,0.187597,0.045,0.00297141
0.445895,-0.212421,0.177379,0.025,0.00297141
0.471517,-0.174615,0.191582,0.0125,0.00297141
0.437244,-0.206905,0.220547,0.0225,0.00297141
0.437415,-0.167948,0.219513,0.0175,0.00297141
0.428423,-0.148891,0.174447,0.0175,0.00297141
0.471177,-0.238268,0.117645,0.045,0.00302305
0.439394,-0.251677,0.109898,0.025,0.00302305
0.478247,-0.278212,0.101306,0.0125,0.00302305
0.457259,-0.260937,0.149444,0.0225,0.00302305
0.494292,-0.258013,0.137666,0.0175,0.00302305
0.500383,-0.230226,0.0968522,0.0175,0.00302305
0.555995,-0.287858,0.119514,0.045,0.00195528
0.520887,-0.289236,0.123458,0.025,0.00195528
0.548154,-0.283164,0.16228,0.0125,0.00195528
0.540206,-0.249526,0.119134,0.0225,0.00195528
0.574394,-0.260239,0.13447,0.0175,0.00195528
0.583168,-0.309151,0.132094,0.0175,0.00195528
0.649833,-0.284994,0.105924,0.045,0.00142171
0.630804,-0.31394,0.112998,0.025,0.00142171
0.623173,-0.274508,0.138966,0.0125,0.00142171
0.613923,-0.283714,0.0852456,0.0225,0.00142171
0.632621,-0.253316,0.100899,0.0175,0.00142171
0.673809,-0.265637,0.125934,0.0175,0.00142171
0.782724,-0.325096,0.107299,0.045,0.000809745
0.770884,-0.350211,0.129186,0.025,0.000809745
0.813446,-0.330249,0.137993,0.0125,0.000809745
0.762964,-0.307753,0.139354,0.0225,0.000809745
0.794424,-0.293573,0.121243,0.0175,0.000809745
0.812201,-0.323197,0.0854461,0.0175,0.000809745
0.870458,-0.184768,0.124591,0.045,0.000673732
0.890404,-0.196392,0.151368,0.025,0.000673732
0.911477,-0.186668,0.109549,0.0125,0.000673732
0.886531,-0.152616,0.145247,0.0225,0.000673732
0.880561,-0.154667,0.106791,0.0175,0.000673732
0.863117,-0.198629,0.0913649,0.0175,0.000673732
0.37617,-0.192284,0.259882,0.045,0.00449298
0.382393,-0.186774,0.294246,0.025,0.00449298
0.419505,-0.188196,0.26411,0.0125,0.00449298
0.378219,-0.15159,0.267536,0.0225,0.00449298
0.390848,-0.169683,0.235413,0.0175,0.00449298
0.386139,-0.219186,0.236928,0.0175,0.00449298
0.425744,0.0185623,0.191695,0.045,0.00304701
0.418158,0.0341714,0.160892,0.025,0.00304701
0.429671,0.0616082,0.198338,0.0125,0.00304701
0.460611,0.0253585,0.170321,0.0225,0.00304701
0.456461,0.027608,0.209005,0.0175,0.00304701
0.409883,0.0201277,0.224801,0.0175,0.00304701
0.425394,-0.0435753,0.121067,0.045,0.00605894
0.407835,-0.0373853,0.151123,0.025,0.00605894
0.455578,-0.0398819,0.152497,0.0125,0.00605894
0.422884,-0.00274959,0.127828,0.0225,0.00605894
0.452985,-0.0216806,0.111883,0.0175,0.00605894
0.447302,-0.0710827,0.110419,0.0175,0.00605894
0.545647,-0.0612259,0.131938,0.045,0.00306608
0.520465,-0.0477586,0.111093,0.025,0.00306608
0.513065,-0.0488071,0.158334,0.0125,0.00306608
0.55016,-0.0201152,0.129059,0.0225,0.00306608
0.557053,-0.0419227,0.160614,0.0175,0.00306608
0.546146,-0.0900952,0.154661,0.0175,0.00306608
0.61517,-0.122328,0.133333,0.045,0.0025365
0.608375,-0.0903322,0.146753,0.025,0.0025365
0.599541,-0.0981622,0.100405,0.0125,0.0025365
0.575482,-0.120066,0.1451,0.0225,0.0025365
0.589306,-0.139314,0.114163,0.0175,0.0025365
0.638246,-0.133787,0.107138,0.0175,0.0025365
0.694864,-0.166492,0.120734,0.045,0.00188733
0.676158,-0.157872,0.149471,0.025,0.00188733
0.681492,-0.125268,0.114887,0.0125,0.00188733
0.654566,-0.173543,0.114017,0.0225,0.00188733
0.680411,-0.160687,0.0878346,0.0175,0.00188733
0.725904,-0.152993,0.10644,0.0175,0.00188733
0.810037,-0.087635,0.190717,0.045,0.00107625
0.782045,-0.103853,0.176454,0.025,0.00107625
0.81835,-0.130532,0.192505,0.0125,0.00107625
0.783197,-0.0982989,0.22046,0.0225,0.00107625
0.822064,-0.0985154,0.223305,0.0175,0.00107625
0.845481,-0.0864113,0.181113,0.0175,0.00107625
0.949,-0.0232449,0.115038,0.045,0.000524973
0.974998,-0.0471887,0.114145,0.025,0.000524973
0.979462,-0.0074305,0.0879366,0.0125,0.000524973
0.978148,-0.0135169,0.142868,0.0225,0.000524973
0.957269,0.0115916,0.121599,0.0175,0.000524973
0.926512,-0.0101512,0.0890992,0.0175,0.000524973
0.189955,0.0235958,0.0449095,0.045,0.00293591
0.170014,0.00669279,0.0687139,0.025,0.00293591
0.21738,0.000120958,0.0695934,0.0125,0.00293591
0.18789,0.0457315,0.0799024,0.0225,0.00293591
0.218778,0.0426634,0.0563388,0.0175,0.00293591
0.212009,0.0115773,0.0180919,0.0175,0.00293591
0.478956,0.102108,0.167695,0.045,0.00234304
0.460508,0.0807695,0.18901,0.025,0.00234304
0.438684,0.118965,0.170241,0.0125,0.00234304
0.458571,0.0738546,0.145225,0.0225,0.00234304
0.465087,0.110953,0.135223,0.0175,0.00234304
0.48836,0.137535,0.170249,0.0175,0.00234304
0.548277,0.150333,0.136994,0.045,0.00202028
0.548651,0.115172,0.133311,0.025,0.00202028
0.530045,0.133905,0.173191,0.0125,0.00202028
0.5123,0.137411,0.120951,0.0225,0.00202028
0.517118,0.166828,0.146054,0.0175,0.00202028
0.564067,0.172833,0.161376,0.0175,0.00202028
0.604627,0.097044,0.18224,0.045,0.00127332
0.574274,0.113251,0.190368,0.025,0.00127332
0.609929,0.113909,0.22224,0.0125,0.00127332
0.606906,0.137202,0.172194,0.0225,0.00127332
0.635939,0.115209,0.186056,0.0175,0.00127332
0.622401,0.0687138,0.197454,0.0175,0.00127332
0.683304,0.0609217,0.158296,0.045,0.00168063
0.688306,0.0270369,0.167059,0.025,0.00168063
0.701039,0.0609672,0.19827,0.0125,0.00168063
0.650805,0.0469617,0.179922,0.0225,0.00168063
0.665942,0.0828332,0.181608,0.0175,0.00168063
0.706577,0.0889571,0.153567,0.0175,0.00168063
0.754616,0.013814,0.131213,0.045,0.00160861
0.738312,0.0162175,0.162493,0.025,0.00160861
0.786093,0.0143278,0.161568,0.0125,0.00160861
0.751963,0.0535421,0.142763,0.0225,0.00160861
0.781546,0.0370522,0.123483,0.0175,0.00160861
0.776335,-0.0119337,0.116539,0.0175,0.00160861
0.8913,0.0455933,0.110219,0.045,0.00167363
0.857219,0.050273,0.102059,0.025,0.00167363
0.884184,0.0887342,0.111066,0.0125,0.00167363
0.887308,0.0523985,0.0695188,0.0225,0.00167363
0.916567,0.0646027,0.0921848,0.0175,0.00167363
0.910843,0.053441,0.140327,0.0175,0.00167363
0.170504,0.217944,0.0447483,0.045,0.00232503
0.186251,0.186546,0.0407225,0.025,0.00232503
0.207323,0.225349,0.0223433,0.0125,0.00232503
0.198029,0.211925,0.0751604,0.0225,0.00232503
0.189836,0.245866,0.0578504,0.0175,0.00232503
0.157056,0.242163,0.0206108,0.0175,0.00232503
0.247098,0.196774,0.118856,0.045,0.00354079
0.218839,0.188813,0.138555,0.025,0.00354079
0.261985,0.188786,0.159193,0.0125,0.00354079
0.233085,0.230829,0.1379,0.0225,0.00354079
0.270387,0.222087,0.130769,0.0175,0.00354079
0.277014,0.177561,0.109588,0.0175,0.00354079
0.403465,0.253138,0.118305,0.045,0.00541222
0.368627,0.259163,0.118391,0.025,0.00541222
0.39784,0.292976,0.135445,0.0125,0.00541222
0.392568,0.273602,0.0839365,0.0225,0.00541222
0.425694,0.278138,0.103957,0.0175,0.00541222
0.428218,0.250647,0.145345,0.0175,0.00541222
0.457225,0.300549,0.172005,0.045,0.00644144
0.479925,0.296262,0.198769,0.025,0.00644144
0.494657,0.319477,0.159635,0.0125,0.00644144
0.456299,0.333767,0.196792,0.0225,0.00644144
0.452475,0.333814,0.158009,0.0175,0.00644144
0.457586,0.288941,0.137146,0.0175,0.00644144
0.549368,0.28455,0.0447388,0.045,0.00414299
0.528908,0.258253,0.0565657,0.025,0.00414299
0.571177,0.265748,0.0776534,0.0125,0.00414299
0.526174,0.297835,0.0764299,0.0225,0.00414299
0.562798,0.308579,0.0685551,0.0175,0.00414299
0.582856,0.284972,0.0296272,0.0175,0.00414299
0.681919,0.27013,0.0449486,0.045,0.00296569
0.678198,0.246481,0.0709652,0.025,0.00296569
0.715594,0.276274,0.072166,0.0125,0.00296569
0.661602,0.287216,0.0767924,0.0225,0.00296569
0.687195,0.30512,0.053486,0.0175,0.00296569
0.708101,0.275207,0.0196757,0.0175,0.00296569
0.729385,0.227629,0.114438,0.045,0.00283088
0.753642,0.204394,0.125475,0.025,0.00283088
0.750875,0.246853,0.147319,0.0125,0.00283088
0.714328,0.205393,0.146023,0.0225,0.00283088
0.707264,0.243049,0.138889,0.0175,0.00283088
0.732144,0.26123,0.0998327,0.0175,0.00283088
0.95409,0.190856,0.0576077,0.045,0.000845358
0.943722,0.183592,0.0245965,0.025,0.000845358
0.925555,0.222061,0.046451,0.0125,0.000845358
0.977481,0.211772,0.0305124,0.0225,0.000845358
0.965803,0.22441,0.0654788,0.0175,0.000845358
0.935828,0.192745,0.089434,0.0175,0.000845358
0.103539,0.392331,0.0446882,0.045,0.00180051
0.13171,0.408803,0.0582911,0.025,0.00180051
0.0890166,0.43018,0.0610923,0.0125,0.00180051
0.106834,0.383677,0.0850986,0.0225,0.00180051
0.0736928,0.388514,0.065174,0.0175,0.00180051
0.0804193,0.401174,0.0175349,0.0175,0.00180051
0.213385,0.518769,0.0593204,0.045,0.000826915
0.183724,0.49956,0.0582117,0.025,0.000826915
0.182692,0.544407,0.0416239,0.0125,0.000826915
0.209879,0.500286,0.0223769,0.0225,0.000826915
0.224598,0.535733,0.0291296,0.0175,0.000826915
0.222047,0.549939,0.0767392,0.0175,0.000826915
0.393635,0.52387,0.0444927,0.045,0.00205915
0.411846,0.547782,0.0631103,0.025,0.00205915
0.409924,0.502769,0.0791607,0.0125,0.00205915
0.433585,0.52295,0.0334539,0.0225,0.00205915
0.409598,0.492327,0.0358206,0.0175,0.00205915
0.364089,0.503548,0.0524954,0.0175,0.00205915
0.539563,0.52461,0.108022,0.045,0.0012993
0.563482,0.55062,0.109188,0.025,0.0012993
0.558793,0.521989,0.147211,0.0125,0.0012993
0.576629,0.510277,0.0962118,0.0225,0.0012993
0.549809,0.490771,0.11668,0.0175,0.0012993
0.509537,0.517684,0.128034,0.0175,0.0012993
0.665758,0.44491,0.0447798,0.045,0.000558937
0.645539,0.452479,0.0727777,0.025,0.000558937
0.686125,0.428128,0.0796516,0.0125,0.000558937
0.678663,0.48013,0.0624365,0.0225,0.000558937
0.701229,0.45301,0.0458833,0.0175,0.000558937
0.676312,0.413085,0.0297526,0.0175,0.000558937
0.72427,0.528331,0.0458822,0.045,0.00038545
0.711829,0.516554,0.0768099,0.025,0.00038545
0.758388,0.511242,0.067246,0.0125,0.00038545
0.729013,0.557423,0.0750351,0.0225,0.00038545
0.753545,0.549963,0.0456874,0.0175,0.00038545
0.74011,0.511261,0.0174623,0.0175,0.00038545
0.865199,0.335758,0.0447817,0.045,0.000532211
0.853735,0.33421,0.078191,0.025,0.000532211
0.867304,0.376518,0.0604878,0.0125,0.000532211
0.824666,0.344344,0.0462371,0.0225,0.000532211
0.850821,0.360502,0.0222872,0.0175,0.000532211
0.897524,0.345257,0.0301234,0.0175,0.000532211
0.0189533,0.592388,0.044796,0.045,0.00464745
0.0147275,0.569889,0.0717387,0.025,0.00464745
0.0439876,0.607294,0.0774087,0.0125,0.00464745
-0.0108078,0.606141,0.0701709,0.0225,0.00464745
0.0149052,0.628068,0.0507596,0.0175,0.00464745
0.0483093,0.601858,0.0248324,0.0175,0.00464745
0.117418,0.585114,0.0447531,0.045,0.00219691
0.0854672,0.572477,0.0530847,0.025,0.00219691
0.104434,0.606836,0.0804191,0.0125,0.00219691
0.0879612,0.608771,0.0276825,0.0225,0.00219691
0.122028,0.621119,0.0420267,0.0175,0.00219691
0.149473,0.585148,0.0627107,0.0175,0.00219691
0.188893,0.702177,0.0446424,0.045,0.00151549
0.158452,0.701139,0.0266909,0.025,0.00151549
0.165903,0.668854,0.0611824,0.0125,0.00151549
0.159795,0.723674,0.0648895,0.0225,0.00151549
0.187968,0.702121,0.0810312,0.0175,0.00151549
0.216446,0.67811,0.0480546,0.0175,0.00151549
0.379849,0.686083,0.0449018,0.045,0.00107553
0.352054,0.694018,0.0245442,0.025,0.00107553
0.351959,0.708354,0.070173,0.0125,0.00107553
0.384713,0.723804,0.0284035,0.0225,0.00107553
0.395909,0.712581,0.064005,0.0175,0.00107553
0.38323,0.665838,0.0753769,0.0175,0.00107553
0.461064,0.736442,0.0446796,0.045,0.00145018
0.431274,0.732329,0.0260886,0.025,0.00145018
0.453495,0.693411,0.0427948,0.0125,0.00145018
0.428561,0.734354,0.0703298,0.0225,0.00145018
0.464159,0.719958,0.0769861,0.0175,0.00145018
0.495614,0.725392,0.0388279,0.0175,0.00145018
0.632936,0.788681,0.0448542,0.045,0.00105817
0.610525,0.782966,0.0715949,0.025,0.00105817
0.653929,0.76295,0.0733099,0.0125,0.00105817
0.639592,0.816314,0.0750351,0.0225,0.00105817
0.666707,0.800092,0.0522237,0.0175,0.00105817
0.64882,0.766092,0.0206171,0.0175,0.00105817
0.776103,0.70989,0.0476341,0.045,0.000404187
0.761415,0.725497,0.0757533,0.025,0.000404187
0.761301,0.748691,0.0339256,0.0125,0.000404187
0.735398,0.702074,0.0484916,0.0225,0.000404187
0.757118,0.707808,0.0166465,0.0175,0.000404187
0.804607,0.719036,0.0263291,0.0175,0.000404187
0.955055,0.51516,0.0446024,0.045,0.00024323
0.973111,0.496801,0.0688301,0.025,0.00024323
0.954075,0.538855,0.0813456,0.0125,0.00024323
0.929076,0.491727,0.0668453,0.0225,0.00024323
0.921768,0.52736,0.0528566,0.0175,0.00024323
0.960439,0.548237,0.0295384,0.0175,0.00024323
0.10114,-0.510268,0.0447607,0.045,0.0015964
0.0821032,-0.488046,0.0249174,0.025,0.0015964
0.0594728,-0.515302,0.0570492,0.0125,0.0015964
0.0958276,-0.474389,0.064841,0.0225,0.0015964
0.0967506,-0.509889,0.0808937,0.0175,0.0015964
0.101091,-0.546876,0.0479069,0.0175,0.0015964
0.175775,-0.796342,0.0446672,0.045,0.00298495
0.164857,-0.824983,0.0270454,0.025,0.00298495
0.211849,-0.817468,0.0318283,0.0125,0.00298495
0.173839,-0.828848,0.0703252,0.0225,0.00298495
0.20029,-0.800245,0.0712901,0.0175,0.00298495
0.195537,-0.767078,0.0345155,0.0175,0.00298495
0.335936,-0.826072,0.0446749,0.045,0.00132247
0.350536,-0.852054,0.0256548,0.025,0.00132247
0.377868,-0.815095,0.038867,0.0125,0.00132247
0.35356,-0.853867,0.0698851,0.0225,0.00132247
0.352274,-0.815305,0.0753693,0.0175,0.00132247
0.331007,-0.790278,0.038001,0.0175,0.00132247
0.534494,-0.882259,0.0447016,0.045,0.000328373
0.566646,-0.874255,0.0323658,0.025,0.000328373
0.541131,-0.840031,0.0539337,0.0125,0.000328373
0.562654,-0.886465,0.0748361,0.0225,0.000328373
0.526093,-0.873649,0.0790569,0.0175,0.000328373
0.500958,-0.869823,0.0362948,0.0175,0.000328373
0.720071,-0.830306,0.128136,0.045,0.000342602
0.719697,-0.865274,0.12293,0.025,0.000342602
0.76174,-0.842474,0.122832,0.0125,0.000342602
0.725795,-0.850028,0.16415,0.0225,0.000342602
0.742334,-0.816428,0.153369,0.0175,0.000342602
0.730977,-0.802261,0.107052,0.0175,0.000342602
0.773375,-0.924367,0.128257,0.045,0.000287372
0.796783,-0.903081,0.112479,0.025,0.000287372
0.758285,-0.917172,0.087846,0.0125,0.000287372
0.761674,-0.884827,0.132551,0.0225,0.000287372
0.738091,-0.915447,0.127554,0.0175,0.000287372
0.762053,-0.958525,0.120835,0.0175,0.000287372
0.870075,-0.785326,0.0443592,0.045,6.02774e-05
0.885983,-0.814946,0.0334231,0.025,6.02774e-05
0.899788,-0.773174,0.0146613,0.0125,6.02774e-05
0.904528,-0.791867,0.0664718,0.0225,6.02774e-05
0.890534,-0.757264,0.0552663,0.0175,6.02774e-05
0.849828,-0.760182,0.0268148,0.0175,6.02774e-05
0.0100842,-0.447977,0.122187,0.045,0.00525702
0.0288779,-0.452621,0.0926025,0.025,0.00525702
0.0114495,-0.409121,0.102166,0.0125,0.00525702
0.0498429,-0.438441,0.129046,0.0225,0.00525702
0.0188445,-0.420657,0.144589,0.0175,0.00525702
-0.0247728,-0.437943,0.128045,0.0175,0.00525702
0.242818,-0.526415,0.125144,0.045,0.00324138
0.255562,-0.497199,0.140442,0.025,0.00324138
0.226153,-0.525335,0.165562,0.0125,0.00324138
0.277089,-0.535501,0.14663,0.0225,0.00324138
0.245672,-0.558211,0.142634,0.0175,0.00324138
0.208658,-0.537154,0.116913,0.0175,0.00324138
0.28801,-0.604387,0.123601,0.045,0.00374022
0.322706,-0.603377,0.116881,0.025,0.00374022
0.301891,-0.564849,0.136114,0.0125,0.00374022
0.309296,-0.615305,0.15746,0.0225,0.00374022
0.276123,-0.594869,0.156663,0.0175,0.00374022
0.259738,-0.584719,0.110799,0.0175,0.00374022
0.482749,-0.654093,0.115725,0.045,0.00109622
0.500631,-0.679125,0.0983,0.025,0.00109622
0.50114,-0.63444,0.0812567,0.0125,0.00109622
0.522275,-0.654531,0.128224,0.0225,0.00109622
0.499663,-0.62303,0.124328,0.0175,0.00109622
0.454371,-0.632784,0.106205,0.0175,0.00109622
0.605528,-0.670397,0.134418,0.045,0.000825599
0.615427,-0.697123,0.113496,0.025,0.000825599
0.641409,-0.687645,0.152517,0.0125,0.000825599
0.589418,-0.70597,0.148339,0.0225,0.000825599
0.602083,-0.676279,0.170174,0.0175,0.000825599
0.622068,-0.63901,0.143971,0.0175,0.000825599
0.717937,-0.618198,0.124977,0.045,0.000298251
0.687571,-0.636172,0.122782,0.025,0.000298251
0.727276,-0.659604,0.135505,0.0125,0.000298251
0.699724,-0.619789,0.162186,0.0225,0.000298251
0.738039,-0.621078,0.155187,0.0175,0.000298251
0.749761,-0.621067,0.106838,0.0175,0.000298251
0.87377,-0.639964,0.0448437,0.045,4.22928e-05
0.891254,-0.631038,0.0742481,0.025,4.22928e-05
0.911161,-0.621377,0.0318467,0.0125,4.22928e-05
0.865393,-0.600623,0.0548863,0.0225,4.22928e-05
0.869009,-0.614955,0.018827,0.0175,4.22928e-05
0.881706,-0.663035,0.0173706,0.0175,4.22928e-05
0.931155,-0.317733,0.135786,0.045,0.000310285
0.965208,-0.319344,0.126415,0.025,0.000310285
0.953992,-0.322074,0.172828,0.0125,0.000310285
0.942843,-0.357299,0.131705,0.0225,0.000310285
0.917696,-0.343268,0.157963,0.0175,0.000310285
0.912241,-0.293846,0.15632,0.0175,0.000310285
0.133759,-0.262915,0.119786,0.045,0.00648382
0.152549,-0.23327,0.115529,0.025,0.00648382
0.116836,-0.233473,0.147342,0.0125,0.00648382
0.164474,-0.261524,0.147596,0.0225,0.00648382
0.128758,-0.276004,0.153382,0.0175,0.00648382
0.0982467,-0.270688,0.114449,0.0175,0.00648382
0.439609,-0.322497,0.116616,0.045,0.00234057
0.469488,-0.333295,0.101105,0.025,0.00234057
0.438059,-0.366195,0.115844,0.0125,0.00234057
0.433241,-0.328134,0.07604,0.0225,0.00234057
0.40778,-0.335459,0.10462,0.0175,0.00234057
0.425912,-0.327756,0.150302,0.0175,0.00234057
0.480833,-0.399221,0.142499,0.045,0.00224545
0.485459,-0.427333,0.163435,0.025,0.00224545
0.519528,-0.416482,0.131669,0.0125,0.00224545
0.502509,-0.388389,0.176137,0.0225,0.00224545
0.50737,-0.374423,0.14008,0.0175,0.00224545
0.478005,-0.395719,0.106034,0.0175,0.00224545
0.556098,-0.446241,0.188051,0.045,0.000848787
0.560207,-0.413098,0.176448,0.025,0.000848787
0.533402,-0.420678,0.215326,0.0125,0.000848787
0.587674,-0.428126,0.207889,0.0225,0.000848787
0.562429,-0.453602,0.223133,0.0175,0.000848787
0.526486,-0.467676,0.191748,0.0175,0.000848787
0.639082,-0.409974,0.155153,0.045,0.000834719
0.661985,-0.434994,0.165127,0.025,0.000834719
0.672369,-0.389264,0.174534,0.0125,0.000834719
0.631732,-0.421031,0.194428,0.0225,0.000834719
0.628254,-0.385193,0.179518,0.0175,0.000834719
0.641881,-0.38175,0.131796,0.0175,0.000834719
0.792378,-0.42713,0.125636,0.045,0.000466005
0.816546,-0.442432,0.146415,0.025,0.000466005
0.827818,-0.433464,0.100808,0.0125,0.000466005
0.817182,-0.398276,0.142099,0.0225,0.000466005
0.801739,-0.397729,0.106323,0.0175,0.000466005
0.775322,-0.438362,0.0950926,0.0175,0.000466005
0.882509,-0.413314,0.13895,0.045,0.000437971
0.917198,-0.413169,0.132118,0.025,0.000437971
0.886892,-0.400264,0.0974413,0.0125,0.000437971
0.898068,-0.37546,0.145567,0.0225,0.000437971
0.862826,-0.383711,0.131122,0.0175,0.000437971
0.854538,-0.43233,0.124598,0.0175,0.000437971
0.262158,-0.170787,0.119613,0.045,0.0028318
0.24746,-0.202627,0.115121,0.025,0.0028318
0.286046,-0.198873,0.14313,0.0125,0.0028318
0.235197,-0.178357,0.150183,0.0225,0.0028318
0.268884,-0.159029,0.153399,0.0175,0.0028318
0.295387,-0.157476,0.111325,0.0175,0.0028318
0.351972,-0.175364,0.1299,0.045,0.00441278
0.363905,-0.208527,0.132696,0.025,0.00441278
0.360577,-0.181887,0.172278,0.0125,0.00441278
0.320662,-0.200931,0.139106,0.0225,0.00441278
0.325067,-0.164351,0.151807,0.0175,0.00441278
0.367426,-0.142812,0.137082,0.0175,0.00441278
0.537634,-0.154757,0.196325,0.045,0.00361905
0.570499,-0.150356,0.208594,0.025,0.00361905
0.535217,-0.124174,0.227492,0.0125,0.00361905
0.543649,-0.178771,0.22958,0.0225,0.00361905
0.510568,-0.160551,0.219965,0.0175,0.00361905
0.514281,-0.131994,0.179398,0.0175,0.00361905
0.577374,-0.076354,0.21436,0.045,0.00304178
0.587866,-0.10396,0.194923,0.025,0.00304178
0.61888,-0.0843325,0.225588,0.0125,0.00304178
0.571798,-0.111529,0.235583,0.0225,0.00304178
0.58254,-0.0771151,0.250384,0.0175,0.00304178
0.588986,-0.041544,0.216206,0.0175,0.00304178
0.596058,-0.219702,0.24204,0.045,0.00180575
0.6147,-0.241356,0.221217,0.025,0.00180575
0.630578,-0.232751,0.265504,0.0125,0.00180575
0.584861,-0.259026,0.248897,0.0225,0.00180575
0.587199,-0.230721,0.275582,0.0175,0.00180575
0.604094,-0.187466,0.257733,0.0175,0.00180575
0.68876,-0.238044,0.203072,0.045,0.00140244
0.681216,-0.211746,0.180677,0.025,0.00140244
0.654626,-0.251476,0.179261,0.0125,0.00140244
0.659426,-0.213641,0.219283,0.0225,0.00140244
0.662017,-0.252327,0.223217,0.0175,0.00140244
0.699547,-0.27276,0.197742,0.0175,0.00140244
0.853635,-0.273087,0.126217,0.045,0.000563241
0.855124,-0.308409,0.125928,0.025,0.000563241
0.87919,-0.284669,0.159762,0.0125,0.000563241
0.824679,-0.288669,0.151466,0.0225,0.000563241
0.845141,-0.256004,0.157218,0.0175,0.000563241
0.8794,-0.247196,0.122235,0.0175,0.000563241
0.955045,-0.113185,0.123289,0.045,0.000160391
0.954377,-0.148187,0.128233,0.025,0.000160391
0.972782,-0.120471,0.162593,0.0125,0.000160391
0.920805,-0.123881,0.144073,0.0225,0.000160391
0.941724,-0.0914093,0.149239,0.0175,0.000160391
0.98264,-0.0890304,0.121039,0.0175,0.000160391
0.200897,-0.0687218,0.116004,0.045,0.0034013
0.228643,-0.0509287,0.103215,0.025,0.0034013
0.184613,-0.0355885,0.0925626,0.0125,0.0034013
0.210508,-0.0373725,0.141374,0.0225,0.0034013
0.174668,-0.0504394,0.133404,0.0175,0.0034013
0.173518,-0.0869622,0.099644,0.0175,0.0034013
0.539263,0.0401611,0.206057,0.045,0.00274993
0.556241,0.0610056,0.229018,0.025,0.00274993
0.517925,0.0783338,0.206235,0.0125,0.00274993
0.521428,0.0375488,0.243391,0.0225,0.00274993
0.50318,0.0363507,0.208977,0.0175,0.00274993
0.533279,0.0428793,0.169907,0.0175,0.00274993
0.502603,0.0316257,0.117159,0.045,0.00218664
0.516258,0.00157117,0.1045,0.025,0.00218664
0.507945,0.0376044,0.0741681,0.0125,0.00218664
0.543959,0.0342763,0.11598,0.0225,0.00218664
0.518784,0.0632004,0.109023,0.0175,0.00218664
0.471058,0.0492315,0.110453,0.0175,0.00218664
0.60877,0.00974369,0.142681,0.045,0.00210332
0.633709,0.00159345,0.16638,0.025,0.00210332
0.622674,0.0476253,0.159539,0.0125,0.00210332
0.591938,0.00670552,0.180446,0.0225,0.00210332
0.581573,0.0318428,0.152528,0.0175,0.00210332
0.609645,0.029221,0.111538,0.0175,0.00210332
0.672187,-0.0668268,0.174501,0.045,0.00199859
0.696791,-0.0797401,0.196362,0.025,0.00199859
0.698961,-0.0335839,0.184017,0.0125,0.00199859
0.660917,-0.0603709,0.213872,0.0225,0.00199859
0.654471,-0.0364219,0.183812,0.0175,0.00199859
0.67421,-0.0520735,0.140912,0.0175,0.00199859
0.744181,-0.0343828,0.220511,0.045,0.00122705
0.777624,-0.0383791,0.231262,0.025,0.00122705
0.767478,-0.00341481,0.200245,0.0125,0.00122705
0.751695,-0.00957643,0.252868,0.0225,0.00122705
0.72883,-0.00143038,0.222379,0.0175,0.00122705
0.728351,-0.0368486,0.187445,0.0175,0.00122705
0.881043,-0.0356493,0.172122,0.045,0.000716148
0.888523,-0.0678083,0.184766,0.025,0.000716148
0.9238,-0.0419408,0.16543,0.0125,0.000716148
0.894329,-0.0327107,0.211283,0.0225,0.000716148
0.901454,-0.00736945,0.182546,0.0175,0.000716148
0.883153,-0.0212069,0.138403,0.0175,0.000716148
0.154719,0.161875,0.118647,0.045,0.0056308
0.152938,0.170537,0.152878,0.025,0.0056308
0.19558,0.159765,0.134087,0.0125,0.0056308
0.16206,0.202402,0.12338,0.0225,0.0056308
0.178929,0.178789,0.0973682,0.0175,0.0056308
0.165156,0.131155,0.101402,0.0175,0.0056308
0.341162,0.174632,0.124991,0.045,0.00457055
0.354167,0.177763,0.157719,0.025,0.00457055
0.38351,0.184614,0.120576,0.0125,0.00457055
0.339854,0.214293,0.136995,0.0225,0.00457055
0.347125,0.201324,0.100971,0.0175,0.00457055
0.348987,0.151743,0.0973355,0.0175,0.00457055
0.503389,0.186554,0.205929,0.045,0.000476265
0.500218,0.2063,0.176774,0.025,0.000476265
0.461094,0.197204,0.202736,0.0125,0.000476265
0.505975,0.226755,0.215725,0.0225,0.000476265
0.489338,0.198806,0.237193,0.0175,0.000476265
0.489165,0.154049,0.215473,0.0175,0.000476265
0.517741,0.251727,0.125184,0.045,0.00469076
0.548161,0.253179,0.107225,0.025,0.00469076
0.50836,0.269568,0.0863744,0.0125,0.00469076
0.535552,0.288784,0.130506,0.0225,0.00469076
0.497317,0.281742,0.127815,0.0175,0.00469076
0.486122,0.234092,0.118922,0.0175,0.00469076
0.618831,0.21956,0.116294,0.045,0.00110183
0.625385,0.217722,0.0816,0.025,0.00110183
0.588953,0.24478,0.0967038,0.0125,0.00110183
0.643278,0.25102,0.104834,0.0225,0.00110183
0.61527,0.25225,0.131905,0.0175,0.00110183
0.589772,0.209784,0.136543,0.0175,0.00110183
0.678359,0.149187,0.135645,0.045,0.00159392
0.655536,0.171287,0.15116,0.025,0.00159392
0.701971,0.174824,0.162059,0.0125,0.00159392
0.676127,0.184581,0.114172,0.0225,0.00159392
0.708017,0.162836,0.119548,0.0175,0.00159392
0.700864,0.123423,0.149052,0.0175,0.00159392
0.823925,0.0566339,0.168582,0.045,0.000579051
0.846052,0.0444137,0.193302,0.025,0.000579051
0.862001,0.0772316,0.162381,0.0125,0.000579051
0.823353,0.0816096,0.201667,0.0225,0.000579051
0.820203,0.0926027,0.164412,0.0175,0.000579051
0.824616,0.0552296,0.131873,0.0175,0.000579051
0.955168,0.108834,0.112949,0.045,0.000922977
0.920248,0.114186,0.111541,0.025,0.000922977
0.949449,0.148913,0.0964117,0.0125,0.000922977
0.940775,0.0984894,0.0754717,0.0225,0.000922977
0.975213,0.115014,0.0832002,0.0175,0.000922977
0.982094,0.125848,0.131265,0.0175,0.000922977
0.0129023,0.385907,0.0448341,0.045,0.00386664
-0.0153867,0.392324,0.065047,0.025,0.00386664
0.0272172,0.408773,0.0792542,0.0125,0.00386664
-0.00319139,0.422905,0.0353015,0.0225,0.00386664
0.0346482,0.413586,0.0355608,0.0175,0.00386664
0.0439257,0.367182,0.0509084,0.0175,0.00386664
0.253047,0.451882,0.113429,0.045,0.0042031
0.262695,0.469705,0.0844589,0.025,0.0042031
0.262412,0.49256,0.126472,0.0125,0.0042031
0.294278,0.450802,0.109236,0.0225,0.0042031
0.274552,0.452885,0.142781,0.0175,0.0042031
0.225247,0.456239,0.137055,0.0175,0.0042031
0.441675,0.429586,0.126855,0.045,0.00846048
0.464356,0.45023,0.109264,0.025,0.00846048
0.419584,0.465697,0.115878,0.0125,0.00846048
0.459539,0.456406,0.152938,0.0225,0.00846048
0.422726,0.443717,0.154537,0.0175,0.00846048
0.410112,0.41353,0.117058,0.0175,0.00846048
0.441036,0.52414,0.121841,0.045,0.00510322
0.421342,0.536491,0.14848,0.025,0.00510322
0.399559,0.523255,0.10801,0.0125,0.00510322
0.427087,0.492639,0.144903,0.0225,0.00510322
0.43185,0.49257,0.106224,0.0175,0.00510322
0.446765,0.536234,0.0876224,0.0175,0.00510322
0.566814,0.414669,0.125818,0.045,0.00454961
0.582476,0.422123,0.156627,0.025,0.00454961
0.596375,0.445796,0.117461,0.0125,0.00454961
0.547845,0.446781,0.143921,0.0225,0.00454961
0.553553,0.441935,0.105676,0.0175,0.00454961
0.579665,0.40119,0.0941455,0.0175,0.00454961
0.804799,0.37449,0.107541,0.045,0.000931618
0.836734,0.3877,0.100079,0.025,0.000931618
0.806299,0.379454,0.0641175,0.0125,0.000931618
0.802887,0.415857,0.105583,0.0225,0.000931618
0.77527,0.390916,0.0940058,0.0175,0.000931618
0.788215,0.343064,0.0981943,0.0175,0.000931618
0.879742,0.287335,0.12282,0.045,0.000821788
0.907206,0.289307,0.100643,0.025,0.000821788
0.863062,0.286895,0.0823959,0.0125,0.000821788
0.886701,0.326856,0.112406,0.0225,0.000821788
0.851913,0.310415,0.11859,0.0175,0.000821788
0.854027,0.261637,0.128144,0.0175,0.000821788
0.00772285,0.50038,0.0447922,0.045,0.00201048
0.0428676,0.504226,0.0450191,0.025,0.00201048
0.0161287,0.538482,0.0250432,0.0125,0.00201048
0.0193135,0.522515,0.0778745,0.0225,0.00201048
-0.013124,0.527655,0.0568951,0.0175,0.00201048
-0.016684,0.497512,0.0174777,0.0175,0.00201048
0.163034,0.585189,0.12358,0.045,0.00206137
0.148623,0.56064,0.102613,0.025,0.00206137
0.148048,0.606279,0.088322,0.0125,0.00206137
0.190919,0.572183,0.0957941,0.0225,0.00206137
0.187214,0.608475,0.109505,0.0175,0.00206137
0.148936,0.614477,0.14071,0.0175,0.00206137
0.285054,0.674138,0.0451784,0.045,0.00299598
0.287198,0.689959,0.0767237,0.025,0.00299598
0.248583,0.663522,0.0668499,0.0125,0.00299598
0.3013,0.648053,0.073007,0.0225,0.00299598
0.277399,0.638581,0.0437186,0.0175,0.00299598
0.261336,0.677575,0.0173284,0.0175,0.00299598
0.4333,0.635468,0.0962744,0.045,0.00116282
0.437428,0.651449,0.0650086,0.025,0.00116282
0.394008,0.63543,0.0770739,0.0125,0.00116282
0.424271,0.675785,0.0996986,0.0225,0.00116282
0.406578,0.646518,0.118384,0.0175,0.00116282
0.423099,0.601396,0.105498,0.0175,0.00116282
0.59479,0.715312,0.0799875,0.045,0.00196155
0.566062,0.696282,0.0720769,0.025,0.00196155
0.606594,0.673302,0.0828722,0.0125,0.00196155
0.574544,0.705164,0.114714,0.0225,0.00196155
0.613199,0.707699,0.110453,0.0175,0.00196155
0.627772,0.718129,0.0640434,0.0175,0.00196155
0.686277,0.710203,0.0932684,0.045,0.00129586
0.719668,0.698682,0.0947872,0.025,0.00129586
0.705921,0.724361,0.0568519,0.0125,0.00129586
0.710578,0.739419,0.109841,0.0225,0.00129586
0.680016,0.7454,0.0864121,0.0175,0.00129586
0.658858,0.70358,0.0697243,0.0175,0.00129586
0.820068,0.626616,0.0453739,0.045,0.000663933
0.836008,0.603209,0.0665419,0.025,0.000663933
0.836389,0.649399,0.0789455,0.0125,0.000663933
0.793886,0.614262,0.0750496,0.0225,0.000663933
0.796168,0.650021,0.0597254,0.0175,0.000663933
0.832696,0.655425,0.0263856,0.0175,0.000663933
0.954995,0.399857,0.0448542,0.045,9.71765e-05
0.940342,0.424916,0.0650367,0.025,9.71765e-05
0.987868,0.424595,0.0596829,0.0125,9.71765e-05
0.948216,0.433991,0.022324,0.0225,9.71765e-05
0.978424,0.409627,0.018765,0.0175,9.71765e-05
0.978795,0.372869,0.0522871,0.0175,9.71765e-05
0.00372601,0.775022,0.0447378,0.045,0.00144308
-0.0270139,0.783658,0.0599192,0.025,0.00144308
-0.0234832,0.785898,0.0122745,0.0125,0.00144308
-0.0213008,0.741987,0.0457902,0.0225,0.00144308
0.00380069,0.751012,0.0173787,0.0175,0.00144308
0.027493,0.794204,0.0243134,0.0175,0.00144308
-0.0781317,0.866941,0.0449057,0.045,0.0145929
-0.0557948,0.840202,0.0388984,0.025,0.0145929
-0.043841,0.883973,0.023773,0.0125,0.0145929
-0.0500077,0.864908,0.0752974,0.0225,0.0145929
-0.0655092,0.89739,0.0603512,0.0175,0.0145929
-0.0965847,0.889318,0.0223493,0.0175,0.0145929
0.154182,0.938706,0.0448456,0.045,0.00109599
0.182872,0.922747,0.057969,0.025,0.00109599
0.139739,0.908144,0.0725912,0.0125,0.00109599
0.162999,0.904888,0.022545,0.0225,0.00109599
0.127402,0.918323,0.0309776,0.0175,0.00109599
0.127382,0.958301,0.0605876,0.0175,0.00109599
0.354487,0.950512,0.0449104,0.045,0.000396349
0.360507,0.961253,0.0780524,0.025,0.000396349
0.377617,0.987506,0.0419205,0.0125,0.000396349
0.325254,0.977502,0.0565597,0.0225,0.000396349
0.340642,0.974124,0.0209148,0.0175,0.000396349
0.377003,0.94032,0.0177225,0.0175,0.000396349
0.523578,0.873149,0.0446444,0.045,0.000282173
0.525326,0.843945,0.0247925,0.025,0.000282173
0.560989,0.853165,0.0552993,0.0125,0.000282173
0.508072,0.840884,0.065556,0.0225,0.000282173
0.528583,0.870412,0.0805951,0.0175,0.000282173
0.544932,0.902976,0.046724,0.0175,0.000282173
0.625564,0.878074,0.0481758,0.045,0.000632787
0.631588,0.904053,0.0249642,0.025,0.000632787
0.641645,0.859064,0.0122246,0.0125,0.000632787
0.592813,0.88256,0.0231561,0.0225,0.000632787
0.606389,0.849001,0.0375865,0.0175,0.000632787
0.647843,0.853941,0.0646445,0.0175,0.000632787
0.926003,0.770402,0.0458164,0.045,0.000188698
0.905981,0.791141,0.0662853,0.025,0.000188698
0.950385,0.805357,0.055623,0.0125,0.000188698
0.906576,0.7987,0.0225673,0.0225,0.000188698
0.942554,0.784876,0.0168067,0.0175,0.000188698
0.957793,0.752982,0.0518148,0.0175,0.000188698
-0.053422,-0.824946,0.044692,0.045,0.0139528
-0.0481864,-0.795246,0.0631443,0.025,0.0139528
-0.0440284,-0.837278,0.0855846,0.0125,0.0139528
-0.0130383,-0.815588,0.045268,0.0225,0.0139528
-0.0284391,-0.851373,0.0462681,0.0175,0.0139528
-0.0781635,-0.851939,0.0477382,0.0175,0.0139528
0.0736408,-0.865323,0.0448656,0.045,0.0073452
0.041464,-0.874612,0.0335354,0.025,0.0073452
0.0455375,-0.853149,0.0760825,0.0125,0.0073452
0.0557076,-0.833371,0.0254698,0.0225,0.0073452
0.0791251,-0.831288,0.0565509,0.0175,0.0073452
0.0935419,-0.875593,0.0739944,0.0175,0.0073452
0.253366,-0.8616,0.0472336,0.045,0.00104968
0.251965,-0.826301,0.045812,0.025,0.00104968
0.276935,-0.849674,0.0123795,0.0125,0.00104968
0.222534,-0.849667,0.0222194,0.0225,0.00104968
0.245433,-0.880824,0.017359,0.0175,0.00104968
0.281267,-0.885105,0.0516018,0.0175,0.00104968
0.482226,-0.955159,0.0461893,0.045,0.000372503
0.471195,-0.929565,0.0244357,0.025,0.000372503
0.463778,-0.97513,0.0119356,0.0125,0.000372503
0.442507,-0.946157,0.0539391,0.0225,0.000372503
0.458948,-0.981441,0.0558031,0.0175,0.000372503
0.506783,-0.98219,0.0421553,0.0175,0.000372503
0.592463,-0.953382,0.0448284,0.045,0.000982581
0.616335,-0.93647,0.0249762,0.025,0.000982581
0.569904,-0.927789,0.0174689,0.0125,0.000982581
0.601225,-0.916496,0.0616025,0.0225,0.000982581
0.566456,-0.9341,0.0614664,0.0175,0.000982581
0.565684,-0.977115,0.0364842,0.0175,0.000982581
0.690412,-0.949805,0.0446787,0.045,7.18212e-05
0.661787,-0.929059,0.0441647,0.025,7.18212e-05
0.658101,-0.973723,0.0274605,0.0125,7.18212e-05
0.667849,-0.955986,0.0789058,0.0225,7.18212e-05
0.68789,-0.983049,0.0592908,0.0175,7.18212e-05
0.709703,-0.966027,0.017945,0.0175,7.18212e-05
0.944353,-0.924929,0.0449095,0.045,0.00565536
0.925918,-0.954466,0.0387702,0.025,0.00565536
0.932756,-0.940636,0.0840412,0.0125,0.00565536
0.90382,-0.916307,0.0437046,0.0225,0.00565536
0.930284,-0.899558,0.0668955,0.0175,0.00565536
0.97599,-0.918713,0.0625299,0.0175,0.00565536
0.955075,-0.659659,0.0775328,0.045,4.72894e-05
0.940843,-0.638917,0.102376,0.025,4.72894e-05
0.930271,-0.630412,0.056513,0.0125,4.72894e-05
0.917635,-0.673955,0.0881456,0.0225,4.72894e-05
0.933356,-0.674705,0.0524941,0.0175,4.72894e-05
0.977885,-0.652712,0.0495786,0.0175,4.72894e-05
0.226751,-0.437033,0.0932541,0.045,0.0032108
0.241642,-0.42608,0.123392,0.025,0.0032108
0.22224,-0.46977,0.121897,0.0125,0.0032108
0.266177,-0.449736,0.094982,0.0225,0.0032108
0.236262,-0.469399,0.07958,0.0175,0.0032108
0.192328,-0.446631,0.0847172,0.0175,0.0032108
0.320541,-0.776893,0.118283,0.045,0.00217325
0.312276,-0.758349,0.147229,0.025,0.00217325
0.345268,-0.740834,0.117358,0.0125,0.00217325
0.291188,-0.749021,0.10932,0.0225,0.00217325
0.320282,-0.760212,0.0859307,0.0175,0.00217325
0.351852,-0.792415,0.106938,0.0175,0.00217325
0.408725,-0.784204,0.0761318,0.045,0.000743398
0.385776,-0.765855,0.0957969,0.025,0.000743398
0.42568,-0.78231,0.116399,0.0125,0.000743398
0.419537,-0.744187,0.0768371,0.0225,0.000743398
0.443846,-0.774643,0.0764148,0.0175,0.000743398
0.420969,-0.818785,0.0781903,0.0175,0.000743398
0.57984,-0.822022,0.0932236,0.045,0.000337413
0.551109,-0.80178,0.0893744,0.025,0.000337413
0.552482,-0.833102,0.125493,0.0125,0.000337413
0.583248,-0.78802,0.116697,0.0225,0.000337413
0.596058,-0.82369,0.125769,0.0175,0.000337413
0.584836,-0.858401,0.0919418,0.0175,0.000337413
0.771535,-0.754445,0.126876,0.045,0.000318787
0.737423,-0.762847,0.1229,0.025,0.000318787
0.769011,-0.797958,0.130446,0.0125,0.000318787
0.75317,-0.756944,0.16396,0.0225,0.000318787
0.789731,-0.76751,0.155568,0.0175,0.000318787
0.801544,-0.76295,0.107457,0.0175,0.000318787
0.860257,-0.728396,0.112782,0.045,8.62671e-05
0.857114,-0.693559,0.117928,0.025,8.62671e-05
0.825329,-0.722788,0.138493,0.0125,8.62671e-05
0.879563,-0.717476,0.147807,0.0225,8.62671e-05
0.860018,-0.750618,0.141611,0.0175,8.62671e-05
0.838201,-0.753168,0.0969738,0.0175,8.62671e-05
0.955502,-0.482999,0.0991001,0.045,0.000159682
0.939718,-0.49475,0.128473,0.025,0.000159682
0.913302,-0.488592,0.0890811,0.0125,0.000159682
0.954237,-0.524437,0.0988654,0.0225,0.000159682
0.950493,-0.50107,0.0679017,0.0175,0.000159682
0.950907,-0.452579,0.079012,0.0175,0.000159682
0.155097,-0.364554,0.117232,0.045,0.00484096
0.171582,-0.333859,0.123235,0.025,0.00484096
0.170327,-0.350921,0.0785713,0.0125,0.00484096
0.129039,-0.332986,0.110663,0.0225,0.00484096
0.130301,-0.3664,0.0906474,0.0175,0.00484096
0.166963,-0.396973,0.104654,0.0175,0.00484096
0.338942,-0.521499,0.123821,0.045,0.00257122
0.347305,-0.490402,0.109224,0.025,0.00257122
0.301846,-0.498433,0.121731,0.0125,0.00257122
0.346851,-0.493627,0.153475,0.0225,0.00257122
0.320082,-0.521912,0.154953,0.0175,0.00257122
0.316601,-0.548642,0.113139,0.0175,0.00257122
0.463607,-0.563148,0.121614,0.045,0.00146112
0.476088,-0.554803,0.153623,0.025,0.00146112
0.429771,-0.547307,0.144345,0.0125,0.00146112
0.457836,-0.594816,0.14774,0.0225,0.00146112
0.433768,-0.583848,0.119119,0.0175,0.00146112
0.448475,-0.542949,0.0949115,0.0175,0.00146112
0.55557,-0.595921,0.127715,0.045,0.000429527
0.533455,-0.574262,0.110632,0.025,0.000429527
0.518004,-0.596422,0.1501,0.0125,0.000429527
0.557303,-0.557971,0.144316,0.0225,0.000429527
0.560241,-0.591726,0.16357,0.0175,0.000429527
0.554329,-0.631936,0.134879,0.0175,0.000429527
0.639423,-0.574944,0.1516,0.045,0.000791963
0.639434,-0.600411,0.127076,0.025,0.000791963
0.667899,-0.605215,0.16521,0.0125,0.000791963
0.612699,-0.604808,0.162214,0.0225,0.000791963
0.634968,-0.584065,0.186556,0.0175,0.000791963
0.665654,-0.552251,0.163725,0.0175,0.000791963
0.716523,-0.521308,0.14606,0.045,0.000110756
0.730032,-0.545447,0.124042,0.025,0.000110756
0.700138,-0.559912,0.15846,0.0125,0.000110756
0.690446,-0.527826,0.114497,0.0225,0.000110756
0.680536,-0.520487,0.151466,0.0175,0.000110756
0.719309,-0.516646,0.182399,0.0175,0.000110756
0.876962,-0.517371,0.149817,0.045,0.00012218
0.845212,-0.519127,0.165272,0.025,0.00012218
0.879635,-0.49346,0.186336,0.0125,0.00012218
0.853774,-0.485025,0.138208,0.0225,0.00012218
0.892238,-0.484768,0.144466,0.0175,0.00012218
0.910375,-0.528188,0.160615,0.0175,0.00012218
0.955211,-0.261425,0.201604,0.045,0.000272266
0.966118,-0.294989,0.199482,0.025,0.000272266
0.97033,-0.272052,0.24124,0.0125,0.000272266
0.924829,-0.286954,0.213602,0.0225,0.000272266
0.932685,-0.251827,0.228538,0.0175,0.000272266
0.972903,-0.230069,0.208939,0.0175,0.000272266
0.368036,-0.261576,0.381884,0.045,0.00211984
0.366845,-0.256388,0.416836,0.025,0.00211984
0.391458,-0.293771,0.399977,0.0125,0.00211984
0.401046,-0.239648,0.39406,0.0225,0.00211984
0.400333,-0.266511,0.365836,0.0175,0.00211984
0.35632,-0.289087,0.360533,0.0175,0.00211984
0.347369,-0.313508,0.12244,0.045,0.00319963
0.330056,-0.300817,0.150533,0.025,0.00319963
0.377789,-0.297929,0.149724,0.0125,0.00319963
0.340381,-0.272931,0.117601,0.0225,0.00319963
0.372001,-0.292452,0.105861,0.0175,0.00319963
0.371984,-0.340524,0.118668,0.0175,0.00319963
0.501171,-0.32134,0.18221,0.045,0.00195185
0.487023,-0.291611,0.169325,0.025,0.00195185
0.477118,-0.304112,0.214415,0.0125,0.00195185
0.52521,-0.288941,0.19176,0.0225,0.00195185
0.518692,-0.320204,0.214096,0.0175,0.00195185
0.486202,-0.352491,0.194681,0.0175,0.00195185
0.560025,-0.36782,0.231457,0.045,0.00154983
0.587607,-0.384449,0.246042,0.025,0.00154983
0.583809,-0.337088,0.251516,0.0125,0.00154983
0.551465,-0.377545,0.270838,0.0225,0.00154983
0.540013,-0.345407,0.252004,0.0175,0.00154983
0.557649,-0.341799,0.205625,0.0175,0.00154983
0.705057,-0.340245,0.150249,0.045,0.000956583
0.680259,-0.348254,0.174142,0.025,0.000956583
0.723143,-0.369139,0.177645,0.0125,0.000956583
0.709196,-0.315977,0.183605,0.0225,0.000956583
0.738122,-0.330274,0.16175,0.0175,0.000956583
0.722869,-0.360523,0.125317,0.0175,0.000956583
0.797969,-0.219054,0.186256,0.045,0.0010872
0.770982,-0.204691,0.204016,0.025,0.0010872
0.807724,-0.222777,0.228724,0.0125,0.0010872
0.806127,-0.179281,0.194639,0.0225,0.0010872
0.83191,-0.208499,0.194102,0.0175,0.0010872
0.811705,-0.253122,0.185413,0.0175,0.0010872
0.955157,-0.171949,0.193672,0.045,0.000354918
0.974743,-0.162436,0.221527,0.025,0.000354918
0.976041,-0.135287,0.182172,0.0125,0.000354918
0.934247,-0.144857,0.217071,0.0225,0.000354918
0.933296,-0.147305,0.178189,0.0175,0.000354918
0.963998,-0.181616,0.159344,0.0175,0.000354918
0.397961,-0.0566769,0.34648,0.045,0.00807812
0.423521,-0.068328,0.367949,0.025,0.00807812
0.384832,-0.0478892,0.387259,0.0125,0.00807812
0.389371,-0.0952306,0.359073,0.0225,0.00807812
0.363558,-0.0666963,0.35289,0.0175,0.00807812
0.384155,-0.0231858,0.340336,0.0175,0.00807812
0.29318,-0.0707932,0.1212,0.045,0.00472398
0.319889,-0.0612403,0.142305,0.025,0.00472398
0.326707,-0.0971141,0.111416,0.0125,0.00472398
0.317523,-0.0434685,0.101717,0.0225,0.00472398
0.299103,-0.0736884,0.085401,0.0175,0.00472398
0.274301,-0.102132,0.117817,0.0175,0.00472398
0.428697,-0.137342,0.32153,0.045,0.00819626
0.414293,-0.135208,0.353748,0.025,0.00819626
0.401956,-0.171726,0.325433,0.0125,0.00819626
0.450807,-0.159848,0.348426,0.0225,0.00819626
0.444047,-0.168646,0.311068,0.0175,0.00819626
0.414148,-0.136399,0.287804,0.0175,0.00819626
0.524994,-0.102141,0.283647,0.045,0.00448983
0.533557,-0.130339,0.264113,0.025,0.00448983
0.52876,-0.0879721,0.242445,0.0125,0.00448983
0.566183,-0.104562,0.279601,0.0225,0.00448983
0.544997,-0.0718714,0.280716,0.0175,0.00448983
0.495928,-0.0796681,0.283257,0.0175,0.00448983
0.636231,-0.0714684,0.281815,0.045,0.00293657
0.633789,-0.0960278,0.30713,0.025,0.00293657
0.674635,-0.0715367,0.302736,0.0125,0.00293657
0.62434,-0.0539195,0.317443,0.0225,0.00293657
0.647766,-0.0380866,0.290624,0.0175,0.00293657
0.658091,-0.0682781,0.252455,0.0175,0.00293657
0.73205,-0.146128,0.213767,0.045,0.00193337
0.710285,-0.173263,0.22009,0.025,0.00193337
0.748255,-0.16715,0.248523,0.0125,0.00193337
0.703628,-0.135201,0.241901,0.0225,0.00193337
0.740888,-0.123808,0.24113,0.0175,0.00193337
0.767603,-0.144527,0.204632,0.0175,0.00193337
0.838936,-0.00432491,0.244719,0.045,0.00080915
0.813155,0.0142018,0.260278,0.025,0.00080915
0.849847,0.0378346,0.240716,0.0125,0.00080915
0.810757,0.00711273,0.216543,0.0225,0.00080915
0.849248,0.00462766,0.210977,0.0175,0.00080915
0.874829,-0.00760006,0.251856,0.0175,0.00080915
0.95356,0.0310392,0.186412,0.045,0.000587058
0.975203,0.0199182,0.212061,0.025,0.000587058
0.987768,0.0582843,0.186416,0.0125,0.000587058
0.945598,0.0515823,0.221531,0.0225,0.000587058
0.943892,0.0661182,0.185412,0.0175,0.000587058
0.957772,0.0340144,0.150033,0.0175,0.000587058
0.395791,0.0984011,0.123837,0.045,0.00250851
0.412469,0.0826618,0.150747,0.025,0.00250851
0.437669,0.0944971,0.111857,0.0125,0.00250851
0.412464,0.12699,0.148806,0.0225,0.00250851
0.409617,0.129097,0.109996,0.0175,0.00250851
0.390243,0.0884118,0.0889171,0.0175,0.00250851
0.437368,0.163299,0.275658,0.045,0.00380937
0.419188,0.19348,0.278588,0.025,0.00380937
0.464223,0.195241,0.262581,0.0125,0.00380937
0.41942,0.172568,0.239454,0.0225,0.00380937
0.454272,0.155817,0.2443,0.0175,0.00380937
0.468034,0.151204,0.291885,0.0175,0.00380937
0.533895,0.120193,0.258447,0.045,0.00306478
0.528288,0.133162,0.290856,0.025,0.00306478
0.553871,0.0930115,0.286279,0.0125,0.00306478
0.565614,0.144416,0.269669,0.0225,0.00306478
0.567867,0.111854,0.248377,0.0175,0.00306478
0.524327,0.088522,0.242467,0.0175,0.00306478
0.616544,0.169868,0.233353,0.045,0.000907375
0.588321,0.150279,0.225001,0.025,0.000907375
0.581502,0.195156,0.24007,0.0125,0.000907375
0.605732,0.17673,0.193922,0.0225,0.000907375
0.61991,0.203096,0.218874,0.0175,0.000907375
0.627412,0.185475,0.26479,0.0175,0.000907375
0.69985,0.121502,0.233353,0.045,0.00172145
0.703849,0.152976,0.217752,0.025,0.00172145
0.741961,0.124381,0.221912,0.0125,0.00172145
0.69579,0.117548,0.192284,0.0225,0.00172145
0.712135,0.0917014,0.216441,0.0175,0.00172145
0.714449,0.106914,0.263751,0.0175,0.00172145
0.76671,0.127015,0.152588,0.045,0.00212354
0.763594,0.114283,0.185424,0.025,0.00212354
0.789293,0.154026,0.178529,0.0125,0.00212354
0.735066,0.145494,0.171977,0.0225,0.00212354
0.759385,0.162144,0.14648,0.0175,0.00212354
0.795757,0.132108,0.130672,0.0175,0.00212354
0.884652,0.15954,0.151039,0.045,0.000976693
0.91664,0.147204,0.159677,0.025,0.000976693
0.913044,0.178617,0.123791,0.0125,0.000976693
0.903039,0.185382,0.177739,0.0225,0.000976693
0.879754,0.195495,0.148171,0.0175,0.000976693
0.864678,0.157148,0.120293,0.0175,0.000976693
0.290901,0.294087,0.115027,0.045,0.00497575
0.318463,0.310524,0.129866,0.025,0.00497575
0.298993,0.273219,0.152598,0.0125,0.00497575
0.326134,0.27496,0.104467,0.0225,0.00497575
0.291789,0.257883,0.111362,0.0175,0.00497575
0.256119,0.289373,0.125888,0.0175,0.00497575
0.398301,0.349816,0.125439,0.045,0.00639398
0.393161,0.367906,0.155378,0.025,0.00639398
0.404407,0.321505,0.158206,0.0125,0.00639398
0.434512,0.364045,0.139759,0.0225,0.00639398
0.428609,0.329998,0.121741,0.0175,0.00639398
0.380954,0.321004,0.110643,0.0175,0.00639398
0.479675,0.345184,0.25876,0.045,0.00331984
0.446718,0.346276,0.271513,0.025,0.00331984
0.455751,0.36701,0.22937,0.0125,0.00331984
0.457562,0.313599,0.243523,0.0225,0.00331984
0.485052,0.333747,0.224624,0.0175,0.00331984
0.504032,0.371528,0.25084,0.0175,0.00331984
0.503062,0.422583,0.192109,0.045,0.00591164
0.514664,0.393458,0.208454,0.025,0.00591164
0.501211,0.430896,0.235004,0.0125,0.00591164
0.47101,0.398276,0.202139,0.0225,0.00591164
0.471398,0.437244,0.202472,0.0175,0.00591164
0.515595,0.45711,0.191204,0.0175,0.00591164
0.544785,0.334668,0.182322,0.045,0.0051794
0.512507,0.34444,0.192932,0.025,0.0051794
0.550579,0.36242,0.21562,0.0125,0.0051794
0.533778,0.369923,0.163488,0.0225,0.0051794
0.569636,0.360342,0.17537,0.0175,0.0051794
0.57204,0.316768,0.199256,0.0175,0.0051794
0.733974,0.431725,0.11692,0.045,0.00105999
0.72959,0.449606,0.0867362,0.025,0.00105999
0.696157,0.417991,0.0997816,0.0125,0.00105999
0.710999,0.465554,0.123733,0.0225,0.00105999
0.70678,0.430924,0.141102,0.0175,0.00105999
0.737767,0.395897,0.124133,0.0175,0.00105999
0.792085,0.296041,0.149459,0.045,0.00210704
0.823075,0.310657,0.158176,0.025,0.00210704
0.821834,0.264045,0.147533,0.0125,0.00210704
0.812264,0.307878,0.115233,0.0225,0.00210704
0.789824,0.27624,0.118999,0.0175,0.00210704
0.772037,0.269437,0.16496,0.0175,0.00210704
0.951609,0.341308,0.123465,0.045,0.000407126
0.957312,0.364269,0.149737,0.025,0.000407126
0.987727,0.327793,0.144088,0.0125,0.000407126
0.977796,0.370907,0.110941,0.0225,0.000407126
0.978897,0.333311,0.10074,0.0175,0.000407126
0.944496,0.305261,0.123208,0.0175,0.000407126
0.275302,0.507749,0.180167,0.045,0.00705174
0.30354,0.521253,0.163729,0.025,0.00705174
0.260057,0.530609,0.146145,0.0125,0.00705174
0.282797,0.546067,0.194106,0.0225,0.00705174
0.247741,0.529832,0.188985,0.0175,0.00705174
0.249303,0.484149,0.169346,0.0175,0.00705174
0.369384,0.578593,0.12873,0.045,0.00346704
0.375372,0.572199,0.162983,0.025,0.00346704
0.348216,0.609706,0.151011,0.0125,0.00346704
0.338617,0.555662,0.144425,0.0225,0.00346704
0.335147,0.583512,0.117386,0.0175,0.00346704
0.377739,0.607046,0.107035,0.0175,0.00346704
0.337163,0.675138,0.123313,0.045,0.00387743
0.331602,0.642498,0.135712,0.025,0.00387743
0.297864,0.662836,0.108589,0.0125,0.00387743
0.349148,0.647105,0.095219,0.0225,0.00387743
0.332556,0.681574,0.0877835,0.0175,0.00387743
0.319522,0.70694,0.128548,0.0175,0.00387743
0.510689,0.661136,0.0481348,0.045,0.00138795
0.483214,0.673977,0.0663074,0.025,0.00138795
0.518617,0.703727,0.0541002,0.0125,0.00138795
0.482537,0.676782,0.0220307,0.0225,0.00138795
0.521246,0.678106,0.0177117,0.0175,0.00138795
0.546516,0.658662,0.0558999,0.0175,0.00138795
0.688081,0.600339,0.121176,0.045,0.000528953
0.664373,0.624758,0.111602,0.025,0.000528953
0.649361,0.580066,0.119652,0.0125,0.000528953
0.670589,0.617035,0.154851,0.0225,0.000528953
0.6815,0.579871,0.150548,0.0175,0.000528953
0.699237,0.569124,0.105328,0.0175,0.000528953
0.813887,0.532886,0.044611,0.045,0.000435088
0.833696,0.553795,0.0651138,0.025,0.000435088
0.83244,0.562267,0.018059,0.0125,0.000435088
0.792205,0.566423,0.0557433,0.0225,0.000435088
0.79031,0.54808,0.0214109,0.0175,0.000435088
0.822281,0.510228,0.016931,0.0175,0.000435088
0.901121,0.586859,0.0447912,0.045,7.91882e-05
0.881835,0.566819,0.0666191,0.025,7.91882e-05
0.929216,0.5686,0.0728943,0.0125,7.91882e-05
0.891319,0.608411,0.0788233,0.0225,7.91882e-05
0.924738,0.610692,0.0589057,0.0175,7.91882e-05
0.92781,0.578777,0.020866,0.0175,7.91882e-05
0.044651,0.801968,0.119832,0.045,0.000922634
0.0347654,0.770475,0.107163,0.025,0.000922634
0.03875,0.775979,0.154506,0.0125,0.000922634
0.00328128,0.79936,0.119129,0.0225,0.000922634
0.0247952,0.817478,0.146103,0.0175,0.000922634
0.0738559,0.81273,0.139358,0.0175,0.000922634
0.0968246,0.757851,0.0447416,0.045,0.00285898
0.111257,0.73098,0.062621,0.025,0.00285898
0.12369,0.775663,0.0742955,0.0125,0.00285898
0.0748234,0.750253,0.0790487,0.0225,0.00285898
0.0815726,0.785233,0.06325,0.0175,0.00285898
0.111332,0.784007,0.0234019,0.0175,0.00285898
0.192337,0.79191,0.0490656,0.045,0.00216641
0.174364,0.810377,0.0248593,0.025,0.00216641
0.219255,0.797145,0.0149989,0.0125,0.00216641
0.1741,0.766084,0.0222481,0.0225,0.00216641
0.208897,0.761076,0.0390661,0.0175,0.00216641
0.223084,0.799086,0.0678579,0.0175,0.00216641
0.354962,0.85314,0.0447054,0.045,0.000961421
0.351542,0.883112,0.0262668,0.025,0.000961421
0.354632,0.885675,0.0739259,0.0125,0.000961421
0.392338,0.869318,0.0369531,0.0225,0.000961421
0.381622,0.850489,0.0693474,0.0175,0.000961421
0.333714,0.837099,0.0700266,0.0175,0.000961421
0.579035,0.832524,0.110087,0.045,0.00115693
0.554757,0.821638,0.13337,0.025,0.00115693
0.559029,0.868505,0.124841,0.0125,0.00115693
0.542415,0.827893,0.0912119,0.0225,0.00115693
0.569057,0.855261,0.0834702,0.0175,0.00115693
0.608726,0.853902,0.113462,0.0175,0.00115693
0.745975,0.884359,0.0446739,0.045,0.000378152
0.744634,0.857138,0.0671947,0.025,0.000378152
0.707244,0.886868,0.0648269,0.0125,0.000378152
0.727128,0.852081,0.0267381,0.0225,0.000378152
0.718236,0.88969,0.0217142,0.0175,0.000378152
0.745162,0.920741,0.0497478,0.0175,0.000378152
0.819211,0.823738,0.0447416,0.045,0.000244037
0.843799,0.800333,0.0348595,0.025,0.000244037
0.834597,0.805695,0.0814866,0.0125,0.000244037
0.802259,0.786074,0.0411693,0.0225,0.000244037
0.792907,0.813167,0.0675744,0.0175,0.000244037
0.820866,0.854245,0.0651521,0.0175,0.000244037
0.95542,0.668472,0.04533,0.045,0.000191156
0.925695,0.652719,0.056204,0.025,0.000191156
0.942406,0.642624,0.0125426,0.0125,0.000191156
0.964273,0.631609,0.0621085,0.0225,0.000191156
0.982291,0.648041,0.0317095,0.0175,0.000191156
0.96252,0.691439,0.0175433,0.0175,0.000191156
0.0903168,-0.764952,0.0448895,0.045,0.00581964
0.120749,-0.751252,0.0332193,0.025,0.00581964
0.0799367,-0.728397,0.0232443,0.0125,0.00581964
0.104555,-0.736996,0.0719912,0.0225,0.00581964
0.0671769,-0.743605,0.0631617,0.0175,0.00581964
0.0605567,-0.777584,0.0274322,0.0175,0.00581964
0.0979271,-0.9519,0.044899,0.045,0.00351338
0.0870939,-0.975172,0.0692111,0.025,0.00351338
0.0850807,-0.987542,0.0230544,0.0125,0.00351338
0.129059,-0.977359,0.0549677,0.0225,0.00351338
0.121859,-0.962578,0.0196349,0.0175,0.00351338
0.0805048,-0.93502,0.0173033,0.0175,0.00351338
0.364381,-0.924189,0.0447865,0.045,0.00135217
0.342068,-0.897053,0.0487609,0.025,0.00135217
0.332841,-0.937953,0.0717727,0.0125,0.00135217
0.374571,-0.902322,0.0785025,0.0225,0.00135217
0.377241,-0.940986,0.0744089,0.0175,0.00135217
0.360086,-0.957931,0.0308938,0.0175,0.00135217
0.537906,-0.946076,0.115866,0.045,0.000683392
0.564011,-0.969329,0.11059,0.025,0.000683392
0.567264,-0.926135,0.090313,0.0125,0.000683392
0.567976,-0.940155,0.143784,0.0225,0.000683392
0.546178,-0.912468,0.127138,0.0175,0.000683392
0.514409,-0.929617,0.0929092,0.0175,0.000683392
0.654663,-0.893333,0.10563,0.045,0.000811388
0.686805,-0.886985,0.0923417,0.025,0.000811388
0.669208,-0.857043,0.125225,0.0125,0.000811388
0.683634,-0.910194,0.130025,0.0225,0.000811388
0.650257,-0.893853,0.141759,0.0175,0.000811388
0.623332,-0.874157,0.104853,0.0175,0.000811388
0.863095,-0.918935,0.127625,0.045,0.000290443
0.868002,-0.951537,0.114857,0.025,0.000290443
0.845961,-0.919176,0.0873895,0.0125,0.000290443
0.898162,-0.920351,0.105554,0.0225,0.000290443
0.873359,-0.890358,0.107548,0.0175,0.000290443
0.832769,-0.899482,0.13483,0.0175,0.000290443
0.88692,-0.828396,0.120932,0.045,0.000248788
0.890961,-0.856552,0.141929,0.025,0.000248788
0.888881,-0.813127,0.161865,0.0125,0.000248788
0.84995,-0.841308,0.134543,0.0225,0.000248788
0.860671,-0.804334,0.128483,0.0175,0.000248788
0.90812,-0.799088,0.114481,0.0175,0.000248788
0.380023,-0.451153,0.197682,0.045,0.000992069
0.377415,-0.485325,0.188995,0.025,0.000992069
0.420439,-0.464479,0.187609,0.0125,0.000992069
0.387611,-0.474803,0.230876,0.0225,0.000992069
0.404945,-0.440996,0.222192,0.0175,0.000992069
0.390627,-0.421532,0.178705,0.0175,0.000992069
0.198416,-0.507132,0.0448332,0.045,0.00155467
0.174134,-0.523199,0.024778,0.025,0.00155467
0.203834,-0.550103,0.0508846,0.0125,0.00155467
0.16445,-0.514943,0.0672847,0.0225,0.00155467
0.201287,-0.516373,0.0799239,0.0175,0.00155467
0.235151,-0.507782,0.0445058,0.0175,0.00155467
0.443373,-0.734147,0.142705,0.045,0.00115719
0.414742,-0.731863,0.122087,0.025,0.00115719
0.44946,-0.762418,0.109899,0.0125,0.00115719
0.415705,-0.763006,0.153677,0.0225,0.00115719
0.454477,-0.766932,0.153967,0.0175,0.00115719
0.478934,-0.727276,0.136524,0.0175,0.00115719
0.505532,-0.800878,0.142375,0.045,0.000967576
0.508793,-0.76739,0.153236,0.025,0.000967576
0.545119,-0.787487,0.129488,0.0125,0.000967576
0.494168,-0.775002,0.112042,0.0225,0.000967576
0.512747,-0.808974,0.107627,0.0175,0.000967576
0.524206,-0.83146,0.1505,0.0175,0.000967576
0.642877,-0.789374,0.147952,0.045,0.000427389
0.675864,-0.778057,0.15376,0.025,0.000427389
0.643792,-0.774484,0.189061,0.0125,0.000427389
0.665322,-0.819561,0.16538,0.0225,0.000427389
0.627582,-0.812249,0.171782,0.0175,0.000427389
0.61044,-0.772116,0.147897,0.0175,0.000427389
0.725236,-0.711252,0.204736,0.045,0.00126893
0.738118,-0.70238,0.173029,0.025,0.00126893
0.730505,-0.667841,0.205225,0.0125,0.00126893
0.766637,-0.709671,0.206229,0.0225,0.00126893
0.742115,-0.699241,0.234666,0.0175,0.00126893
0.694081,-0.702484,0.222128,0.0175,0.00126893
0.855293,-0.601269,0.126131,0.045,0.00025721
0.849272,-0.621452,0.154528,0.025,0.00025721
0.874907,-0.639595,0.118456,0.0125,0.00025721
0.886868,-0.597951,0.152792,0.0225,0.00025721
0.88939,-0.597678,0.113903,0.0175,0.00025721
0.845928,-0.604854,0.0907837,0.0175,0.00025721
0.948547,-0.384831,0.192805,0.045,0.000161898
0.975518,-0.401508,0.208442,0.025,0.000161898
0.938858,-0.386792,0.235406,0.0125,0.000161898
0.940291,-0.425347,0.195812,0.0225,0.000161898
0.914587,-0.396254,0.199227,0.0175,0.000161898
0.934904,-0.350922,0.196544,0.0175,0.000161898
0.387053,-0.40101,0.119837,0.045,0.0025266
0.364952,-0.405637,0.147042,0.025,0.0025266
0.348787,-0.383596,0.107794,0.0125,0.0025266
0.365301,-0.435913,0.114609,0.0225,0.0025266
0.376512,-0.4113,0.0865503,0.0175,0.0025266
0.400076,-0.370849,0.103384,0.0175,0.0025266
0.502269,-0.541273,0.253185,0.045,0.00146029
0.509591,-0.50741,0.260235,0.025,0.00146029
0.545851,-0.537685,0.252744,0.0125,0.00146029
0.506766,-0.520117,0.217816,0.0225,0.00146029
0.517611,-0.557006,0.224167,0.0175,0.00146029
0.510181,-0.572502,0.270854,0.0175,0.00146029
0.577923,-0.534674,0.205112,0.045,0.00050937
0.586968,-0.532771,0.170987,0.025,0.00050937
0.621627,-0.53555,0.203827,0.0125,0.00050937
0.583285,-0.572807,0.189756,0.0225,0.00050937
0.592304,-0.560967,0.225773,0.0175,0.00050937
0.584356,-0.512499,0.233694,0.0175,0.00050937
0.623339,-0.63428,0.221676,0.045,0.000878564
0.657867,-0.641869,0.221193,0.025,0.000878564
0.64406,-0.59703,0.211902,0.0125,0.000878564
0.640118,-0.626179,0.25871,0.0225,0.000878564
0.611749,-0.605903,0.241308,0.0175,0.000878564
0.600284,-0.622223,0.195732,0.0175,0.000878564
0.66219,-0.489478,0.210059,0.045,0.00117597
0.663407,-0.5199,0.192087,0.025,0.00117597
0.681614,-0.480545,0.171909,0.0125,0.00117597
0.698528,-0.50833,0.21661,0.0225,0.00117597
0.692657,-0.469908,0.213771,0.0175,0.00117597
0.645674,-0.457367,0.203271,0.0175,0.00117597
0.824512,-0.410778,0.20799,0.045,0.000541154
0.809934,-0.425293,0.236744,0.025,0.000541154
0.795197,-0.43989,0.193648,0.0125,0.000541154
0.844535,-0.4457,0.217902,0.0225,0.000541154
0.837567,-0.432535,0.18189,0.0175,0.000541154
0.810473,-0.390833,0.18051,0.0175,0.000541154
0.875532,-0.335257,0.207665,0.045,0.000653329
0.881068,-0.370176,0.207558,0.025,0.000653329
0.916742,-0.341294,0.220998,0.0125,0.000653329
0.868035,-0.35088,0.245328,0.0225,0.000653329
0.883848,-0.316132,0.2375,0.0175,0.000653329
0.891068,-0.307678,0.189009,0.0175,0.000653329
0.439956,-0.106072,0.232583,0.045,0.00273225
0.41927,-0.103648,0.261153,0.025,0.00273225
0.423418,-0.145994,0.239311,0.0125,0.00273225
0.461416,-0.116448,0.266503,0.0225,0.00273225
0.465073,-0.132378,0.231125,0.0175,0.00273225
0.432888,-0.114681,0.19757,0.0175,0.00273225
0.487906,-0.198055,0.264207,0.045,0.00447921
0.474818,-0.169318,0.280108,0.025,0.00447921
0.520869,-0.169472,0.267195,0.0125,0.00447921
0.475407,-0.170609,0.23576,0.0225,0.00447921
0.506327,-0.194175,0.233052,0.0175,0.00447921
0.514377,-0.221702,0.273703,0.0175,0.00447921
0.470927,-0.377522,0.278055,0.045,0.00103891
0.469786,-0.354321,0.251402,0.025,0.00103891
0.461927,-0.33862,0.29589,0.0125,0.00103891
0.507953,-0.359451,0.273441,0.0225,0.00103891
0.491491,-0.370034,0.307142,0.0175,0.00103891
0.44563,-0.388684,0.302252,0.0175,0.00103891
0.568628,-0.272297,0.318203,0.045,0.00208161
0.57204,-0.306924,0.324472,0.025,0.00208161
0.577177,-0.29107,0.279642,0.0125,0.00208161
0.608555,-0.281719,0.324186,0.0225,0.00208161
0.594605,-0.255096,0.29938,0.0175,0.00208161
0.544924,-0.253066,0.297751,0.0175,0.00208161
0.616234,-0.311762,0.184961,0.045,0.0011603
0.637063,-0.327005,0.160799,0.025,0.0011603
0.637659,-0.279355,0.16488,0.0125,0.0011603
0.654022,-0.318052,0.200811,0.0225,0.0011603
0.630705,-0.287693,0.208119,0.0175,0.0011603
0.588279,-0.288085,0.18214,0.0175,0.0011603
0.786716,-0.323268,0.200226,0.045,0.000766672
0.810628,-0.316604,0.225402,0.025,0.000766672
0.824301,-0.314605,0.179614,0.0125,0.000766672
0.78883,-0.282469,0.207279,0.0225,0.000766672
0.782862,-0.299639,0.172807,0.0175,0.000766672
0.784558,-0.349333,0.17442,0.0175,0.000766672
0.868085,-0.156473,0.209724,0.045,0.000780995
0.883551,-0.187729,0.203905,0.025,0.000780995
0.905197,-0.156414,0.232859,0.0125,0.000780995
0.85735,-0.183314,0.239441,0.0225,0.000780995
0.863537,-0.145109,0.244005,0.0175,0.000780995
0.878538,-0.121978,0.202593,0.0175,0.000780995
0.955266,-0.0743046,0.207305,0.045,0.000385087
0.971968,-0.103842,0.217234,0.025,0.000385087
0.965714,-0.0690435,0.249444,0.0125,0.000385087
0.92824,-0.100854,0.224143,0.0225,0.000385087
0.927561,-0.0620311,0.227474,0.0175,0.000385087
0.965973,-0.0391979,0.205607,0.0175,0.000385087
0.39979,0.111395,0.212922,0.045,0.00443111
0.387016,0.109644,0.245843,0.025,0.00443111
0.358674,0.0968961,0.209487,0.0125,0.00443111
0.405008,0.0731708,0.228102,0.0225,0.00443111
0.396638,0.0823783,0.191171,0.0175,0.00443111
0.389837,0.131064,0.183527,0.0175,0.00443111
0.283944,0.0569477,0.0449095,0.045,0.0133186
0.25996,0.0458972,0.0684182,0.025,0.0133186
0.306283,0.0438211,0.0801397,0.0125,0.0133186
0.2742,0.0878554,0.070765,0.0225,0.0133186
0.309333,0.0808111,0.0554427,0.0175,0.0133186
0.31132,0.0396929,0.0275081,0.0175,0.0133186
0.572157,-0.00906849,0.273506,0.045,0.00391778
0.588678,-0.0063197,0.242369,0.025,0.00391778
0.568918,0.0328402,0.261437,0.0125,0.00391778
0.611529,0.00252041,0.279362,0.0225,0.00391778
0.580713,0.0141855,0.300172,0.0175,0.00391778
0.537268,-0.0034921,0.283588,0.0175,0.00391778
0.631169,0.0791159,0.272964,0.045,0.00133622
0.656787,0.0971659,0.289334,0.025,0.00133622
0.625352,0.121161,0.262433,0.0125,0.00133622
0.617444,0.0931968,0.309462,0.0225,0.00133622
0.596669,0.0901268,0.276634,0.0175,0.00133622
0.623002,0.0744411,0.237448,0.0175,0.00133622
0.65892,0.0044241,0.231425,0.045,0.00186848
0.67958,0.000831352,0.25989,0.025,0.00186848
0.682133,-0.032135,0.225333,0.0125,0.00186848
0.696063,0.021352,0.224169,0.0225,0.00186848
0.673919,0.00236833,0.198322,0.0175,0.00186848
0.632072,-0.0164627,0.217536,0.0175,0.00186848
0.759399,0.0536575,0.231098,0.045,0.00110245
0.794615,0.0505709,0.231652,0.025,0.00110245
0.775444,0.0934633,0.222697,0.0125,0.00110245
0.773826,0.0630267,0.268819,0.0225,0.00110245
0.74364,0.0798752,0.250828,0.0175,0.00110245
0.735808,0.0632273,0.204605,0.0175,0.00110245
0.893954,0.0933952,0.21057,0.045,0.000652343
0.891318,0.0746431,0.240427,0.025,0.000652343
0.917045,0.11496,0.240807,0.0125,0.000652343
0.86269,0.107857,0.23364,0.0225,0.000652343
0.886658,0.129048,0.211385,0.0175,0.000652343
0.922665,0.102556,0.189552,0.0175,0.000652343
0.367241,0.233472,0.198129,0.045,0.00404023
0.375547,0.214711,0.226922,0.025,0.00404023
0.409987,0.224689,0.195269,0.0125,0.00404023
0.381147,0.258716,0.22793,0.0225,0.00404023
0.387289,0.262646,0.189647,0.0175,0.00404023
0.368491,0.225613,0.162258,0.0175,0.00404023
0.447248,0.246351,0.242722,0.045,0.00566217
0.432245,0.271758,0.2622,0.025,0.00566217
0.424197,0.271167,0.215057,0.0125,0.00566217
0.40901,0.234879,0.253901,0.0225,0.00566217
0.426493,0.226919,0.219993,0.0175,0.00566217
0.471591,0.247371,0.215219,0.0175,0.00566217
0.465177,0.256894,0.329976,0.045,0.00697452
0.46537,0.290763,0.319833,0.025,0.00697452
0.500966,0.274868,0.347542,0.0125,0.00697452
0.487915,0.261227,0.295582,0.0225,0.00697452
0.495133,0.236803,0.32508,0.0175,0.00697452
0.463237,0.240969,0.363031,0.0175,0.00697452
0.553813,0.295,0.266148,0.045,0.00209375
0.569922,0.287217,0.296642,0.025,0.00209375
0.581558,0.262322,0.257497,0.0125,0.00209375
0.589561,0.315806,0.26897,0.0225,0.00209375
0.574047,0.30091,0.236472,0.0175,0.00209375
0.531979,0.275441,0.243996,0.0175,0.00209375
0.652772,0.389421,0.132965,0.045,0.00411343
0.679543,0.386227,0.110093,0.025,0.00411343
0.651101,0.348513,0.117593,0.0125,0.00411343
0.639532,0.397389,0.094495,0.0225,0.00411343
0.619353,0.379412,0.122573,0.0175,0.00411343
0.64506,0.372356,0.164577,0.0175,0.00411343
0.708233,0.318603,0.115973,0.045,0.00559063
0.74189,0.32505,0.107275,0.025,0.00559063
0.710126,0.360672,0.104181,0.0125,0.00559063
0.728664,0.3337,0.148735,0.0225,0.00559063
0.691482,0.340797,0.139464,0.0175,0.00559063
0.676992,0.319949,0.0966808,0.0175,0.00559063
0.863114,0.237591,0.195585,0.045,0.00121041
0.847016,0.208149,0.184449,0.025,0.00121041
0.887783,0.204118,0.209133,0.0125,0.00121041
0.838383,0.222848,0.225415,0.0225,0.00121041
0.872868,0.24026,0.230553,0.0175,0.00121041
0.896033,0.252122,0.188154,0.0175,0.00121041
0.955332,0.214149,0.144424,0.045,0.000705602
0.960682,0.236086,0.171631,0.025,0.000705602
0.985898,0.24264,0.131523,0.0125,0.000705602
0.931566,0.247866,0.140291,0.0225,0.000705602
0.948826,0.228136,0.111454,0.0175,0.000705602
0.977392,0.19049,0.127001,0.0175,0.000705602
0.355868,0.481446,0.124063,0.045,0.00591804
0.359984,0.510303,0.104055,0.025,0.00591804
0.315749,0.497205,0.116674,0.0125,0.00591804
0.357533,0.515193,0.148087,0.0225,0.00591804
0.335577,0.483583,0.154208,0.0175,0.00591804
0.338785,0.449459,0.118148,0.0175,0.00591804
0.453163,0.497552,0.206556,0.045,0.00671454
0.45881,0.495866,0.241417,0.025,0.00671454
0.452373,0.455138,0.217183,0.0125,0.00671454
0.493539,0.491908,0.214086,0.0225,0.00671454
0.473297,0.476882,0.184367,0.0175,0.00671454
0.424713,0.487522,0.18558,0.0175,0.00671454
0.442239,0.593712,0.182495,0.045,0.00448394
0.435949,0.588709,0.148065,0.025,0.00448394
0.413852,0.560555,0.179792,0.0125,0.00448394
0.408474,0.61488,0.171066,0.0225,0.00448394
0.414072,0.597118,0.205299,0.0175,0.00448394
0.457009,0.572174,0.20834,0.0175,0.00448394
0.512426,0.60766,0.128193,0.045,0.000457155
0.530586,0.586192,0.149625,0.025,0.000457155
0.552382,0.603762,0.110847,0.0125,0.000457155
0.533792,0.630012,0.155809,0.0225,0.000457155
0.52704,0.639602,0.118645,0.0175,0.000457155
0.502474,0.604806,0.0929394,0.0175,0.000457155
0.627615,0.529391,0.135702,0.045,0.00105856
0.641537,0.558028,0.151069,0.025,0.00105856
0.652259,0.514924,0.168806,0.0125,0.00105856
0.665129,0.537126,0.11984,0.0225,0.00105856
0.649592,0.501962,0.126234,0.0175,0.00105856
0.604882,0.503282,0.148012,0.0175,0.00105856
0.840167,0.43813,0.160333,0.045,0.000463134
0.837158,0.430159,0.194646,0.025,0.000463134
0.878803,0.447371,0.178618,0.0125,0.000463134
0.829367,0.47191,0.181805,0.0225,0.000463134
0.853011,0.470841,0.150844,0.0175,0.000463134
0.861755,0.424977,0.13367,0.0175,0.000463134
0.925026,0.426449,0.133089,0.045,0.00025812
0.958528,0.436253,0.1387,0.025,0.00025812
0.931454,0.462653,0.109416,0.0125,0.00025812
0.926678,0.454204,0.163841,0.0225,0.00025812
0.898498,0.451049,0.137107,0.0175,0.00025812
0.907025,0.41605,0.102793,0.0175,0.00025812
0.418967,0.559349,0.262208,0.045,0.00574367
0.448585,0.577025,0.269979,0.025,0.00574367
0.406449,0.598428,0.277328,0.0125,0.00574367
0.428396,0.554232,0.302254,0.0225,0.00574367
0.392578,0.557224,0.28719,0.0175,0.00574367
0.391915,0.565738,0.238179,0.0175,0.00574367
0.232545,0.754092,0.119968,0.045,0.00367011
0.266534,0.762637,0.124626,0.025,0.00367011
0.243196,0.740945,0.160295,0.0125,0.00367011
0.2567,0.721844,0.110204,0.0225,0.00367011
0.2217,0.720117,0.127255,0.0175,0.00367011
0.201802,0.764638,0.137106,0.0175,0.00367011
0.368556,0.770498,0.0767298,0.045,0.000975652
0.39131,0.765898,0.0500637,0.025,0.000975652
0.389541,0.732968,0.0847048,0.0125,0.000975652
0.351291,0.746933,0.0473127,0.0225,0.000975652
0.346175,0.743252,0.0857708,0.0175,0.000975652
0.373366,0.774877,0.112892,0.0175,0.000975652
0.451178,0.777434,0.124023,0.045,0.00220732
0.484869,0.772584,0.133581,0.025,0.00220732
0.474961,0.805238,0.10007,0.0125,0.00220732
0.4615,0.804498,0.153684,0.0225,0.00220732
0.437596,0.811204,0.123644,0.0175,0.00220732
0.433637,0.772982,0.0920467,0.0175,0.00220732
0.651169,0.784081,0.132979,0.045,0.00159433
0.66618,0.766803,0.159926,0.025,0.00159433
0.64881,0.741514,0.123235,0.0125,0.00159433
0.691172,0.777004,0.124711,0.0225,0.00159433
0.661881,0.776582,0.0990089,0.0175,0.00159433
0.617054,0.783809,0.119338,0.0175,0.00159433
0.797873,0.774136,0.1164,0.045,0.000615849
0.765971,0.783227,0.128631,0.025,0.000615849
0.771391,0.740303,0.108243,0.0125,0.000615849
0.793038,0.760091,0.155105,0.0225,0.000615849
0.812126,0.742127,0.126266,0.0175,0.000615849
0.810078,0.766057,0.0826983,0.0175,0.000615849
0.883907,0.74949,0.123829,0.045,0.000324727
0.854741,0.733888,0.136315,0.025,0.000324727
0.892567,0.738397,0.165235,0.0125,0.000324727
0.860142,0.777385,0.143216,0.0225,0.000324727
0.899102,0.776465,0.142972,0.0175,0.000324727
0.918242,0.737396,0.118842,0.0175,0.000324727
0.95195,0.512038,0.134079,0.045,0.000204825
0.917704,0.511886,0.142863,0.025,0.000204825
0.944522,0.549393,0.155572,0.0125,0.000204825
0.929855,0.531956,0.105202,0.0225,0.000204825
0.96575,0.541206,0.117233,0.0175,0.000204825
0.982667,0.512574,0.154233,0.0175,0.000204825
-0.0357103,0.95034,0.0450888,0.045,0.00218058
-0.0114048,0.927047,0.0558902,0.025,0.00218058
-0.00709803,0.946198,0.012276,0.0125,0.00218058
-0.00349176,0.97029,0.0619026,0.0225,0.00218058
-0.0247704,0.982307,0.0315452,0.0175,0.00218058
-0.0597591,0.949931,0.0173131,0.0175,0.00218058
0.0589218,0.942514,0.0448036,0.045,0.00162948
0.0492694,0.969177,0.0659203,0.025,0.00162948
0.0958431,0.962132,0.0576288,0.0125,0.00162948
0.0557425,0.977523,0.0228249,0.0225,0.00162948
0.0818728,0.949135,0.017337,0.0175,0.00162948
0.0790182,0.912321,0.050677,0.0175,0.00162948
0.24394,0.955229,0.0445051,0.045,0.000886624
0.276444,0.965276,0.0541253,0.025,0.000886624
0.256889,0.927215,0.07549,0.0125,0.000886624
0.272269,0.934093,0.0228366,0.0225,0.000886624
0.238098,0.920411,0.0356387,0.0175,0.000886624
0.212254,0.952972,0.0629678,0.0175,0.000886624
0.445097,0.955203,0.0445423,0.045,0.000405673
0.457528,0.928433,0.064006,0.025,0.000405673
0.458941,0.924783,0.0163386,0.0125,0.000405673
0.485993,0.959405,0.0498913,0.0225,0.000405673
0.46583,0.968801,0.0178925,0.0175,0.000405673
0.41744,0.957542,0.0204665,0.0175,0.000405673
0.673115,0.954377,0.0498648,0.045,0.000284252
0.694955,0.934078,0.0308666,0.025,0.000284252
0.651275,0.943211,0.0136595,0.0125,0.000284252
0.693672,0.977606,0.022359,0.0225,0.000284252
0.656746,0.982624,0.0337645,0.0175,0.000284252
0.640455,0.94783,0.0653712,0.0175,0.000284252
0.81138,0.945969,0.044733,0.045,0.000174098
0.814456,0.975228,0.06434,0.025,0.000174098
0.817455,0.979029,0.0167579,0.0125,0.000174098
0.774477,0.96451,0.048354,0.0225,0.000174098
0.787855,0.945693,0.0169578,0.0175,0.000174098
0.834497,0.929054,0.021721,0.0175,0.000174098
0.941902,0.818747,0.11909,0.045,0.000207785
0.975453,0.821823,0.129809,0.025,0.000207785
0.94936,0.785236,0.146181,0.0125,0.000207785
0.966651,0.796033,0.0947933,0.0225,0.000207785
0.93043,0.786839,0.10585,0.0175,0.000207785
0.909954,0.819577,0.137218,0.0175,0.000207785
0.0849781,-0.675112,0.0460653,0.045,0.00689615
0.101985,-0.657769,0.0717557,0.025,0.00689615
0.0545682,-0.652696,0.0680938,0.0125,0.00689615
0.0843738,-0.697433,0.0809961,0.0225,0.00689615
0.0558135,-0.695161,0.0545783,0.0175,0.00689615
0.0652336,-0.663592,0.0172999,0.0175,0.00689615
0.00109005,-0.955082,0.044857,0.045,0.00556637
0.02992,-0.935516,0.0388559,0.025,0.00556637
-0.01162,-0.913299,0.0471212,0.0125,0.00556637
0.0188992,-0.944733,0.0808361,0.0225,0.00556637
-0.0193543,-0.947928,0.074112,0.0175,0.00556637
-0.0307551,-0.958407,0.026834,0.0175,0.00556637
0.279371,-0.955027,0.0448666,0.045,0.00345537
0.25298,-0.970906,0.0622264,0.025,0.00345537
0.293598,-0.961587,0.0856961,0.0125,0.00345537
0.256304,-0.926718,0.0644945,0.0225,0.00345537
0.294934,-0.925547,0.0594878,0.0175,0.00345537
0.313588,-0.96567,0.0367445,0.0175,0.00345537
0.438995,-0.948765,0.124571,0.045,0.000612874
0.419616,-0.947938,0.0950118,0.025,0.000612874
0.407739,-0.978965,0.129418,0.0125,0.000612874
0.40638,-0.9237,0.12974,0.0225,0.000612874
0.422174,-0.946879,0.156796,0.0175,0.000612874
0.459567,-0.975038,0.13995,0.0175,0.000612874
0.629962,-0.955373,0.165345,0.045,0.000296675
0.599405,-0.972439,0.170349,0.025,0.000296675
0.636309,-0.982486,0.199066,0.0125,0.000296675
0.607299,-0.935705,0.193951,0.0225,0.000296675
0.646101,-0.939319,0.19375,0.0175,0.000296675
0.663622,-0.967016,0.15632,0.0175,0.000296675
0.805801,-0.951494,0.049264,0.045,7.29501e-05
0.781171,-0.974089,0.0607879,0.025,7.29501e-05
0.808918,-0.987104,0.0240699,0.0125,7.29501e-05
0.822382,-0.97763,0.0768451,0.0225,7.29501e-05
0.840032,-0.963201,0.0452378,0.0175,7.29501e-05
0.810718,-0.934572,0.0170233,0.0175,7.29501e-05
0.955475,-0.870954,0.168555,0.045,0.000191759
0.945154,-0.890802,0.195933,0.025,0.000191759
0.919319,-0.891929,0.155699,0.0125,0.000191759
0.97101,-0.909219,0.164933,0.0225,0.000191759
0.958818,-0.88642,0.135774,0.0175,0.000191759
0.939437,-0.843112,0.150734,0.0175,0.000191759
0.955168,-0.759469,0.13619,0.045,0.000116105
0.954543,-0.744504,0.168216,0.025,0.000116105
0.962479,-0.716792,0.130051,0.0125,0.000116105
0.917158,-0.745051,0.144325,0.0225,0.000116105
0.93484,-0.745168,0.109596,0.0175,0.000116105
0.981507,-0.76237,0.110738,0.0175,0.000116105
0.033576,-0.631383,0.119784,0.045,0.00895542
0.043054,-0.605268,0.141652,0.025,0.00895542
0.0529705,-0.650378,0.15407,0.0125,0.00895542
0.0727589,-0.620137,0.112236,0.0225,0.00895542
0.0583388,-0.656285,0.110209,0.0175,0.00895542
0.0105632,-0.659765,0.12364,0.0175,0.00895542
0.186839,-0.70224,0.0448294,0.045,0.00362259
0.179754,-0.729851,0.0657441,0.025,0.00362259
0.145129,-0.697966,0.05726,0.0125,0.00362259
0.170155,-0.732954,0.0225356,0.0225,0.00362259
0.164376,-0.694789,0.0171729,0.0175,0.00362259
0.186961,-0.665999,0.0508783,0.0175,0.00362259
0.405126,-0.855733,0.130563,0.045,0.00125627
0.375012,-0.844817,0.14553,0.025,0.00125627
0.411602,-0.857061,0.173792,0.0125,0.00125627
0.407061,-0.815026,0.138174,0.0225,0.00125627
0.436519,-0.840406,0.140789,0.0175,0.00125627
0.423377,-0.887587,0.132054,0.0175,0.00125627
0.589413,-0.875247,0.164746,0.045,0.000845398
0.592627,-0.899721,0.139434,0.025,0.000845398
0.567718,-0.910518,0.17881,0.0125,0.000845398
0.556809,-0.873533,0.139196,0.0225,0.000845398
0.556297,-0.867439,0.177684,0.0175,0.000845398
0.60031,-0.874342,0.199824,0.0175,0.000845398
0.778476,-0.861264,0.204763,0.045,0.000426173
0.760663,-0.831352,0.198603,0.025,0.000426173
0.741337,-0.872866,0.184799,0.0125,0.000426173
0.751844,-0.854036,0.235703,0.0225,0.000426173
0.761444,-0.888914,0.221208,0.0175,0.000426173
0.792445,-0.886813,0.182355,0.0175,0.000426173
0.836459,-0.794272,0.186744,0.045,0.000346616
0.818278,-0.799881,0.156944,0.025,0.000346616
0.794313,-0.788028,0.196601,0.0125,0.000346616
0.830328,-0.758366,0.166947,0.0225,0.000346616
0.830564,-0.763672,0.205555,0.0175,0.000346616
0.836262,-0.811116,0.219397,0.0175,0.000346616
0.952935,-0.578587,0.13831,0.045,0.000280005
0.975091,-0.564597,0.162047,0.025,0.000280005
0.928481,-0.566706,0.172565,0.0125,0.000280005
0.964908,-0.607658,0.165334,0.0225,0.000280005
0.92969,-0.604499,0.148949,0.0175,0.000280005
0.924507,-0.564574,0.119724,0.0175,0.000280005
0.215938,-0.28706,0.09237,0.045,0.00353684
0.214109,-0.32008,0.0798659,0.025,0.00353684
0.227368,-0.284977,0.0502096,0.0125,0.00353684
0.253158,-0.305164,0.0947478,0.0225,0.00353684
0.246218,-0.267667,0.0867137,0.0175,0.00353684
0.19789,-0.256263,0.0836615,0.0175,0.00353684
0.430873,-0.528979,0.200144,0.045,0.000880837
0.408449,-0.516832,0.224631,0.025,0.000880837
0.391698,-0.545862,0.190512,0.0125,0.000880837
0.427671,-0.556283,0.231176,0.0225,0.000880837
0.431989,-0.564728,0.193377,0.0175,0.000880837
0.432309,-0.524826,0.163665,0.0175,0.000880837
0.39168,-0.666481,0.113911,0.045,0.00182256
0.375452,-0.69629,0.123814,0.025,0.00182256
0.378289,-0.660196,0.155065,0.0125,0.00182256
0.350902,-0.663304,0.107143,0.0225,0.00182256
0.374665,-0.634661,0.118702,0.0175,0.00182256
0.421592,-0.649236,0.126477,0.0175,0.00182256
0.532543,-0.693331,0.182184,0.045,0.000650192
0.532667,-0.724708,0.198476,0.025,0.000650192
0.517881,-0.686257,0.222773,0.0125,0.000650192
0.495242,-0.711122,0.178893,0.0225,0.000650192
0.502339,-0.673038,0.183135,0.0175,0.000650192
0.550513,-0.661963,0.188753,0.0175,0.000650192
0.630896,-0.722716,0.208942,0.045,0.00095855
0.599281,-0.730547,0.222697,0.025,0.00095855
0.631993,-0.765248,0.219058,0.0125,0.00095855
0.632288,-0.719613,0.250261,0.0225,0.00095855
0.660945,-0.732316,0.227105,0.0175,0.00095855
0.648505,-0.734675,0.178994,0.0175,0.00095855
0.791074,-0.57037,0.181019,0.045,0.000445534
0.765829,-0.592475,0.16988,0.025,0.000445534
0.807532,-0.610733,0.184543,0.0125,0.000445534
0.768764,-0.583772,0.213289,0.0225,0.000445534
0.807056,-0.576533,0.213137,0.0175,0.000445534
0.824928,-0.563219,0.168658,0.0175,0.000445534
0.943647,-0.50066,0.206758,0.045,0.000155788
0.975634,-0.497578,0.192015,0.025,0.000155788
0.95579,-0.458993,0.212137,0.0125,0.000155788
0.973041,-0.506036,0.235495,0.0225,0.000155788
0.938596,-0.488572,0.240719,0.0175,0.000155788
0.911323,-0.484874,0.199276,0.0175,0.000155788
0.954449,-0.320341,0.269135,0.045,0.000818143
0.973866,-0.345405,0.253489,0.025,0.000818143
0.982551,-0.334873,0.299327,0.0125,0.000818143
0.937778,-0.357632,0.276225,0.0225,0.000818143
0.938597,-0.327628,0.301082,0.0175,0.000818143
0.963231,-0.287917,0.284018,0.0175,0.000818143
0.421,-0.364786,0.200191,0.045,0.00153912
0.450094,-0.384343,0.204775,0.025,0.00153912
0.448628,-0.340508,0.22385,0.0125,0.00153912
0.418704,-0.385345,0.236119,0.0225,0.00153912
0.405275,-0.34942,0.229201,0.0175,0.00153912
0.415199,-0.3326,0.183446,0.0175,0.00153912
0.466564,-0.450743,0.226203,0.045,0.00120866
0.480587,-0.480829,0.214031,0.025,0.00120866
0.50668,-0.453539,0.24339,0.0125,0.00120866
0.459976,-0.481403,0.253319,0.0225,0.00120866
0.467275,-0.444116,0.261988,0.0175,0.00120866
0.476307,-0.415533,0.222283,0.0175,0.00120866
0.555639,-0.508457,0.317475,0.045,0.00200968
0.541304,-0.494491,0.346621,0.025,0.00200968
0.57119,-0.531551,0.3512,0.0125,0.00200968
0.581214,-0.480104,0.333623,0.0225,0.00200968
0.591691,-0.513287,0.316077,0.0175,0.00200968
0.553351,-0.541855,0.302332,0.0175,0.00200968
0.605241,-0.451822,0.268443,0.045,0.000817185
0.612075,-0.470132,0.297906,0.025,0.000817185
0.628466,-0.42534,0.294362,0.0125,0.000817185
0.57641,-0.443747,0.29712,0.0225,0.000817185
0.590954,-0.418463,0.271275,0.0175,0.000817185
0.627074,-0.437289,0.242711,0.0175,0.000817185
0.736223,-0.421594,0.196929,0.045,0.000452588
0.702498,-0.426503,0.206335,0.025,0.000452588
0.735169,-0.45847,0.220414,0.0125,0.000452588
0.729492,-0.405301,0.234452,0.0225,0.000452588
0.762091,-0.422997,0.2225,0.0175,0.000452588
0.759326,-0.441443,0.176379,0.0175,0.000452588
0.852561,-0.257614,0.246008,0.045,0.000751703
0.846151,-0.225097,0.258319,0.025,0.000751703
0.891207,-0.241142,0.258158,0.0125,0.000751703
0.857653,-0.229766,0.21572,0.0225,0.000751703
0.878572,-0.262226,0.220965,0.0175,0.000751703
0.86628,-0.287807,0.261824,0.0175,0.000751703
0.954907,-0.219601,0.280974,0.045,0.000631317
0.942183,-0.211001,0.31282,0.025,0.000631317
0.930566,-0.183715,0.275296,0.0125,0.000631317
0.917306,-0.236275,0.286154,0.0225,0.000631317
0.931921,-0.222223,0.252872,0.0175,0.000631317
0.977112,-0.201966,0.257608,0.0175,0.000631317
0.129615,-0.10545,0.326817,0.045,0.363222
0.126617,-0.126042,0.298234,0.025,0.363222
0.0914553,-0.0951576,0.308097,0.0125,0.363222
0.143861,-0.0854443,0.293416,0.0225,0.363222
0.124616,-0.0695609,0.323351,0.0175,0.363222
0.109498,-0.10251,0.357422,0.0175,0.363222
0.429327,-0.228444,0.325145,0.045,0.0028543
0.417828,-0.202067,0.345688,0.025,0.0028543
0.431867,-0.242848,0.366359,0.0125,0.0028543
0.461405,-0.205612,0.338123,0.0225,0.0028543
0.461217,-0.244222,0.33283,0.0175,0.0028543
0.416955,-0.262567,0.319441,0.0175,0.0028543
0.493558,-0.037077,0.211595,0.045,0.00287505
0.482364,-0.0421237,0.17844,0.025,0.00287505
0.492347,-0.0803504,0.205395,0.0125,0.00287505
0.45246,-0.042517,0.211217,0.0225,0.00287505
0.477121,-0.0549459,0.238715,0.0175,0.00287505
0.524945,-0.0456034,0.228687,0.0175,0.00287505
0.583132,-0.164664,0.311936,0.045,0.0012687
0.571244,-0.134487,0.326007,0.025,0.0012687
0.588137,-0.168378,0.355222,0.0125,0.0012687
0.614578,-0.138169,0.317216,0.0225,0.0012687
0.616057,-0.176874,0.321521,0.0175,0.0012687
0.572215,-0.199576,0.315401,0.0175,0.0012687
0.641646,-0.142983,0.216672,0.045,0.00185117
0.61572,-0.133332,0.238687,0.025,0.00185117
0.634549,-0.177073,0.24313,0.0125,0.00185117
0.657772,-0.127632,0.251644,0.0225,0.00185117
0.67228,-0.156971,0.23049,0.0175,0.00185117
0.644099,-0.169633,0.191497,0.0175,0.00185117
0.787369,-0.0545378,0.29847,0.045,0.0019451
0.757806,-0.0499796,0.317319,0.025,0.0019451
0.799989,-0.0423311,0.338522,0.0125,0.0019451
0.775767,-0.0147574,0.29718,0.0225,0.0019451
0.812375,-0.0280879,0.298134,0.0175,0.0019451
0.815767,-0.0775583,0.302155,0.0175,0.0019451
0.839863,0.0744057,0.287489,0.045,0.00037721
0.868725,0.0598684,0.30183,0.025,0.00037721
0.869531,0.106375,0.290695,0.0125,0.00037721
0.839417,0.0796883,0.328606,0.0225,0.00037721
0.826418,0.104981,0.30196,0.0175,0.00037721
0.833749,0.0903785,0.25497,0.0175,0.00037721
0.94658,-0.00914574,0.268567,0.045,0.000662517
0.973466,-0.0163391,0.246764,0.025,0.000662517
0.979683,0.0166816,0.280801,0.0125,0.000662517
0.971305,-0.0377554,0.285564,0.0225,0.000662517
0.952398,-0.00942296,0.304499,0.0175,0.000662517
0.927217,0.021468,0.274722,0.0175,0.000662517
0.431306,0.276075,0.410924,0.045,0.0359079
0.452668,0.248108,0.414316,0.025,0.0359079
0.460766,0.286639,0.441469,0.0125,0.0359079
0.417921,0.251703,0.441674,0.0225,0.0359079
0.41637,0.290632,0.440757,0.0175,0.0359079
0.437409,0.310749,0.400412,0.0175,0.0359079
0.224274,0.282617,0.321193,0.045,0.0252094
0.207364,0.300968,0.346238,0.025,0.0252094
0.231979,0.26199,0.358977,0.0125,0.0252094
0.250104,0.310037,0.338504,0.0225,0.0252094
0.259379,0.274299,0.326034,0.0175,0.0252094
0.220623,0.248127,0.309064,0.0175,0.0252094
0.552493,0.207911,0.287807,0.045,0.00322195
0.551668,0.175726,0.302418,0.025,0.00322195
0.523291,0.209819,0.320305,0.0125,0.00322195
0.522162,0.185397,0.270722,0.0225,0.00322195
0.521188,0.223673,0.277983,0.0175,0.00322195
0.561735,0.240894,0.301098,0.0175,0.00322195
0.634048,0.310941,0.197823,0.045,0.00466695
0.649718,0.3424,0.193977,0.025,0.00466695
0.602273,0.339555,0.188655,0.0125,0.00466695
0.633258,0.33162,0.233746,0.0225,0.00466695
0.605379,0.308073,0.220068,0.0175,0.00466695
0.614718,0.289928,0.174697,0.0175,0.00466695
0.668771,0.228632,0.189805,0.045,0.00264206
0.70372,0.231048,0.185041,0.025,0.00264206
0.679131,0.270757,0.195339,0.0125,0.00264206
0.688242,0.225873,0.226302,0.0225,0.00264206
0.653957,0.243185,0.219701,0.0175,0.00264206
0.640274,0.243338,0.171871,0.0175,0.00264206
0.774035,0.213443,0.191684,0.045,0.00274297
0.780879,0.206735,0.225716,0.025,0.00274297
0.812944,0.193508,0.192786,0.0125,0.00274297
0.7967,0.244152,0.207871,0.0225,0.00274297
0.79928,0.230251,0.171555,0.0175,0.00274297
0.7694,0.1915,0.16258,0.0175,0.00274297
0.951979,0.162323,0.217916,0.045,0.000826735
0.975061,0.14967,0.194312,0.025,0.000826735
0.987655,0.18745,0.220799,0.0125,0.000826735
0.977568,0.13533,0.236227,0.0225,0.000826735
0.962926,0.167717,0.252209,0.0175,0.000826735
0.935138,0.194824,0.221095,0.0175,0.000826735
0.401249,0.352484,0.327405,0.045,0.0133072
0.373898,0.374807,0.329296,0.025,0.0133072
0.417863,0.391548,0.337913,0.0125,0.0133072
0.396195,0.37177,0.291056,0.0225,0.0133072
0.430155,0.36161,0.307252,0.0175,0.0133072
0.425699,0.341129,0.35237,0.0175,0.0133072
0.472705,0.411363,0.335716,0.045,0.00438835
0.50686,0.402317,0.336975,0.025,0.00438835
0.480772,0.399193,0.376939,0.0125,0.00438835
0.476744,0.370522,0.329844,0.0225,0.00438835
0.447818,0.388329,0.348948,0.0175,0.00438835
0.453415,0.43762,0.352701,0.0175,0.00438835
0.52717,0.466382,0.287189,0.045,0.00538014
0.496004,0.468968,0.30368,0.025,0.00538014
0.522223,0.508528,0.297761,0.0125,0.00538014
0.49758,0.476553,0.259991,0.0225,0.00538014
0.534512,0.488989,0.25962,0.0175,0.00538014
0.561603,0.473009,0.298165,0.0175,0.00538014
0.513462,0.547338,0.250743,0.045,0.00486378
0.496288,0.527714,0.274616,0.025,0.00486378
0.515744,0.505981,0.236713,0.0125,0.00486378
0.540226,0.532395,0.278656,0.0225,0.00486378
0.547018,0.537511,0.240624,0.0175,0.00486378
0.507534,0.553682,0.215041,0.0175,0.00486378
0.568532,0.489655,0.196801,0.045,0.00836552
0.587637,0.519249,0.193775,0.025,0.00836552
0.575152,0.495788,0.15401,0.0125,0.00836552
0.543456,0.522129,0.190858,0.0225,0.00836552
0.538202,0.486089,0.176992,0.0175,0.00836552
0.575352,0.454744,0.187594,0.0175,0.00836552
0.789164,0.503001,0.125176,0.045,0.000650242
0.7739,0.500606,0.156977,0.025,0.000650242
0.816112,0.522801,0.153359,0.0125,0.000650242
0.766846,0.537107,0.132756,0.0225,0.000650242
0.80069,0.535495,0.113502,0.0175,0.000650242
0.820891,0.490059,0.111915,0.0175,0.000650242
0.881269,0.359771,0.17592,0.045,0.000469325
0.876935,0.326955,0.188343,0.025,0.000469325
0.919729,0.339526,0.171077,0.0125,0.000469325
0.892851,0.35806,0.21569,0.0225,0.000469325
0.909431,0.379573,0.187742,0.0175,0.000469325
0.889725,0.372697,0.142582,0.0175,0.000469325
0.945256,0.297475,0.201322,0.045,0.000576865
0.928991,0.277519,0.177089,0.025,0.000576865
0.957456,0.2562,0.20907,0.0125,0.000576865
0.909619,0.282853,0.21665,0.0225,0.000576865
0.942771,0.288188,0.23643,0.0175,0.000576865
0.980751,0.303838,0.208366,0.0175,0.000576865
0.269856,0.579947,0.118672,0.045,0.00395051
0.292367,0.564054,0.140825,0.025,0.00395051
0.306093,0.57164,0.0956411,0.0125,0.00395051
0.295094,0.60805,0.13576,0.0225,0.00395051
0.281346,0.608541,0.0992983,0.0175,0.00395051
0.253752,0.568842,0.0875705,0.0175,0.00395051
0.225636,0.658027,0.121963,0.045,0.00262673
0.227997,0.685542,0.0998862,0.025,0.00262673
0.252703,0.645838,0.0898477,0.0125,0.00262673
0.198038,0.65396,0.0912942,0.0225,0.00262673
0.217876,0.625132,0.108445,0.0175,0.00262673
0.25058,0.640629,0.142582,0.0175,0.00262673
0.504735,0.696919,0.13275,0.045,0.00177556
0.526949,0.697787,0.105258,0.025,0.00177556
0.488291,0.669743,0.10269,0.0125,0.00177556
0.491801,0.724867,0.104993,0.0225,0.00177556
0.469159,0.701924,0.126895,0.0175,0.00177556
0.494398,0.669875,0.155371,0.0175,0.00177556
0.566498,0.757066,0.157078,0.045,0.0015189
0.582622,0.749916,0.187719,0.025,0.0015189
0.604074,0.737127,0.14693,0.0125,0.0015189
0.592909,0.787566,0.166614,0.0225,0.0015189
0.585113,0.774141,0.130869,0.0175,0.0015189
0.55378,0.735504,0.130183,0.0175,0.0015189
0.735759,0.73571,0.181019,0.045,0.00128642
0.740634,0.75987,0.206367,0.025,0.00128642
0.778817,0.743114,0.18294,0.0125,0.00128642
0.736649,0.773675,0.164387,0.0225,0.00128642
0.750804,0.741115,0.148317,0.0175,0.00128642
0.747121,0.700952,0.177443,0.0175,0.00128642
0.781104,0.663132,0.12399,0.045,0.000906278
0.77667,0.684575,0.151748,0.025,0.000906278
0.814087,0.654787,0.151467,0.0125,0.000906278
0.803058,0.697893,0.118657,0.0225,0.000906278
0.81353,0.662055,0.107486,0.0175,0.000906278
0.781339,0.626531,0.12078,0.0175,0.000906278
0.848514,0.575753,0.129415,0.045,0.000875605
0.848156,0.543679,0.114544,0.025,0.000875605
0.884599,0.573098,0.104852,0.0125,0.000875605
0.870305,0.549173,0.152597,0.0225,0.000875605
0.878499,0.586833,0.146824,0.0175,0.000875605
0.847576,0.609628,0.115215,0.0175,0.000875605
0.131932,0.667786,0.107195,0.045,0.0031698
0.130335,0.676935,0.0730813,0.025,0.0031698
0.0894774,0.671195,0.097272,0.0125,0.0031698
0.129284,0.709013,0.103719,0.0225,0.0031698
0.113063,0.687125,0.131586,0.0175,0.0031698
0.119986,0.63824,0.125479,0.0175,0.0031698
0.107018,0.955261,0.119559,0.045,0.00209508
0.0795455,0.973556,0.106887,0.025,0.00209508
0.0721806,0.929006,0.122653,0.0125,0.00209508
0.0871774,0.974292,0.150591,0.0225,0.00209508
0.104068,0.939204,0.152093,0.0175,0.00209508
0.123105,0.924066,0.108695,0.0175,0.00209508
0.265984,0.865528,0.044775,0.045,0.00165605
0.265222,0.833687,0.0601237,0.025,0.00165605
0.230681,0.865073,0.0705824,0.0125,0.00165605
0.242079,0.839785,0.022761,0.0225,0.00165605
0.236017,0.877893,0.0282189,0.0175,0.00165605
0.269136,0.899503,0.0584045,0.0175,0.00165605
0.485775,0.860868,0.125882,0.045,0.000829391
0.503094,0.841359,0.149745,0.025,0.000829391
0.525695,0.853815,0.109476,0.0125,0.000829391
0.507672,0.885473,0.151059,0.0225,0.000829391
0.501472,0.891076,0.112994,0.0175,0.000829391
0.475963,0.854423,0.0910656,0.0175,0.000829391
0.693859,0.86188,0.11482,0.045,0.000804124
0.719971,0.87988,0.130445,0.025,0.000804124
0.681421,0.903803,0.11531,0.0125,0.000804124
0.685982,0.865927,0.15532,0.0225,0.000804124
0.659711,0.86652,0.126541,0.0175,0.000804124
0.679534,0.863392,0.0810187,0.0175,0.000804124
0.867845,0.890519,0.0866852,0.045,0.000224199
0.891069,0.904026,0.109667,0.025,0.000224199
0.900677,0.861762,0.0894438,0.0125,0.000224199
0.897017,0.911883,0.0664045,0.0225,0.000224199
0.879686,0.879187,0.0541835,0.0175,0.000224199
0.847737,0.859769,0.0870045,0.0175,0.000224199
0.943397,0.868009,0.0444307,0.045,0.00012937
0.975277,0.867588,0.0597104,0.025,0.00012937
0.97257,0.873687,0.0123503,0.0125,0.00012937
0.95538,0.906712,0.0532169,0.0225,0.00012937
0.934878,0.895427,0.0220549,0.0175,0.00012937
0.927707,0.846274,0.0193022,0.0175,0.00012937
0.943199,0.608442,0.121837,0.045,0.000142082
0.97132,0.613476,0.142667,0.025,0.000142082
0.959253,0.568754,0.130758,0.0125,0.000142082
0.977696,0.609995,0.0988947,0.0225,0.000142082
0.946608,0.587436,0.0923054,0.0175,0.000142082
0.911271,0.59105,0.127136,0.0175,0.000142082
0.214351,-0.760964,0.117957,0.045,0.00140138
0.180937,-0.758484,0.106671,0.025,0.00140138
0.20422,-0.799825,0.100646,0.0125,0.00140138
0.188461,-0.77468,0.147289,0.0225,0.00140138
0.223802,-0.788973,0.139198,0.0175,0.00140138
0.246013,-0.767179,0.100382,0.0175,0.00140138
0.169242,-0.893082,0.0507126,0.045,0.00105428
0.186417,-0.910508,0.0251912,0.025,0.00105428
0.168171,-0.935388,0.0617371,0.0125,0.00105428
0.142316,-0.906615,0.0222419,0.0225,0.00105428
0.136114,-0.904426,0.060654,0.0175,0.00105428
0.175683,-0.889191,0.0866761,0.0175,0.00105428
0.341819,-0.955254,0.125946,0.045,0.00242355
0.372738,-0.968404,0.114944,0.025,0.00242355
0.366888,-0.92094,0.11562,0.0125,0.00242355
0.368555,-0.956886,0.157588,0.0225,0.00242355
0.341726,-0.929293,0.151461,0.0175,0.00242355
0.316162,-0.935001,0.109166,0.0175,0.00242355
0.535805,-0.950232,0.205275,0.045,0.00116495
0.535757,-0.975058,0.180103,0.025,0.00116495
0.559797,-0.983431,0.220593,0.0125,0.00116495
0.505441,-0.977543,0.212407,0.0225,0.00116495
0.527127,-0.959601,0.239361,0.0175,0.00116495
0.562786,-0.930483,0.220506,0.0175,0.00116495
0.675125,-0.879775,0.197111,0.045,0.000492197
0.674546,-0.903568,0.223256,0.025,0.000492197
0.715949,-0.894993,0.2009,0.0125,0.000492197
0.685584,-0.861693,0.232922,0.0225,0.000492197
0.700206,-0.853402,0.197762,0.0175,0.000492197
0.682934,-0.882526,0.161314,0.0175,0.000492197
0.925169,-0.955619,0.180717,0.045,0.000148891
0.924051,-0.974686,0.150965,0.025,0.000148891
0.883088,-0.957858,0.169028,0.0125,0.000148891
0.926153,-0.930481,0.147765,0.0225,0.000148891
0.908332,-0.923361,0.181684,0.0175,0.000148891
0.910832,-0.961003,0.214116,0.0175,0.000148891
0.873915,-0.873421,0.207222,0.045,0.000310815
0.846111,-0.864259,0.187398,0.025,0.000310815
0.852664,-0.910472,0.197834,0.0125,0.000310815
0.840545,-0.868129,0.231247,0.0225,0.000310815
0.868651,-0.894644,0.236323,0.0175,0.000310815
0.903191,-0.894586,0.200518,0.0175,0.000310815
0.40099,-0.530149,0.292641,0.045,0.000944086
0.395464,-0.552052,0.265443,0.025,0.000944086
0.399477,-0.570524,0.309377,0.0125,0.000944086
0.360408,-0.537498,0.288421,0.0225,0.000944086
0.379605,-0.532662,0.321989,0.0175,0.000944086
0.428712,-0.526859,0.31653,0.0175,0.000944086
0.179849,-0.613375,0.123984,0.045,0.0066321
0.204284,-0.595263,0.10596,0.025,0.0066321
0.179155,-0.628946,0.0831243,0.0125,0.0066321
0.162272,-0.581028,0.104919,0.0225,0.0066321
0.146227,-0.616132,0.11031,0.0175,0.0066321
0.176487,-0.649045,0.132129,0.0175,0.0066321
0.439575,-0.7937,0.20963,0.045,0.00165767
0.452251,-0.800613,0.241903,0.025,0.00165767
0.476044,-0.769954,0.213948,0.0125,0.00165767
0.42582,-0.765372,0.236594,0.0225,0.00165767
0.435362,-0.759039,0.199343,0.0175,0.00165767
0.453272,-0.799139,0.175973,0.0175,0.00165767
0.486359,-0.885266,0.166848,0.045,0.00178473
0.495139,-0.893532,0.200083,0.025,0.00178473
0.52796,-0.898699,0.165681,0.0125,0.00178473
0.504291,-0.852729,0.185247,0.0225,0.00178473
0.508028,-0.863031,0.147848,0.0175,0.00178473
0.484458,-0.905226,0.136059,0.0175,0.00178473
0.569925,-0.796373,0.204849,0.045,0.000492919
0.600883,-0.785839,0.218289,0.025,0.000492919
0.600899,-0.818798,0.18363,0.0125,0.000492919
0.585637,-0.765694,0.181813,0.0225,0.000492919
0.565398,-0.796321,0.168731,0.0175,0.000492919
0.553075,-0.829016,0.204145,0.0175,0.000492919
0.776972,-0.769986,0.249435,0.045,0.000316162
0.798109,-0.759624,0.275814,0.025,0.000316162
0.816328,-0.762939,0.231717,0.0125,0.000316162
0.777783,-0.728587,0.251477,0.0225,0.000316162
0.775587,-0.750041,0.219017,0.0175,0.000316162
0.777811,-0.799091,0.227026,0.0175,0.000316162
0.845968,-0.701146,0.203683,0.045,0.000225133
0.864006,-0.73122,0.199186,0.025,0.000225133
0.877029,-0.701667,0.234464,0.0125,0.000225133
0.830436,-0.730753,0.228196,0.0225,0.000225133
0.833389,-0.692864,0.236821,0.0175,0.000225133
0.855848,-0.665817,0.201621,0.0175,0.000225133
0.94493,-0.433446,0.269053,0.045,0.000232797
0.974313,-0.441018,0.2872,0.025,0.000232797
0.951205,-0.476537,0.26502,0.0125,0.000232797
0.977728,-0.432968,0.243699,0.0225,0.000232797
0.941824,-0.445191,0.23474,0.0175,0.000232797
0.90999,-0.444121,0.272956,0.0175,0.000232797
0.487006,-0.505321,0.393329,0.045,0.00189229
0.483642,-0.525167,0.422394,0.025,0.00189229
0.444821,-0.516579,0.395811,0.0125,0.00189229
0.490326,-0.545461,0.383506,0.0225,0.00189229
0.473643,-0.517711,0.361818,0.0175,0.00189229
0.472476,-0.473003,0.38361,0.0175,0.00189229
0.416895,-0.528845,0.444494,0.045,0.00373645
0.412858,-0.56191,0.456343,0.025,0.00373645
0.421619,-0.527086,0.487935,0.0125,0.00373645
0.377469,-0.535154,0.455655,0.0225,0.00373645
0.39763,-0.502073,0.459893,0.0175,0.00373645
0.445179,-0.505421,0.44565,0.0175,0.00373645
0.495389,-0.613475,0.200263,0.045,0.000915527
0.493736,-0.636907,0.226686,0.025,0.000915527
0.515289,-0.594934,0.234508,0.0125,0.000915527
0.462156,-0.605868,0.223852,0.0225,0.000915527
0.484551,-0.579251,0.206282,0.0175,0.000915527
0.523665,-0.598432,0.182257,0.0175,0.000915527
0.615303,-0.669948,0.317227,0.045,0.00131313
0.614352,-0.704966,0.322003,0.025,0.00131313
0.576417,-0.683404,0.302419,0.0125,0.00131313
0.627737,-0.68927,0.282719,0.0225,0.00131313
0.606979,-0.656335,0.28451,0.0175,0.00131313
0.594887,-0.642561,0.33076,0.0175,0.00131313
0.701502,-0.579575,0.216299,0.045,0.000734539
0.716346,-0.581421,0.184264,0.025,0.000734539
0.741409,-0.562102,0.220127,0.0125,0.000734539
0.724148,-0.61416,0.213178,0.0225,0.000734539
0.719915,-0.59216,0.245067,0.0175,0.000734539
0.692639,-0.551182,0.23787,0.0175,0.000734539
0.795696,-0.364476,0.27936,0.045,0.000868018
0.787064,-0.39874,0.280577,0.025,0.000868018
0.769183,-0.369342,0.313796,0.0125,0.000868018
0.759963,-0.370779,0.259306,0.0225,0.000868018
0.769228,-0.339521,0.280657,0.0175,0.000868018
0.813663,-0.342632,0.302813,0.0175,0.000868018
0.875606,-0.338044,0.310897,0.045,0.000727969
0.869992,-0.372876,0.308606,0.025,0.000727969
0.894575,-0.35597,0.345987,0.0125,0.000727969
0.841578,-0.348319,0.332235,0.0225,0.000727969
0.867448,-0.320826,0.341913,0.0175,0.000727969
0.906321,-0.317881,0.311006,0.0175,0.000727969
0.331299,-0.366123,0.193953,0.045,0.000872501
0.34952,-0.350106,0.219671,0.025,0.000872501
0.329549,-0.323251,0.185503,0.0125,0.000872501
0.305613,-0.354477,0.224339,0.0225,0.000872501
0.297709,-0.354449,0.186178,0.0175,0.000872501
0.336143,-0.367847,0.157572,0.0175,0.000872501
0.291977,-0.303437,0.405374,0.045,0.00503772
0.29256,-0.284262,0.435071,0.025,0.00503772
0.33335,-0.303818,0.419538,0.0125,0.00503772
0.30226,-0.264225,0.396689,0.0225,0.00503772
0.316132,-0.296137,0.37914,0.0175,0.00503772
0.299416,-0.338771,0.398579,0.0175,0.00503772
0.497742,-0.292077,0.266776,0.045,0.00163267
0.469824,-0.303566,0.285177,0.025,0.00163267
0.503741,-0.278731,0.307988,0.0125,0.00163267
0.468731,-0.262505,0.268398,0.0225,0.00163267
0.507309,-0.25704,0.269202,0.0175,0.00163267
0.533694,-0.299216,0.269314,0.0175,0.00163267
0.486218,-0.324759,0.349625,0.045,0.00213249
0.511673,-0.343857,0.33422,0.025,0.00213249
0.524224,-0.308749,0.364177,0.0125,0.00213249
0.497441,-0.356007,0.374451,0.0225,0.00213249
0.486925,-0.320218,0.385734,0.0175,0.00213249
0.477693,-0.289053,0.348071,0.0175,0.00213249
0.652326,-0.290298,0.271511,0.045,0.00184886
0.634837,-0.263809,0.287082,0.025,0.00184886
0.637884,-0.264415,0.239355,0.0125,0.00184886
0.611901,-0.299279,0.273497,0.0225,0.00184886
0.636218,-0.308665,0.244525,0.0175,0.00184886
0.682382,-0.291073,0.250392,0.0175,0.00184886
0.802236,-0.14565,0.269968,0.045,0.00118203
0.789715,-0.178713,0.270167,0.025,0.00118203
0.836816,-0.172005,0.265264,0.0125,0.00118203
0.803934,-0.161185,0.308368,0.0225,0.00118203
0.829854,-0.137073,0.292074,0.0175,0.00118203
0.82016,-0.126126,0.244521,0.0175,0.00118203
0.871809,-0.0855188,0.264544,0.045,0.00100243
0.869917,-0.118787,0.27636,0.025,0.00100243
0.909114,-0.105008,0.252669,0.0125,0.00100243
0.889875,-0.0883601,0.30175,0.0225,0.00100243
0.901359,-0.065692,0.272203,0.0175,0.00100243
0.874467,-0.0713768,0.230736,0.0175,0.00100243
0.953983,-0.1298,0.279542,0.045,0.000558971
0.930171,-0.122899,0.304748,0.025,0.000558971
0.976331,-0.114183,0.313735,0.0125,0.000558971
0.942287,-0.090081,0.277454,0.0225,0.000558971
0.977983,-0.104018,0.27036,0.0175,0.000558971
0.98247,-0.152959,0.278081,0.0175,0.000558971
0.240689,0.125934,0.297853,0.045,0.014381
0.269108,0.109954,0.311529,0.025,0.014381
0.263291,0.109825,0.264056,0.0125,0.014381
0.2728,0.152153,0.298323,0.0225,0.014381
0.24519,0.149987,0.270905,0.0175,0.014381
0.212301,0.113379,0.278194,0.0175,0.014381
0.462401,0.0657072,0.262725,0.045,0.00389518
0.48071,0.0677831,0.23255,0.025,0.00389518
0.504457,0.0697346,0.27402,0.0125,0.00389518
0.475805,0.0280578,0.251697,0.0225,0.00389518
0.472753,0.0417166,0.288068,0.0175,0.00389518
0.458001,0.0891573,0.290666,0.0175,0.00389518
0.469687,-0.0214958,0.296865,0.045,0.00589839
0.503508,-0.0317976,0.296953,0.025,0.00589839
0.487446,-0.00534943,0.333422,0.0125,0.00589839
0.473683,-0.0567269,0.318349,0.0225,0.00589839
0.449331,-0.0274019,0.326459,0.0175,0.00589839
0.453923,0.0116827,0.296024,0.0175,0.00589839
0.576678,0.239516,0.192962,0.045,0.00233523
0.570395,0.273055,0.202217,0.025,0.00233523
0.577153,0.262855,0.155981,0.0125,0.00233523
0.536156,0.247697,0.18983,0.0225,0.00233523
0.556891,0.22452,0.166343,0.0175,0.00233523
0.605475,0.223234,0.176972,0.0175,0.00233523
0.710093,0.00958347,0.322025,0.045,0.00313074
0.70902,0.0115867,0.357308,0.025,0.00313074
0.746021,-0.0106016,0.336664,0.0125,0.00313074
0.731425,0.0426932,0.334966,0.0225,0.00313074
0.740368,0.0199006,0.304646,0.0175,0.00313074
0.709795,-0.0189136,0.298834,0.0175,0.00313074
0.804286,0.141428,0.235471,0.045,0.00125254
0.793396,0.111479,0.250783,0.025,0.00125254
0.829017,0.136063,0.271137,0.0125,0.00125254
0.775905,0.149887,0.264483,0.0225,0.00125254
0.807027,0.17161,0.255634,0.0175,0.00125254
0.8365,0.151511,0.220959,0.0175,0.00125254
0.94676,0.0877686,0.282744,0.045,0.0013318
0.920192,0.0715975,0.299556,0.025,0.0013318
0.943995,0.106324,0.322248,0.0125,0.0013318
0.911625,0.109146,0.277522,0.0225,0.0013318
0.947371,0.124143,0.281522,0.0175,0.0013318
0.982732,0.0901518,0.289838,0.0175,0.0013318
0.114482,0.0718403,0.109501,0.045,0.00597773
0.127976,0.0391621,0.10927,0.025,0.00597773
0.124025,0.0626875,0.0678156,0.0125,0.00597773
0.155845,0.0736039,0.111685,0.0225,0.00597773
0.132658,0.0985899,0.0927952,0.0175,0.00597773
0.0844597,0.0863289,0.0940494,0.0175,0.00597773
0.49926,0.326399,0.375624,0.045,0.0055741
0.505295,0.334306,0.409551,0.025,0.0055741
0.540918,0.339484,0.378059,0.0125,0.0055741
0.493069,0.366889,0.382026,0.0225,0.0055741
0.508147,0.350646,0.34997,0.0175,0.0055741
0.513855,0.301323,0.353081,0.0175,0.0055741
0.393127,0.429057,0.373681,0.045,0.185947
0.425223,0.42169,0.38655,0.025,0.185947
0.417291,0.465067,0.368031,0.0125,0.185947
0.395734,0.441484,0.413146,0.0225,0.185947
0.376268,0.459432,0.384551,0.0175,0.185947
0.381398,0.437891,0.340001,0.0175,0.185947
0.5553,0.381275,0.29113,0.045,0.00344971
0.570503,0.412362,0.298374,0.025,0.00344971
0.594498,0.380695,0.271749,0.0125,0.00344971
0.547862,0.408146,0.260448,0.0225,0.00344971
0.553998,0.369855,0.256592,0.0175,0.00344971
0.564579,0.346681,0.299324,0.0175,0.00344971
0.702517,0.377703,0.222944,0.045,0.00328243
0.684969,0.384863,0.252791,0.025,0.00328243
0.684927,0.339962,0.236315,0.0125,0.00328243
0.726807,0.370381,0.255734,0.0225,0.00328243
0.726119,0.349994,0.222527,0.0175,0.00328243
0.691545,0.365241,0.190167,0.0175,0.00328243
0.795065,0.370688,0.198858,0.045,0.00087013
0.768607,0.352897,0.214136,0.025,0.00087013
0.778279,0.397211,0.22931,0.0125,0.00087013
0.759174,0.380065,0.180348,0.0225,0.00087013
0.788941,0.404421,0.186627,0.0175,0.00087013
0.826654,0.384134,0.211949,0.0175,0.00087013
0.859138,0.308601,0.253204,0.045,0.00212565
0.845016,0.329033,0.278366,0.025,0.00212565
0.892643,0.325746,0.275476,0.0125,0.00212565
0.856568,0.34776,0.239835,0.0225,0.00212565
0.885032,0.322423,0.231675,0.0175,0.00212565
0.88025,0.278566,0.254669,0.0175,0.00212565
0.95185,0.23616,0.269032,0.045,0.000684554
0.937939,0.23925,0.301389,0.025,0.000684554
0.981653,0.256929,0.293383,0.0125,0.000684554
0.932858,0.272817,0.27282,0.0225,0.000684554
0.965512,0.26572,0.252767,0.0175,0.000684554
0.981723,0.218834,0.256487,0.0175,0.000684554
0.368409,0.491191,0.301619,0.045,0.0199753
0.349818,0.497149,0.331095,0.025,0.0199753
0.382017,0.529696,0.317261,0.0125,0.0199753
0.334946,0.514043,0.292856,0.0225,0.0199753
0.370031,0.517181,0.276185,0.0175,0.0199753
0.404373,0.486809,0.295503,0.0175,0.0199753
0.480085,0.53722,0.341885,0.045,0.0063829
0.474245,0.5131,0.367066,0.025,0.0063829
0.51605,0.536332,0.36675,0.0125,0.0063829
0.465042,0.555605,0.375862,0.0225,0.0063829
0.491635,0.570374,0.3515,0.0175,0.0063829
0.505004,0.539362,0.314968,0.0175,0.0063829
0.490261,0.661381,0.216794,0.045,0.00375725
0.508706,0.633833,0.20451,0.025,0.00375725
0.522223,0.677966,0.191978,0.0125,0.00375725
0.522534,0.653745,0.241672,0.0225,0.00375725
0.508024,0.688815,0.232821,0.0175,0.00375725
0.470677,0.687529,0.199979,0.0175,0.00375725
0.597313,0.637179,0.126536,0.045,0.00121057
0.623852,0.622584,0.144776,0.025,0.00121057
0.632082,0.663038,0.120625,0.0125,0.00121057
0.599455,0.65406,0.164341,0.0225,0.00121057
0.589857,0.672479,0.131366,0.0175,0.00121057
0.592672,0.643932,0.0907193,0.0175,0.00121057
0.711496,0.529028,0.170437,0.045,0.00107852
0.743285,0.535708,0.184396,0.025,0.00107852
0.723313,0.568562,0.155949,0.0125,0.00107852
0.707251,0.550477,0.20566,0.0225,0.00107852
0.685149,0.553925,0.173748,0.0175,0.00107852
0.69996,0.525451,0.135736,0.0175,0.00107852
0.80796,0.52942,0.210579,0.045,0.00148767
0.795959,0.551884,0.186056,0.025,0.00148767
0.824099,0.568743,0.220863,0.0125,0.00148767
0.835797,0.533277,0.1801,0.0225,0.00148767
0.843586,0.528747,0.218016,0.0175,0.00148767
0.803138,0.527606,0.246958,0.0175,0.00148767
0.892834,0.444833,0.234226,0.045,0.000579073
0.878754,0.449041,0.266383,0.025,0.000579073
0.913006,0.479242,0.25216,0.0125,0.000579073
0.861778,0.472248,0.23259,0.0225,0.000579073
0.89477,0.473506,0.211885,0.0175,0.000579073
0.926969,0.437234,0.222956,0.0175,0.000579073
0.427533,0.425696,0.259393,0.045,0.00937617
0.459725,0.413199,0.251808,0.025,0.00937617
0.454975,0.443916,0.288159,0.0125,0.00937617
0.435642,0.392408,0.282736,0.0225,0.00937617
0.415515,0.423925,0.293706,0.0175,0.00937617
0.413468,0.459639,0.259133,0.0175,0.00937617
0.305689,0.852494,0.124277,0.045,0.00465399
0.288613,0.826186,0.107958,0.025,0.00465399
0.334765,0.820255,0.119014,0.0125,0.00465399
0.290937,0.825703,0.152265,0.0225,0.00465399
0.324593,0.84522,0.154521,0.0175,0.00465399
0.334506,0.873097,0.114527,0.0175,0.00465399
0.4875,0.773018,0.207178,0.045,0.00397298
0.502699,0.790852,0.180703,0.025,0.00397298
0.530335,0.764521,0.20952,0.0125,0.00397298
0.491176,0.748545,0.173917,0.0225,0.00397298
0.494846,0.737587,0.211135,0.0175,0.00397298
0.491157,0.775031,0.243683,0.0175,0.00397298
0.539527,0.861789,0.207962,0.045,0.00156796
0.542244,0.861713,0.172711,0.025,0.00156796
0.533272,0.820444,0.195157,0.0125,0.00156796
0.501969,0.865809,0.190874,0.0225,0.00156796
0.510498,0.846256,0.223488,0.0175,0.00156796
0.559042,0.84523,0.234324,0.0175,0.00156796
0.790194,0.863432,0.123211,0.045,0.000237024
0.796207,0.8809,0.153356,0.025,0.000237024
0.759207,0.894156,0.126101,0.0125,0.000237024
0.767525,0.847049,0.153813,0.0225,0.000237024
0.756759,0.850682,0.116535,0.0175,0.000237024
0.790178,0.874048,0.0880358,0.0175,0.000237024
0.794832,0.804065,0.205896,0.045,0.000959059
0.768456,0.799052,0.2289,0.025,0.000959059
0.811649,0.810889,0.245685,0.0125,0.000959059
0.776603,0.840264,0.214619,0.0225,0.000959059
0.814587,0.834565,0.208024,0.0175,0.000959059
0.826935,0.786897,0.200927,0.0175,0.000959059
0.870043,0.662424,0.141762,0.045,0.000357237
0.892346,0.647651,0.164877,0.025,0.000357237
0.898407,0.693654,0.15328,0.0125,0.000357237
0.856892,0.669296,0.180473,0.0225,0.000357237
0.853919,0.693896,0.150394,0.0175,0.000357237
0.875088,0.677297,0.108545,0.0175,0.000357237
0.955081,0.508836,0.223454,0.045,0.000379063
0.950895,0.487577,0.251392,0.025,0.000379063
0.987514,0.518343,0.251206,0.0125,0.000379063
0.933144,0.528218,0.252811,0.0225,0.000379063
0.959207,0.544589,0.228905,0.0175,0.000379063
0.982106,0.512274,0.1988,0.0175,0.000379063
0.0173502,0.863354,0.053647,0.045,0.00159075
-0.00791118,0.877438,0.0333122,0.025,0.00159075
-0.015872,0.834915,0.0537064,0.0125,0.00159075
-0.00945264,0.884604,0.077073,0.0225,0.00159075
0.00868797,0.851566,0.0869788,0.0175,0.00159075
0.0370257,0.832451,0.0508315,0.0175,0.00159075
0.197519,0.947474,0.123217,0.045,0.00234733
0.226053,0.930152,0.111565,0.025,0.00234733
0.22517,0.977854,0.108217,0.0125,0.00234733
0.226155,0.945649,0.153141,0.0225,0.00234733
0.201928,0.975371,0.146179,0.0175,0.00234733
0.172936,0.968889,0.106274,0.0175,0.00234733
0.407342,0.897831,0.102167,0.045,0.00112254
0.434839,0.88458,0.0843263,0.025,0.00112254
0.443123,0.908259,0.125047,0.0125,0.00112254
0.416943,0.860264,0.116841,0.0225,0.00112254
0.40419,0.89061,0.137705,0.0175,0.00112254
0.397889,0.932188,0.111124,0.0175,0.00112254
0.579971,0.955285,0.0515633,0.045,0.000389286
0.589683,0.935576,0.0792624,0.025,0.000389286
0.617011,0.935106,0.0400135,0.0125,0.000389286
0.606628,0.97639,0.0752852,0.0225,0.000389286
0.604326,0.977692,0.036404,0.0175,0.000389286
0.570589,0.946635,0.0171082,0.0175,0.000389286
0.743259,0.949929,0.105748,0.045,0.000236159
0.771774,0.929359,0.109457,0.025,0.000236159
0.771714,0.972499,0.130109,0.0125,0.000236159
0.740515,0.928161,0.140924,0.0225,0.000236159
0.728139,0.964697,0.135384,0.0175,0.000236159
0.738351,0.98286,0.0902087,0.0175,0.000236159
0.942858,0.955125,0.0982695,0.045,5.30356e-05
0.924255,0.938719,0.123464,0.025,5.30356e-05
0.971211,0.930185,0.120328,0.0125,5.30356e-05
0.944632,0.976821,0.133552,0.0225,5.30356e-05
0.973309,0.972819,0.107469,0.0175,5.30356e-05
0.96209,0.942593,0.0695805,0.0175,5.30356e-05
0.945353,0.886938,0.176705,0.045,0.000229255
0.975314,0.891187,0.158423,0.025,0.000229255
0.959015,0.927716,0.184642,0.0125,0.000229255
0.97797,0.878367,0.200818,0.0225,0.000229255
0.94485,0.89555,0.212069,0.0175,0.000229255
0.912715,0.903726,0.174981,0.0175,0.000229255
0.138831,-0.698348,0.120689,0.045,0.00553768
0.133642,-0.72682,0.140997,0.025,0.00553768
0.0962318,-0.707866,0.118003,0.0125,0.00553768
0.14122,-0.732754,0.0976829,0.0225,0.00553768
0.126352,-0.698511,0.0864952,0.0175,0.00553768
0.125779,-0.664043,0.122364,0.0175,0.00553768
0.156959,-0.955094,0.114567,0.045,0.00202059
0.151814,-0.920141,0.115899,0.025,0.00202059
0.120768,-0.948809,0.138299,0.0125,0.00202059
0.17423,-0.939557,0.148904,0.0225,0.00202059
0.15669,-0.974196,0.145552,0.0175,0.00202059
0.136873,-0.982554,0.100691,0.0175,0.00202059
0.245545,-0.947113,0.127824,0.045,0.00514631
0.226122,-0.963967,0.152086,0.025,0.00514631
0.206616,-0.9272,0.128524,0.0125,0.00514631
0.222746,-0.97661,0.109689,0.0225,0.00514631
0.23162,-0.941784,0.0946173,0.0175,0.00514631
0.257457,-0.912441,0.125381,0.0175,0.00514631
0.478745,-0.929811,0.27151,0.045,0.00192785
0.478744,-0.947053,0.302376,0.025,0.00192785
0.513267,-0.956644,0.270695,0.0125,0.00192785
0.503034,-0.910102,0.298719,0.0225,0.00192785
0.509304,-0.913449,0.260402,0.0175,0.00192785
0.475525,-0.941282,0.236753,0.0175,0.00192785
0.603758,-0.955149,0.263524,0.045,0.000667793
0.576488,-0.940246,0.280384,0.025,0.000667793
0.58471,-0.986929,0.286755,0.0125,0.000667793
0.615366,-0.943364,0.301539,0.0225,0.000667793
0.627499,-0.975149,0.282532,0.0175,0.000667793
0.605689,-0.981812,0.238318,0.0175,0.000667793
0.724101,-0.95518,0.196492,0.045,0.000301013
0.746705,-0.963907,0.222239,0.025,0.000301013
0.764058,-0.95417,0.178747,0.0125,0.000301013
0.73857,-0.920924,0.21482,0.0225,0.000301013
0.730309,-0.925095,0.176964,0.0175,0.000301013
0.715867,-0.971007,0.164372,0.0175,0.000301013
0.854401,-0.955261,0.239768,0.045,0.000120065
0.881927,-0.934792,0.24833,0.025,0.000120065
0.863998,-0.931868,0.204087,0.0125,0.000120065
0.841009,-0.918132,0.252451,0.0225,0.000120065
0.825147,-0.940018,0.224377,0.0175,0.000120065
0.850197,-0.981931,0.214847,0.0175,0.000120065
0.929012,-0.797707,0.213016,0.045,0.000221593
0.947157,-0.767545,0.216337,0.025,0.000221593
0.916879,-0.780103,0.251165,0.0125,0.000221593
0.963722,-0.804395,0.234677,0.0225,0.000221593
0.929234,-0.821586,0.240488,0.0175,0.000221593
0.893037,-0.804826,0.210757,0.0175,0.000221593
0.317914,-0.632231,0.238016,0.045,0.00518829
0.307557,-0.618102,0.268726,0.025,0.00518829
0.343986,-0.597873,0.245248,0.0125,0.00518829
0.290687,-0.601744,0.231089,0.0225,0.00518829
0.321492,-0.610633,0.208935,0.0175,0.00518829
0.349568,-0.647423,0.227189,0.0175,0.00518829
0.30896,-0.872175,0.116874,0.045,0.0027522
0.326255,-0.847213,0.134977,0.025,0.0027522
0.289137,-0.869097,0.155733,0.0125,0.0027522
0.338193,-0.88958,0.140564,0.0225,0.0027522
0.303103,-0.90451,0.132531,0.0175,0.0027522
0.274229,-0.874657,0.105143,0.0175,0.0027522
0.409997,-0.868532,0.248951,0.045,0.00140896
0.396427,-0.890309,0.273274,0.025,0.00140896
0.412002,-0.847255,0.287106,0.0125,0.00140896
0.36965,-0.860542,0.254151,0.0225,0.00140896
0.397604,-0.834366,0.24693,0.0175,0.00140896
0.443379,-0.85374,0.244845,0.0175,0.00140896
0.514954,-0.84998,0.251627,0.045,0.000955145
0.482741,-0.849789,0.266197,0.025,0.000955145
0.520895,-0.845596,0.294731,0.0125,0.000955145
0.50171,-0.810956,0.256152,0.0225,0.000955145
0.538391,-0.823482,0.260201,0.0175,0.000955145
0.543602,-0.872705,0.25521,0.0175,0.000955145
0.695874,-0.794812,0.220087,0.045,0.00025411
0.660971,-0.789191,0.220466,0.025,0.00025411
0.679957,-0.818071,0.253526,0.0125,0.00025411
0.686835,-0.763736,0.245997,0.0225,0.00025411
0.714823,-0.790417,0.250854,0.0175,0.00025411
0.716001,-0.825173,0.215279,0.0175,0.00025411
0.862123,-0.790253,0.272717,0.045,0.00031755
0.885864,-0.795936,0.298293,0.025,0.00031755
0.892913,-0.8161,0.2555,0.0125,0.00031755
0.892953,-0.762691,0.269775,0.0225,0.00031755
0.873652,-0.778966,0.240088,0.0175,0.00031755
0.84,-0.812856,0.254018,0.0175,0.00031755
0.917347,-0.663911,0.163217,0.045,0.000337219
0.903848,-0.677908,0.133689,0.025,0.000337219
0.950598,-0.667909,0.135094,0.0125,0.000337219
0.921601,-0.705144,0.163885,0.0225,0.000337219
0.94689,-0.679114,0.178084,0.0175,0.000337219
0.933799,-0.631787,0.170101,0.0175,0.000337219
0.383786,-0.424824,0.283482,0.045,0.00106394
0.362569,-0.447811,0.267007,0.025,0.00106394
0.398395,-0.464732,0.293795,0.0125,0.00106394
0.353256,-0.436629,0.308923,0.0225,0.00106394
0.39009,-0.428974,0.319091,0.0175,0.00106394
0.419783,-0.418,0.280713,0.0175,0.00106394
0.404502,-0.620647,0.274485,0.045,0.00269078
0.413624,-0.609864,0.242073,0.025,0.00269078
0.423269,-0.581443,0.279312,0.0125,0.00269078
0.443824,-0.63117,0.266625,0.0225,0.00269078
0.4294,-0.619892,0.301027,0.0175,0.00269078
0.381392,-0.606931,0.29954,0.0175,0.00269078
0.485086,-0.585778,0.329402,0.045,0.00219243
0.478358,-0.591805,0.29522,0.025,0.00219243
0.442906,-0.597049,0.326893,0.0125,0.00219243
0.470145,-0.551418,0.311657,0.0225,0.00219243
0.463198,-0.563469,0.348061,0.0175,0.00219243
0.483766,-0.607408,0.359074,0.0175,0.00219243
0.42262,-0.665992,0.198078,0.045,0.00224366
0.404251,-0.679792,0.224951,0.025,0.00224366
0.441788,-0.651816,0.23474,0.0125,0.00224366
0.393658,-0.639136,0.210679,0.0225,0.00224366
0.429336,-0.630217,0.197782,0.0175,0.00224366
0.457574,-0.669846,0.18743,0.0175,0.00224366
0.701838,-0.714489,0.291187,0.045,0.00103492
0.667838,-0.715079,0.281511,0.025,0.00103492
0.682301,-0.744366,0.316449,0.0125,0.00103492
0.67978,-0.689149,0.315478,0.0225,0.00103492
0.710122,-0.711001,0.326461,0.0175,0.00103492
0.728257,-0.74001,0.290342,0.0175,0.00103492
0.786978,-0.491048,0.223087,0.045,0.000424102
0.817551,-0.504485,0.21148,0.025,0.000424102
0.815938,-0.485632,0.255406,0.0125,0.000424102
0.790637,-0.530492,0.235314,0.0225,0.000424102
0.774273,-0.501492,0.255561,0.0175,0.000424102
0.777107,-0.457135,0.233211,0.0175,0.000424102
0.870289,-0.519168,0.255257,0.045,0.00061282
0.865592,-0.544147,0.279833,0.025,0.00061282
0.857089,-0.498548,0.291493,0.0125,0.00061282
0.830656,-0.531325,0.255671,0.0225,0.00061282
0.843622,-0.495161,0.24913,0.0175,0.00061282
0.892959,-0.490319,0.253307,0.0175,0.00061282
0.955097,-0.377355,0.338343,0.045,0.000421161
0.97269,-0.407843,0.335031,0.025,0.000421161
0.965122,-0.390323,0.378887,0.0125,0.000421161
0.928849,-0.409267,0.341716,0.0225,0.000421161
0.926891,-0.375623,0.361286,0.0175,0.000421161
0.964669,-0.344615,0.351998,0.0175,0.000421161
0.455902,-0.464438,0.31964,0.045,0.00103428
0.427148,-0.453032,0.33676,0.025,0.00103428
0.447769,-0.493748,0.351062,0.0125,0.00103428
0.467075,-0.441969,0.352641,0.0225,0.00103428
0.485506,-0.473406,0.338829,0.0175,0.00103428
0.462679,-0.494858,0.30018,0.0175,0.00103428
0.478672,-0.437314,0.451662,0.045,0.00163159
0.479302,-0.455483,0.481985,0.025,0.00163159
0.496458,-0.410839,0.481583,0.0125,0.00163159
0.444749,-0.428837,0.473935,0.0225,0.00163159
0.464396,-0.403831,0.45141,0.0175,0.00163159
0.505345,-0.423113,0.430761,0.0175,0.00163159
0.531158,-0.420363,0.341317,0.045,0.000209215
0.55691,-0.401821,0.356907,0.025,0.000209215
0.514238,-0.404408,0.378353,0.0125,0.000209215
0.551284,-0.44426,0.36857,0.0225,0.000209215
0.513128,-0.445337,0.360714,0.0175,0.000209215
0.498207,-0.410763,0.328202,0.0175,0.000209215
0.603621,-0.373862,0.313177,0.045,0.00132116
0.614751,-0.380951,0.345978,0.025,0.00132116
0.628818,-0.340214,0.325238,0.0125,0.00132116
0.578259,-0.356239,0.340835,0.0225,0.00132116
0.588502,-0.341483,0.306251,0.0175,0.00132116
0.621526,-0.369204,0.281432,0.0175,0.00132116
0.750956,-0.267462,0.260987,0.045,0.00121315
0.747097,-0.269733,0.225917,0.025,0.00121315
0.708437,-0.274597,0.253653,0.0125,0.00121315
0.740656,-0.230425,0.245465,0.0225,0.00121315
0.729259,-0.245047,0.279744,0.0175,0.00121315
0.74501,-0.291483,0.288147,0.0175,0.00121315
0.822178,-0.264175,0.330217,0.045,0.00100237
0.822392,-0.286184,0.357886,0.025,0.00100237
0.785187,-0.256654,0.352298,0.0125,0.00100237
0.801697,-0.298962,0.320776,0.0225,0.00100237
0.792755,-0.262964,0.30882,0.0175,0.00100237
0.822079,-0.227516,0.327754,0.0175,0.00100237
0.876345,-0.183278,0.305401,0.045,0.000888908
0.86915,-0.21771,0.301844,0.025,0.000888908
0.898111,-0.203826,0.337284,0.0125,0.000888908
0.844323,-0.19361,0.329621,0.0225,0.000888908
0.872122,-0.16761,0.337984,0.0175,0.000888908
0.907681,-0.164203,0.303358,0.0175,0.000888908
0.3138,-0.246704,0.311718,0.045,0.00297765
0.345875,-0.243304,0.29724,0.025,0.00297765
0.338405,-0.22549,0.340993,0.0125,0.00297765
0.338147,-0.278021,0.323769,0.0225,0.00297765
0.310939,-0.260335,0.345349,0.0175,0.00297765
0.288799,-0.222056,0.322555,0.0175,0.00297765
0.357522,-0.173565,0.367112,0.045,0.00768095
0.358289,-0.138249,0.368606,0.025,0.00768095
0.320299,-0.161186,0.386444,0.0125,0.00768095
0.372845,-0.161283,0.403624,0.0225,0.00768095
0.350202,-0.192384,0.397398,0.0175,0.00768095
0.334905,-0.19714,0.350298,0.0175,0.00768095
0.512788,-0.135843,0.365971,0.045,0.00720592
0.498281,-0.161889,0.384974,0.025,0.00720592
0.514189,-0.122948,0.407735,0.0125,0.00720592
0.472456,-0.128272,0.37187,0.0225,0.00720592
0.500989,-0.101749,0.370805,0.0175,0.00720592
0.54649,-0.121211,0.36571,0.0175,0.00720592
0.546666,-0.0462761,0.351206,0.045,0.00603216
0.554285,-0.0177982,0.370724,0.025,0.00603216
0.510188,-0.0222024,0.352734,0.0125,0.00603216
0.536033,-0.0529542,0.390716,0.0225,0.00603216
0.516996,-0.0657805,0.359223,0.0175,0.00603216
0.53642,-0.050229,0.316143,0.0175,0.00603216
0.623284,0.00726032,0.345549,0.045,0.00307181
0.634657,0.0325303,0.367505,0.025,0.00307181
0.664553,-0.00292795,0.355825,0.0125,0.00307181
0.64289,0.036843,0.324119,0.0225,0.00307181
0.643517,-0.00138074,0.316549,0.0175,0.00307181
0.618753,-0.0289608,0.349732,0.0175,0.00307181
0.79522,0.025197,0.347965,0.045,0.000962732
0.797839,0.0593846,0.356588,0.025,0.000962732
0.834261,0.038638,0.333554,0.0125,0.000962732
0.782751,0.0487813,0.316231,0.0225,0.000962732
0.802076,0.0150349,0.313691,0.0175,0.000962732
0.814757,-0.00435329,0.357717,0.0175,0.000962732
0.877569,-0.00498676,0.325884,0.045,0.00140989
0.881973,-0.0243095,0.296605,0.025,0.00140989
0.920638,-0.011186,0.321511,0.0125,0.00140989
0.879443,-0.0452342,0.33565,0.0225,0.00140989
0.89367,-0.0156993,0.356722,0.0175,0.00140989
0.888597,0.0288243,0.335114,0.0175,0.00140989
0.945311,-0.0652618,0.341284,0.045,0.00139951
0.930596,-0.0964987,0.348882,0.025,0.00139951
0.961008,-0.077165,0.380328,0.0125,0.00139951
0.911155,-0.0596296,0.364096,0.0225,0.00139951
0.943893,-0.0385742,0.365997,0.0175,0.00139951
0.980197,-0.0549278,0.336171,0.0175,0.00139951
0.372222,0.191175,0.330947,0.045,0.0207588
0.387894,0.222082,0.337954,0.025,0.0207588
0.372759,0.213573,0.29339,0.0125,0.0207588
0.343627,0.219808,0.33996,0.0225,0.0207588
0.340105,0.191123,0.313816,0.0175,0.0207588
0.381103,0.16344,0.308543,0.0175,0.0207588
0.495093,0.166872,0.345812,0.045,0.00271792
0.507626,0.137125,0.360236,0.025,0.00271792
0.465662,0.154195,0.375571,0.0125,0.00271792
0.47953,0.133921,0.326044,0.0225,0.00271792
0.460932,0.167401,0.333253,0.0175,0.00271792
0.487487,0.199929,0.359932,0.0175,0.00271792
0.433082,0.366348,0.428378,0.045,0.165276
0.443264,0.393203,0.448996,0.025,0.165276
0.429929,0.352166,0.469626,0.0125,0.165276
0.473432,0.362867,0.437235,0.0225,0.165276
0.448047,0.333548,0.433396,0.0175,0.165276
0.401245,0.348286,0.425189,0.0175,0.165276
0.603664,0.393367,0.216475,0.045,0.00471141
0.588962,0.41671,0.238588,0.025,0.00471141
0.601267,0.43122,0.194707,0.0125,0.00471141
0.562693,0.394822,0.210311,0.0225,0.00471141
0.58997,0.389729,0.182946,0.0175,0.00471141
0.636576,0.392033,0.200195,0.0175,0.00471141
0.730552,0.28873,0.214191,0.045,0.0030465
0.760829,0.273874,0.224803,0.025,0.0030465
0.754586,0.320785,0.231723,0.0125,0.0030465
0.727776,0.27794,0.254124,0.0225,0.0030465
0.711872,0.309439,0.237583,0.0175,0.0030465
0.723144,0.314845,0.18943,0.0175,0.0030465
0.775654,0.320104,0.285067,0.045,0.00128363
0.781378,0.321378,0.319932,0.025,0.00128363
0.807926,0.348959,0.291262,0.0125,0.00128363
0.75371,0.350999,0.301881,0.0225,0.00128363
0.770713,0.351208,0.266815,0.0175,0.00128363
0.796956,0.310138,0.256837,0.0175,0.00128363
0.87866,0.183458,0.265447,0.045,0.000844148
0.881938,0.161755,0.23773,0.025,0.000844148
0.910444,0.200065,0.240417,0.0125,0.000844148
0.908239,0.15538,0.272892,0.0225,0.000844148
0.908398,0.192635,0.284327,0.0175,0.000844148
0.869361,0.2189,0.268163,0.0175,0.000844148
0.392956,0.335136,0.228207,0.045,0.0052527
0.399846,0.334266,0.19354,0.025,0.0052527
0.35779,0.351714,0.20818,0.0125,0.0052527
0.408833,0.371445,0.216027,0.0225,0.0052527
0.381334,0.36623,0.243145,0.0175,0.0052527
0.367194,0.318861,0.248735,0.0175,0.0052527
0.39992,0.518238,0.381222,0.045,0.0338377
0.388785,0.537562,0.353789,0.025,0.0338377
0.429595,0.549847,0.375494,0.0125,0.0338377
0.417444,0.504542,0.346235,0.0225,0.0338377
0.434165,0.505897,0.381411,0.0175,0.0338377
0.405599,0.526433,0.416585,0.0175,0.0338377
0.452604,0.611056,0.415898,0.045,0.00471645
0.451894,0.618716,0.450407,0.025,0.00471645
0.487225,0.636638,0.423611,0.0125,0.00471645
0.432955,0.64705,0.421994,0.0225,0.00471645
0.455988,0.638162,0.39184,0.0175,0.00471645
0.476974,0.593168,0.395015,0.0175,0.00471645
0.576416,0.592875,0.201832,0.045,0.00194349
0.559279,0.623004,0.194865,0.025,0.00194349
0.535712,0.587745,0.216978,0.0125,0.00194349
0.578369,0.618163,0.234626,0.0225,0.00194349
0.575333,0.579322,0.235598,0.0175,0.00194349
0.571119,0.558253,0.190728,0.0175,0.00194349
0.65491,0.460903,0.186861,0.045,0.00297143
0.679908,0.437615,0.195957,0.025,0.00297143
0.692168,0.47509,0.168887,0.0125,0.00297143
0.674323,0.47368,0.221192,0.0225,0.00297143
0.660897,0.496364,0.192488,0.0175,0.00297143
0.641329,0.471182,0.154305,0.0175,0.00297143
0.752382,0.452403,0.202345,0.045,0.000748152
0.736838,0.438983,0.231125,0.025,0.000748152
0.766717,0.475973,0.236279,0.0125,0.000748152
0.717707,0.473487,0.210821,0.0225,0.000748152
0.750789,0.488297,0.196505,0.0175,0.000748152
0.787599,0.455105,0.192222,0.0175,0.000748152
0.810472,0.427758,0.266299,0.045,0.00132961
0.817496,0.441077,0.298288,0.025,0.00132961
0.840934,0.458586,0.260451,0.0125,0.00132961
0.787177,0.461383,0.273046,0.0225,0.00132961
0.8027,0.450531,0.238986,0.0175,0.00132961
0.831246,0.409886,0.241825,0.0175,0.00132961
0.95516,0.380053,0.234936,0.045,0.000518496
0.965615,0.352247,0.254108,0.025,0.000518496
0.986944,0.394447,0.2613,0.0125,0.000518496
0.934686,0.379222,0.270976,0.0225,0.000518496
0.946645,0.411074,0.25197,0.0175,0.000518496
0.97268,0.401396,0.210697,0.0175,0.000518496
0.378371,0.688479,0.31032,0.045,0.00382738
0.362278,0.657049,0.308545,0.025,0.00382738
0.361497,0.685472,0.270086,0.0125,0.00382738
0.404227,0.660229,0.294442,0.0225,0.00382738
0.401962,0.697761,0.284198,0.0175,0.00382738
0.365845,0.722898,0.307409,0.0175,0.00382738
0.550151,0.75958,0.276081,0.045,0.00323798
0.526471,0.781006,0.291253,0.025,0.00323798
0.5418,0.791272,0.247127,0.0125,0.00323798
0.511805,0.7484,0.264975,0.0225,0.00323798
0.543653,0.746964,0.242561,0.0175,0.00323798
0.584546,0.765046,0.264373,0.0175,0.00323798
0.576638,0.687151,0.219275,0.045,0.00140954
0.610908,0.690199,0.227416,0.025,0.00140954
0.597063,0.699188,0.182527,0.0125,0.00140954
0.58538,0.726447,0.229182,0.0225,0.00140954
0.560055,0.71459,0.202038,0.0175,0.00140954
0.558596,0.665236,0.195947,0.0175,0.00140954
0.623289,0.880979,0.175048,0.045,0.000933057
0.614216,0.876147,0.208876,0.025,0.000933057
0.611665,0.838993,0.178866,0.0125,0.000933057
0.655871,0.867068,0.19658,0.0225,0.000933057
0.64708,0.858109,0.159686,0.0175,0.000933057
0.604381,0.878003,0.143685,0.0175,0.000933057
0.660533,0.680776,0.173845,0.045,0.00131214
0.661839,0.663239,0.143173,0.025,0.00131214
0.648682,0.70922,0.142814,0.0125,0.00131214
0.697408,0.686564,0.155804,0.0225,0.00131214
0.67753,0.712845,0.17661,0.0175,0.00131214
0.632954,0.696949,0.191952,0.0175,0.00131214
0.812572,0.621467,0.197815,0.045,0.00129666
0.78913,0.596686,0.207113,0.025,0.00129666
0.828604,0.602065,0.233578,0.0125,0.00129666
0.78624,0.636755,0.225952,0.0225,0.00129666
0.824181,0.645127,0.222923,0.0175,0.00129666
0.847732,0.619578,0.18732,0.0175,0.00129666
0.892872,0.581424,0.207226,0.045,0.000916141
0.9141,0.565085,0.2303,0.025,0.000916141
0.905771,0.544305,0.188035,0.0125,0.000916141
0.932387,0.591364,0.199579,0.0225,0.000916141
0.904333,0.586255,0.173016,0.0175,0.000916141
0.86071,0.571958,0.192191,0.0175,0.000916141
0.409157,0.608452,0.337269,0.045,0.00393565
0.411226,0.631941,0.363612,0.025,0.00393565
0.446497,0.600056,0.358429,0.0125,0.00393565
0.431155,0.641425,0.32512,0.0225,0.00393565
0.437622,0.604364,0.314953,0.0175,0.00393565
0.40713,0.571767,0.336923,0.0175,0.00393565
0.190997,0.856832,0.111045,0.045,0.00233627
0.222713,0.84206,0.105958,0.025,0.00233627
0.19286,0.84577,0.0687757,0.0125,0.00233627
0.217987,0.885444,0.0979455,0.0225,0.00233627
0.180154,0.883523,0.0887962,0.0175,0.00233627
0.156803,0.84383,0.107617,0.0175,0.00233627
0.294422,0.943394,0.117733,0.045,0.000872051
0.275209,0.944544,0.14739,0.025,0.000872051
0.317446,0.966967,0.146486,0.0125,0.000872051
0.271178,0.977719,0.118203,0.0225,0.000872051
0.307222,0.974467,0.103746,0.0175,0.000872051
0.327643,0.929575,0.110286,0.0175,0.000872051
0.571557,0.950073,0.147445,0.045,0.000547742
0.548139,0.975059,0.156236,0.025,0.000547742
0.59337,0.987977,0.147592,0.0125,0.000547742
0.555469,0.96705,0.113215,0.0225,0.000547742
0.592179,0.95481,0.117826,0.0175,0.000547742
0.60235,0.938225,0.163613,0.0175,0.000547742
0.660847,0.955042,0.140481,0.045,0.000419887
0.685827,0.930256,0.143893,0.025,0.000419887
0.698987,0.976235,0.143419,0.0125,0.000419887
0.668914,0.948525,0.180621,0.0225,0.000419887
0.660042,0.982702,0.16413,0.0175,0.000419887
0.654588,0.980492,0.11473,0.0175,0.000419887
0.858873,0.955287,0.148007,0.045,0.000188251
0.873161,0.967177,0.178082,0.025,0.000188251
0.841583,0.931321,0.180244,0.0125,0.000188251
0.892108,0.932536,0.157838,0.0225,0.000188251
0.859394,0.91955,0.141107,0.0175,0.000188251
0.824256,0.954356,0.135727,0.0175,0.000188251
0.865036,0.847022,0.170239,0.045,0.000481183
0.877827,0.814208,0.167135,0.025,0.000481183
0.904787,0.85087,0.152418,0.0125,0.000481183
0.888052,0.837618,0.203414,0.0225,0.000481183
0.885478,0.87252,0.18627,0.0175,0.000481183
0.857067,0.872928,0.145433,0.0175,0.000481183
0.950597,0.684813,0.175273,0.045,0.000400895
0.933268,0.687082,0.206007,0.025,0.000400895
0.949331,0.644337,0.191784,0.0125,0.000400895
0.977568,0.689563,0.206398,0.0225,0.000400895
0.982867,0.667996,0.174374,0.0175,0.000400895
0.943418,0.666757,0.144088,0.0175,0.000400895
0.361091,-0.750752,0.201254,0.045,0.00251226
0.379156,-0.764337,0.22844,0.025,0.00251226
0.382399,-0.717398,0.219854,0.0125,0.00251226
0.338878,-0.747372,0.236095,0.0225,0.00251226
0.339968,-0.72164,0.206848,0.0175,0.00251226
0.371751,-0.733676,0.170517,0.0175,0.00251226
0.399603,-0.953735,0.416262,0.045,0.0011607
0.430069,-0.949817,0.398755,0.025,0.0011607
0.397601,-0.980563,0.381783,0.0125,0.0011607
0.395125,-0.925514,0.386224,0.0225,0.0011607
0.368242,-0.951172,0.397961,0.0175,0.0011607
0.384249,-0.982576,0.433068,0.0175,0.0011607
0.447001,-0.945933,0.492264,0.045,0.00147832
0.463674,-0.974345,0.479427,0.025,0.00147832
0.487629,-0.93306,0.482456,0.0125,0.00147832
0.467533,-0.965224,0.522678,0.0225,0.00147832
0.46273,-0.926736,0.518892,0.0175,0.00147832
0.438645,-0.913356,0.477469,0.0175,0.00147832
0.541095,-0.954505,0.338846,0.045,0.00104319
0.507615,-0.954015,0.350198,0.025,0.00104319
0.542584,-0.944255,0.381334,0.0125,0.00104319
0.526043,-0.915929,0.336834,0.0225,0.00104319
0.56258,-0.925987,0.345924,0.0175,0.00104319
0.570066,-0.975121,0.3481,0.0175,0.00104319
0.612598,-0.865787,0.260142,0.045,0.000724065
0.64195,-0.883901,0.267908,0.025,0.000724065
0.635393,-0.84103,0.288071,0.0125,0.000724065
0.606836,-0.887894,0.294737,0.0225,0.000724065
0.59232,-0.852501,0.287295,0.0175,0.000724065
0.607143,-0.833305,0.243858,0.0175,0.000724065
0.776448,-0.923316,0.270708,0.045,0.000372405
0.752751,-0.900229,0.283175,0.025,0.000372405
0.782817,-0.921165,0.31392,0.0125,0.000372405
0.793358,-0.885532,0.272988,0.0225,0.000372405
0.811469,-0.919358,0.279813,0.0175,0.000372405
0.781738,-0.959141,0.276919,0.0175,0.000372405
0.90613,-0.872187,0.290955,0.045,0.000234045
0.941367,-0.869478,0.289954,0.025,0.000234045
0.917087,-0.868798,0.248753,0.0125,0.000234045
0.917229,-0.832249,0.290231,0.0225,0.000234045
0.886007,-0.84783,0.272876,0.0175,0.000234045
0.882845,-0.897257,0.277564,0.0175,0.000234045
0.37249,-0.593667,0.165771,0.045,0.00258293
0.406131,-0.590679,0.155314,0.025,0.00258293
0.387676,-0.634416,0.161144,0.0125,0.00258293
0.374632,-0.595227,0.124397,0.0225,0.00258293
0.349992,-0.615257,0.14699,0.0175,0.00258293
0.357097,-0.608328,0.195739,0.0175,0.00258293
0.454023,-0.674766,0.326396,0.045,0.00280462
0.475313,-0.653731,0.345219,0.025,0.00280462
0.494408,-0.690981,0.322083,0.0125,0.00280462
0.470268,-0.645523,0.301907,0.0225,0.00280462
0.462739,-0.682425,0.291894,0.0175,0.00280462
0.445591,-0.710411,0.329281,0.0175,0.00280462
0.257683,-0.685027,0.096981,0.045,0.00447593
0.265357,-0.677969,0.0631982,0.025,0.00447593
0.25144,-0.64208,0.0915856,0.0125,0.00447593
0.29722,-0.673001,0.0936749,0.0225,0.00447593
0.273051,-0.66495,0.123168,0.0175,0.00447593
0.226729,-0.681833,0.116517,0.0175,0.00447593
0.480414,-0.723802,0.248602,0.045,0.00104392
0.459663,-0.747604,0.264502,0.025,0.00104392
0.478505,-0.712352,0.290765,0.0125,0.00104392
0.441372,-0.709915,0.249882,0.0225,0.00104392
0.473646,-0.688372,0.253498,0.0175,0.00104392
0.515763,-0.714849,0.253108,0.0175,0.00104392
0.637051,-0.783576,0.286902,0.045,0.000994928
0.664612,-0.805668,0.288415,0.025,0.000994928
0.664148,-0.767497,0.317229,0.0125,0.000994928
0.630988,-0.811729,0.316725,0.0225,0.000994928
0.620096,-0.774325,0.317756,0.0175,0.000994928
0.634274,-0.748046,0.277965,0.0175,0.000994928
0.776487,-0.646975,0.240558,0.045,0.000826415
0.811198,-0.652679,0.244111,0.025,0.000826415
0.787897,-0.630128,0.279268,0.0125,0.000826415
0.782966,-0.682215,0.261411,0.0225,0.000826415
0.754111,-0.656751,0.267553,0.0175,0.000826415
0.756513,-0.616183,0.238857,0.0175,0.000826415
0.860425,-0.606899,0.224607,0.045,0.000611193
0.831001,-0.603746,0.243953,0.025,0.000611193
0.859847,-0.641057,0.251909,0.0125,0.000611193
0.868859,-0.587125,0.260055,0.0225,0.000611193
0.892217,-0.612216,0.241519,0.0175,0.000611193
0.871858,-0.632586,0.200953,0.0175,0.000611193
0.947965,-0.587779,0.227482,0.045,0.000302148
0.96182,-0.594629,0.25928,0.025,0.000302148
0.988096,-0.603621,0.220341,0.0125,0.000302148
0.970252,-0.55533,0.240485,0.0225,0.000302148
0.967145,-0.567941,0.203742,0.0175,0.000302148
0.939967,-0.609318,0.198809,0.0175,0.000302148
0.307754,-0.507363,0.317641,0.045,0.00180491
0.339676,-0.509347,0.332708,0.025,0.00180491
0.329861,-0.471995,0.304495,0.0125,0.00180491
0.307935,-0.486117,0.35324,0.0225,0.00180491
0.28861,-0.476562,0.320775,0.0175,0.00180491
0.296919,-0.507279,0.282533,0.0175,0.00180491
0.391185,-0.573356,0.370673,0.045,0.00293964
0.366299,-0.591231,0.388313,0.025,0.00293964
0.380213,-0.54864,0.405042,0.0125,0.00293964
0.353549,-0.561176,0.358265,0.0225,0.00293964
0.385081,-0.538562,0.361889,0.0175,0.00293964
0.424936,-0.56221,0.37998,0.0175,0.00293964
0.544319,-0.568103,0.422465,0.045,0.000425612
0.567596,-0.565211,0.44892,0.025,0.000425612
0.584025,-0.571257,0.404411,0.0125,0.000425612
0.556467,-0.528657,0.426365,0.0225,0.000425612
0.548335,-0.547097,0.39301,0.0175,0.000425612
0.537049,-0.595208,0.398749,0.0175,0.000425612
0.634373,-0.555972,0.271403,0.045,0.000695147
0.655853,-0.562706,0.298666,0.025,0.000695147
0.669329,-0.530199,0.266274,0.0125,0.000695147
0.627204,-0.528994,0.302055,0.0225,0.000695147
0.625684,-0.52144,0.263853,0.0175,0.000695147
0.638444,-0.559987,0.235109,0.0175,0.000695147
0.662395,-0.377,0.235176,0.045,0.00148482
0.638934,-0.350959,0.239805,0.025,0.00148482
0.659368,-0.370598,0.278331,0.0125,0.00148482
0.682027,-0.34058,0.237812,0.0225,0.00148482
0.694803,-0.374721,0.251594,0.0175,0.00148482
0.66266,-0.412222,0.245634,0.0175,0.00148482
0.719117,-0.457411,0.277289,0.045,0.00114245
0.69008,-0.47736,0.27431,0.025,0.00114245
0.69962,-0.4454,0.240032,0.0125,0.00114245
0.727329,-0.491016,0.254442,0.0225,0.00114245
0.742111,-0.455348,0.249147,0.0175,0.00114245
0.724005,-0.421127,0.28039,0.0175,0.00114245
0.854043,-0.317825,0.41151,0.045,0.00101463
0.832706,-0.331423,0.386815,0.025,0.00101463
0.856514,-0.361296,0.415595,0.0125,0.00101463
0.816544,-0.325054,0.427643,0.0225,0.00101463
0.850707,-0.329156,0.44594,0.0175,0.00101463
0.890269,-0.320419,0.41707,0.0175,0.00101463
0.404452,-0.286976,0.261657,0.045,0.00390991
0.420029,-0.268928,0.235548,0.025,0.00390991
0.442331,-0.307248,0.253485,0.0125,0.00390991
0.395014,-0.304046,0.225074,0.0225,0.00390991
0.400964,-0.323076,0.258559,0.0175,0.00390991
0.414303,-0.29368,0.296413,0.0175,0.00390991
0.250744,-0.343694,0.336435,0.045,0.00476767
0.222742,-0.322182,0.338196,0.025,0.00476767
0.215403,-0.369436,0.337377,0.0125,0.00476767
0.239629,-0.338156,0.37599,0.0225,0.00476767
0.253587,-0.371002,0.360335,0.0175,0.00476767
0.261572,-0.368218,0.311309,0.0175,0.00476767
0.422455,-0.406649,0.388735,0.045,0.00073521
0.431021,-0.391898,0.419703,0.025,0.00073521
0.389894,-0.379252,0.39882,0.0125,0.00073521
0.405265,-0.428028,0.419819,0.0225,0.00073521
0.389486,-0.421562,0.384776,0.0175,0.00073521
0.417055,-0.392527,0.355247,0.0175,0.00073521
0.501919,-0.239578,0.37993,0.045,0.00332201
0.47121,-0.256031,0.373908,0.025,0.00332201
0.489052,-0.256194,0.418282,0.0125,0.00332201
0.470334,-0.213945,0.387936,0.0225,0.00332201
0.504103,-0.21569,0.407309,0.0175,0.00332201
0.534618,-0.251674,0.391527,0.0175,0.00332201
0.669328,-0.0675192,0.365447,0.045,0.00300698
0.683609,-0.0765453,0.396504,0.025,0.00300698
0.71191,-0.0579316,0.362739,0.0125,0.00300698
0.670278,-0.0346292,0.390668,0.0225,0.00300698
0.675667,-0.0342634,0.352073,0.0175,0.00300698
0.675107,-0.0794014,0.331163,0.0175,0.00300698
0.719525,-0.113228,0.303394,0.045,0.00264649
0.717335,-0.0816145,0.287716,0.025,0.00264649
0.678479,-0.0993247,0.309258,0.0125,0.00264649
0.726648,-0.0831932,0.33107,0.0225,0.00264649
0.708009,-0.116761,0.337744,0.0175,0.00264649
0.702362,-0.145133,0.29727,0.0175,0.00264649
0.848395,-0.107179,0.353148,0.045,0.00234398
0.842022,-0.0771964,0.335529,0.025,0.00234398
0.85743,-0.115349,0.311147,0.0125,0.00234398
0.809778,-0.10757,0.338073,0.0225,0.00234398
0.833655,-0.138217,0.341135,0.0175,0.00234398
0.878989,-0.126887,0.358206,0.0175,0.00234398
0.949574,-0.16279,0.362924,0.045,0.000184272
0.949527,-0.181551,0.392891,0.025,0.000184272
0.920892,-0.143382,0.389628,0.0125,0.000184272
0.91934,-0.191135,0.361816,0.0225,0.000184272
0.917852,-0.155222,0.346755,0.0175,0.000184272
0.958489,-0.127912,0.355575,0.0175,0.000184272
0.336933,0.112138,0.294525,0.045,0.00476463
0.310098,0.100566,0.274625,0.025,0.00476463
0.301544,0.13443,0.3073,0.0125,0.00476463
0.332291,0.136643,0.261409,0.0225,0.00476463
0.342801,0.147963,0.297188,0.0175,0.00476463
0.343076,0.111231,0.330739,0.0175,0.00476463
0.180919,0.0248108,0.30749,0.045,0.0148833
0.168133,0.0405839,0.278547,0.025,0.0148833
0.146224,0.0480981,0.320392,0.0125,0.0148833
0.196878,0.0629076,0.303927,0.0225,0.0148833
0.187408,0.0448822,0.337156,0.0175,0.0148833
0.166529,0.000195235,0.330664,0.0175,0.0148833
0.531373,0.0544214,0.322331,0.045,0.0050696
0.521521,0.0383464,0.292423,0.025,0.0050696
0.511647,0.0848268,0.297859,0.0125,0.0050696
0.560546,0.0594425,0.293306,0.0225,0.0050696
0.550151,0.0855394,0.320318,0.0175,0.0050696
0.51225,0.070902,0.349028,0.0175,0.0050696
0.641596,0.260083,0.278208,0.045,0.00151826
0.675988,0.253456,0.283031,0.025,0.00151826
0.644597,0.236219,0.314732,0.0125,0.00151826
0.651447,0.223502,0.261369,0.0225,0.00151826
0.617955,0.232421,0.279189,0.0175,0.00151826
0.616849,0.27833,0.298324,0.0175,0.00151826
0.727542,0.197497,0.272641,0.045,0.00231361
0.696369,0.198314,0.289302,0.025,0.00231361
0.697278,0.187262,0.242777,0.0125,0.00231361
0.717667,0.159526,0.286035,0.0225,0.00231361
0.736277,0.168184,0.252907,0.0175,0.00231361
0.741152,0.216997,0.244632,0.0175,0.00231361
0.861604,0.14155,0.342992,0.045,0.0012117
0.849042,0.155038,0.373163,0.025,0.0012117
0.859842,0.184886,0.337385,0.0125,0.0012117
0.820488,0.146175,0.340378,0.0225,0.0012117
0.846154,0.15127,0.311499,0.0175,0.0012117
0.893597,0.14577,0.325424,0.0175,0.0012117
0.954855,0.0322485,0.352799,0.045,0.0026405
0.971721,0.00238545,0.344213,0.025,0.0026405
0.985408,0.0260372,0.383465,0.0125,0.0026405
0.937771,0.00013677,0.372692,0.0225,0.0026405
0.942132,0.0362533,0.386668,0.0175,0.0026405
0.96619,0.0670613,0.355894,0.0175,0.0026405
0.090847,0.225081,0.116117,0.045,0.00230935
0.10535,0.211207,0.145223,0.025,0.00230935
0.0592167,0.223781,0.146288,0.0125,0.00230935
0.084319,0.184151,0.117037,0.0225,0.00230935
0.0596621,0.211143,0.103538,0.0175,0.00230935
0.0757792,0.257869,0.109191,0.0175,0.00230935
0.061779,0.314132,0.29718,0.045,0.0253984
0.0924995,0.33156,0.298759,0.025,0.0253984
0.0650015,0.32987,0.337855,0.0125,0.0253984
0.0915195,0.289094,0.31158,0.0225,0.0253984
0.0541804,0.289351,0.322737,0.0175,0.0253984
0.02692,0.325001,0.301268,0.0175,0.0253984
0.470986,0.525299,0.435806,0.045,0.004844
0.443304,0.503314,0.435242,0.025,0.004844
0.473427,0.501389,0.472342,0.0125,0.004844
0.439277,0.541948,0.456689,0.0225,0.004844
0.477066,0.545307,0.465601,0.0175,0.004844
0.507257,0.519431,0.435702,0.0175,0.004844
0.552663,0.390992,0.408047,0.045,0.00203928
0.562317,0.375359,0.438253,0.025,0.00203928
0.575437,0.420717,0.430636,0.0125,0.00203928
0.524967,0.399307,0.437755,0.0225,0.00203928
0.536339,0.423499,0.409397,0.0175,0.00203928
0.572027,0.404953,0.380116,0.0175,0.00203928
0.631583,0.461053,0.273492,0.045,0.00454725
0.619606,0.427906,0.276289,0.025,0.00454725
0.617093,0.456551,0.314507,0.0125,0.00454725
0.590821,0.460064,0.265992,0.0225,0.00454725
0.61024,0.488525,0.284205,0.0175,0.00454725
0.658677,0.479098,0.29053,0.0175,0.00454725
0.72305,0.422924,0.297674,0.045,0.00142079
0.712458,0.408182,0.328013,0.025,0.00142079
0.718108,0.455643,0.326267,0.0125,0.00142079
0.681659,0.423459,0.299963,0.0225,0.00142079
0.704243,0.451003,0.284152,0.0175,0.00142079
0.753,0.442204,0.288659,0.0175,0.00142079
0.874194,0.385235,0.313069,0.045,0.00138493
0.853041,0.408917,0.328616,0.025,0.00138493
0.866606,0.416426,0.283371,0.0125,0.00138493
0.834569,0.37661,0.304455,0.0225,0.00138493
0.864927,0.371972,0.280462,0.0175,0.00138493
0.908194,0.38766,0.299353,0.0175,0.00138493
0.952808,0.165387,0.327735,0.045,0.000528502
0.939054,0.178043,0.357746,0.025,0.000528502
0.985708,0.167588,0.356462,0.0125,0.000528502
0.957518,0.206551,0.329195,0.0225,0.000528502
0.982718,0.180974,0.314043,0.0175,0.000528502
0.969004,0.133461,0.319465,0.0175,0.000528502
0.264716,0.465221,0.301535,0.045,0.0223416
0.243975,0.467188,0.330099,0.025,0.0223416
0.234345,0.495427,0.292719,0.0125,0.0223416
0.231867,0.440358,0.296898,0.0225,0.0223416
0.249371,0.460931,0.268807,0.0175,0.0223416
0.286514,0.489773,0.28504,0.0175,0.0223416
0.49486,0.621808,0.297329,0.045,0.0056667
0.513836,0.595108,0.310632,0.025,0.0056667
0.522946,0.639553,0.325768,0.0125,0.0056667
0.477725,0.608507,0.33266,0.0225,0.0056667
0.479107,0.64539,0.320149,0.0175,0.0056667
0.504176,0.651368,0.277595,0.0175,0.0056667
0.572675,0.665926,0.306468,0.045,0.00401544
0.565817,0.646372,0.335115,0.025,0.00401544
0.611114,0.658771,0.326058,0.0125,0.00401544
0.567874,0.690475,0.339529,0.0225,0.00401544
0.592728,0.696094,0.310043,0.0175,0.00401544
0.592691,0.659506,0.276333,0.0175,0.00401544
0.643579,0.631685,0.247148,0.045,0.00224151
0.6447,0.62674,0.282137,0.025,0.00224151
0.685663,0.634507,0.258703,0.0125,0.00224151
0.642607,0.668263,0.266639,0.0225,0.00224151
0.660422,0.660607,0.232834,0.0175,0.00224151
0.657909,0.612879,0.219023,0.0175,0.00224151
0.721516,0.616349,0.202825,0.045,0.00241274
0.740017,0.586278,0.204672,0.025,0.00241274
0.752478,0.622707,0.233047,0.0125,0.00241274
0.706347,0.592241,0.232949,0.0225,0.00241274
0.708703,0.631136,0.23352,0.0175,0.00241274
0.730871,0.650628,0.193474,0.0175,0.00241274
0.794049,0.586709,0.278429,0.045,0.00210707
0.797745,0.582937,0.313388,0.025,0.00210707
0.826798,0.613135,0.290333,0.0125,0.00210707
0.772142,0.615835,0.298191,0.0225,0.00210707
0.791181,0.620203,0.264469,0.0175,0.00210707
0.816652,0.579895,0.250275,0.0175,0.00210707
0.869628,0.523675,0.275542,0.045,0.00109445
0.888026,0.502364,0.296928,0.025,0.00109445
0.910444,0.539348,0.276504,0.0125,0.00109445
0.86986,0.53905,0.314043,0.0225,0.00109445
0.871001,0.559642,0.280975,0.0175,0.00109445
0.872891,0.531724,0.239841,0.0175,0.00109445
0.33779,0.402213,0.276223,0.045,0.0100059
0.306943,0.389045,0.265038,0.025,0.0100059
0.322353,0.430368,0.246533,0.0125,0.0100059
0.34366,0.379558,0.242003,0.0225,0.0100059
0.362723,0.412155,0.251637,0.0175,0.0100059
0.346546,0.433362,0.293631,0.0175,0.0100059
0.417967,0.699959,0.162174,0.045,0.00535451
0.422045,0.713264,0.194676,0.025,0.00535451
0.408206,0.7425,0.159445,0.0125,0.00535451
0.381682,0.699678,0.182226,0.0225,0.00535451
0.386971,0.706386,0.144203,0.0175,0.00535451
0.434719,0.707044,0.13025,0.0175,0.00535451
0.466632,0.871735,0.25967,0.045,0.0026925
0.484749,0.842803,0.268877,0.025,0.0026925
0.490003,0.8825,0.295031,0.0125,0.0026925
0.445549,0.850344,0.288248,0.0225,0.0026925
0.447085,0.889146,0.284964,0.0175,0.0026925
0.47727,0.905187,0.248818,0.0175,0.0026925
0.609703,0.809628,0.228955,0.045,0.00161446
0.601575,0.775357,0.225883,0.025,0.00161446
0.604708,0.794399,0.269645,0.0125,0.00161446
0.568529,0.804786,0.229154,0.0225,0.00161446
0.588775,0.830966,0.249733,0.0175,0.00161446
0.63809,0.827034,0.244485,0.0175,0.00161446
0.700105,0.816594,0.200937,0.045,0.00119772
0.683836,0.839152,0.222765,0.025,0.00119772
0.705307,0.856439,0.183681,0.0125,0.00119772
0.661287,0.823277,0.188005,0.0225,0.00119772
0.692533,0.817858,0.165355,0.0175,0.00119772
0.735178,0.813159,0.190542,0.0175,0.00119772
0.815981,0.711997,0.213629,0.045,0.0010838
0.795195,0.684667,0.222054,0.025,0.0010838
0.831595,0.695655,0.251067,0.0125,0.0010838
0.785914,0.724482,0.239297,0.0225,0.0010838
0.822629,0.737537,0.238699,0.0175,0.0010838
0.851787,0.714345,0.205731,0.0175,0.0010838
0.888165,0.683772,0.259008,0.045,0.00151189
0.887917,0.678515,0.29397,0.025,0.00151189
0.851327,0.701961,0.273995,0.0125,0.00151189
0.866978,0.649283,0.267973,0.0225,0.00151189
0.858783,0.674657,0.239552,0.0175,0.00151189
0.88882,0.714303,0.238577,0.0175,0.00151189
0.951441,0.522417,0.318249,0.045,0.000410071
0.957501,0.543189,0.290288,0.025,0.000410071
0.987698,0.545122,0.327327,0.0125,0.000410071
0.977635,0.503693,0.292133,0.0225,0.000410071
0.978471,0.501664,0.331042,0.0175,0.000410071
0.944168,0.52985,0.353489,0.0175,0.000410071
0.136309,0.776125,0.13,0.045,0.00285928
0.155585,0.797321,0.150716,0.025,0.00285928
0.107907,0.800725,0.152376,0.0125,0.00285928
0.140845,0.758969,0.167468,0.0225,0.00285928
0.109227,0.756814,0.144788,0.0175,0.00285928
0.112775,0.782994,0.102633,0.0175,0.00285928
0.327668,0.892693,0.374953,0.045,0.00223855
0.35815,0.876086,0.368237,0.025,0.00223855
0.356279,0.923613,0.363212,0.0125,0.00223855
0.351564,0.892743,0.408831,0.0225,0.00223855
0.327727,0.921367,0.397377,0.0175,0.00223855
0.305226,0.912724,0.353856,0.0175,0.00223855
0.484553,0.950508,0.124854,0.045,0.000583694
0.50978,0.97518,0.122637,0.025,0.000583694
0.466888,0.987641,0.13974,0.0125,0.000583694
0.504736,0.953381,0.160953,0.0225,0.000583694
0.466708,0.946247,0.156293,0.0175,0.000583694
0.451612,0.947291,0.1089,0.0175,0.000583694
0.61904,0.955237,0.225137,0.045,0.000595597
0.593095,0.931489,0.228722,0.025,0.000595597
0.623057,0.938495,0.265337,0.0125,0.000595597
0.586045,0.972921,0.242951,0.0225,0.000595597
0.623421,0.980648,0.250829,0.0175,0.000595597
0.65565,0.952186,0.225805,0.0175,0.000595597
0.779249,0.955334,0.188809,0.045,0.00019084
0.789302,0.942402,0.157477,0.025,0.00019084
0.819911,0.940152,0.194159,0.0125,0.00019084
0.771361,0.914669,0.187104,0.0225,0.00019084
0.782977,0.934614,0.218505,0.0175,0.00019084
0.792254,0.982677,0.209623,0.0175,0.00019084
0.925097,0.952076,0.234628,0.045,0.000175393
0.898476,0.975203,0.232085,0.025,0.000175393
0.937567,0.987764,0.256614,0.0125,0.000175393
0.931551,0.977604,0.202606,0.0225,0.000175393
0.958818,0.962948,0.22628,0.0175,0.000175393
0.940603,0.935251,0.263376,0.0175,0.000175393
0.955231,0.792762,0.203505,0.045,0.000590647
0.960549,0.766201,0.180784,0.025,0.000590647
0.980334,0.763572,0.224248,0.0125,0.000590647
0.927013,0.76302,0.209662,0.0225,0.000590647
0.943532,0.785186,0.237131,0.0175,0.000590647
0.978194,0.816374,0.219787,0.0175,0.000590647
0.347195,-0.648385,0.348231,0.045,0.00371321
0.318133,-0.66395,0.361003,0.025,0.00371321
0.316271,-0.643853,0.317642,0.0125,0.00371321
0.345208,-0.687633,0.335026,0.0225,0.00371321
0.358727,-0.657162,0.31484,0.0175,0.00371321
0.354497,-0.613678,0.338636,0.0175,0.00371321
0.209555,-0.853748,0.125249,0.045,0.00189824
0.196464,-0.885643,0.133085,0.025,0.00189824
0.217247,-0.87916,0.0904987,0.0125,0.00189824
0.23938,-0.877763,0.141139,0.0225,0.00189824
0.243723,-0.851195,0.11296,0.0175,0.00189824
0.201245,-0.829332,0.0990801,0.0175,0.00189824
0.27363,-0.928451,0.348385,0.045,0.00627054
0.287002,-0.960498,0.341738,0.025,0.00627054
0.241346,-0.957063,0.355567,0.0125,0.00627054
0.265596,-0.939274,0.30918,0.0225,0.00627054
0.242229,-0.918799,0.332706,0.0175,0.00627054
0.259917,-0.913191,0.378866,0.0175,0.00627054
0.461831,-0.883307,0.357109,0.045,0.00272282
0.482493,-0.880471,0.385658,0.025,0.00272282
0.495941,-0.85862,0.345296,0.0125,0.00272282
0.452459,-0.848728,0.377971,0.0225,0.00272282
0.452117,-0.853113,0.339249,0.0175,0.00272282
0.467444,-0.897866,0.323844,0.0175,0.00272282
0.500068,-0.955042,0.420243,0.045,0.00109365
0.471098,-0.93506,0.423628,0.025,0.00109365
0.491088,-0.939417,0.380397,0.0125,0.00109365
0.466293,-0.977557,0.411811,0.0225,0.00109365
0.500992,-0.98059,0.394331,0.0175,0.00109365
0.534451,-0.947232,0.40991,0.0175,0.00109365
0.691632,-0.951185,0.281668,0.045,0.000340186
0.668503,-0.975253,0.293321,0.025,0.000340186
0.699197,-0.987697,0.258817,0.0125,0.000340186
0.708954,-0.974154,0.31152,0.0225,0.000340186
0.726924,-0.959943,0.279993,0.0175,0.000340186
0.696751,-0.935686,0.24875,0.0175,0.000340186
0.95184,-0.945364,0.265729,0.045,0.000272435
0.949104,-0.974711,0.246203,0.025,0.000272435
0.987602,-0.946889,0.240604,0.0125,0.000272435
0.971644,-0.976653,0.284373,0.0225,0.000272435
0.982582,-0.939248,0.284238,0.0175,0.000272435
0.953381,-0.909755,0.256806,0.0175,0.000272435
0.955193,-0.773134,0.295222,0.045,0.000237545
0.967576,-0.740035,0.294172,0.025,0.000237545
0.924778,-0.747941,0.314005,0.0125,0.000237545
0.974916,-0.764285,0.330598,0.0225,0.000237545
0.943111,-0.786493,0.326854,0.0175,0.000237545
0.925532,-0.788944,0.280378,0.0175,0.000237545
-0.111663,-0.717085,0.194048,0.045,0.0124211
-0.140008,-0.730455,0.177683,0.025,0.0124211
-0.141727,-0.724009,0.225043,0.0125,0.0124211
-0.138124,-0.686645,0.184457,0.0225,0.0124211
-0.115925,-0.688691,0.216422,0.0175,0.0124211
-0.0893553,-0.730605,0.219924,0.0175,0.0124211
0.378794,-0.711561,0.281697,0.045,0.00247074
0.406453,-0.726842,0.297555,0.025,0.00247074
0.41443,-0.690838,0.267098,0.0125,0.00247074
0.388751,-0.690606,0.316055,0.0225,0.00247074
0.375657,-0.67531,0.282688,0.0175,0.00247074
0.368979,-0.708687,0.246407,0.0175,0.00247074
0.512552,-0.731776,0.36742,0.045,0.00250108
0.477305,-0.729156,0.366557,0.025,0.00250108
0.503361,-0.68906,0.365605,0.0125,0.00250108
0.499496,-0.729525,0.328136,0.0225,0.00250108
0.532218,-0.713973,0.342494,0.0175,0.00250108
0.537655,-0.720081,0.391567,0.0175,0.00250108
0.560022,-0.737323,0.290803,0.045,0.00118334
0.532904,-0.715468,0.296885,0.025,0.00118334
0.57348,-0.709119,0.321396,0.0125,0.00118334
0.563674,-0.703371,0.267294,0.0225,0.00118334
0.592851,-0.723239,0.283807,0.0175,0.00118334
0.577883,-0.761179,0.312294,0.0175,0.00118334
0.686476,-0.870248,0.319996,0.045,0.000540587
0.691194,-0.869324,0.355023,0.025,0.000540587
0.727323,-0.856097,0.326611,0.0125,0.000540587
0.678035,-0.832303,0.334407,0.0225,0.000540587
0.694775,-0.840811,0.300258,0.0175,0.000540587
0.702939,-0.88939,0.293302,0.0175,0.000540587
0.788075,-0.867692,0.340066,0.045,0.000383639
0.818563,-0.866692,0.322191,0.025,0.000383639
0.81256,-0.836845,0.359077,0.0125,0.000383639
0.816108,-0.892011,0.358546,0.0225,0.000383639
0.788939,-0.870478,0.376349,0.0175,0.000383639
0.761666,-0.842704,0.34537,0.0175,0.000383639
0.954758,-0.700957,0.235927,0.045,0.000576769
0.923586,-0.716258,0.242576,0.025,0.000576769
0.963277,-0.742795,0.245389,0.0125,0.000576769
0.947029,-0.700192,0.27665,0.0225,0.000576769
0.981879,-0.704957,0.259873,0.0175,0.000576769
0.980284,-0.706959,0.210189,0.0175,0.000576769
0.146131,-0.571279,0.2705,0.045,0.127466
0.136048,-0.604929,0.266504,0.025,0.127466
0.176349,-0.590338,0.24528,0.0125,0.127466
0.164508,-0.595037,0.299075,0.0225,0.127466
0.180199,-0.564181,0.281175,0.0175,0.127466
0.150864,-0.543846,0.24652,0.0175,0.127466
0.218953,-0.606017,0.358496,0.045,0.0192083
0.252778,-0.599073,0.350902,0.025,0.0192083
0.233272,-0.578781,0.38957,0.0125,0.0192083
0.243721,-0.63206,0.379161,0.0225,0.0192083
0.210256,-0.616875,0.392133,0.0175,0.0192083
0.189179,-0.5846,0.360684,0.0175,0.0192083
0.434936,-0.642452,0.408055,0.045,0.000649144
0.465559,-0.66012,0.407883,0.025,0.000649144
0.447978,-0.645014,0.449719,0.0125,0.000649144
0.428024,-0.682796,0.414638,0.0225,0.000649144
0.408493,-0.653131,0.430677,0.0175,0.000649144
0.426132,-0.608287,0.418313,0.0175,0.000649144
0.547955,-0.633262,0.270393,0.045,0.000829042
0.553276,-0.612434,0.242324,0.025,0.000829042
0.590418,-0.622807,0.270615,0.0125,0.000829042
0.560494,-0.656007,0.23808,0.0225,0.000829042
0.569721,-0.661993,0.275467,0.0175,0.000829042
0.551661,-0.627559,0.306501,0.0175,0.000829042
0.691361,-0.623969,0.302455,0.045,0.00107278
0.691814,-0.59389,0.283879,0.025,0.00107278
0.733421,-0.614868,0.294665,0.0125,0.00107278
0.692511,-0.632419,0.261884,0.0225,0.00107278
0.710145,-0.652623,0.290161,0.0175,0.00107278
0.704754,-0.632856,0.335495,0.0175,0.00107278
0.751925,-0.553059,0.285593,0.045,0.000637562
0.716966,-0.551214,0.290542,0.025,0.000637562
0.739948,-0.591083,0.303571,0.0125,0.000637562
0.74376,-0.53987,0.32404,0.0225,0.000637562
0.773208,-0.563062,0.313377,0.0175,0.000637562
0.772889,-0.575247,0.265144,0.0175,0.000637562
0.850764,-0.439209,0.291445,0.045,0.000513778
0.879992,-0.456418,0.301425,0.025,0.000513778
0.868995,-0.45486,0.254905,0.0125,0.000513778
0.883548,-0.41394,0.28911,0.0225,0.000513778
0.853039,-0.414441,0.264867,0.0175,0.000513778
0.820005,-0.450317,0.274698,0.0175,0.000513778
0.948059,-0.343675,0.421232,0.045,0.000498918
0.974747,-0.365053,0.430216,0.025,0.000498918
0.977388,-0.341115,0.388894,0.0125,0.000498918
0.977534,-0.32205,0.440786,0.0225,0.000498918
0.955412,-0.309441,0.411284,0.0175,0.000498918
0.924587,-0.343926,0.392966,0.0175,0.000498918
0.304752,-0.441066,0.149487,0.045,0.00233764
0.308978,-0.468833,0.170962,0.025,0.00233764
0.328991,-0.427128,0.183114,0.0125,0.00233764
0.275572,-0.440739,0.178935,0.0225,0.00233764
0.293055,-0.409546,0.16344,0.0175,0.00233764
0.328641,-0.420616,0.130484,0.0175,0.00233764
0.0704069,-0.45588,0.297063,0.045,0.0913217
0.0547998,-0.478824,0.318971,0.025,0.0913217
0.071161,-0.437554,0.336763,0.0125,0.0913217
0.0301551,-0.446696,0.300829,0.0225,0.0913217
0.0593731,-0.421192,0.297003,0.0175,0.0913217
0.104468,-0.442165,0.295752,0.0175,0.0913217
0.439,-0.31367,0.425262,0.045,0.00344386
0.455293,-0.341206,0.410219,0.025,0.00344386
0.46951,-0.326997,0.453618,0.0125,0.00344386
0.421378,-0.349066,0.437727,0.0225,0.00344386
0.426437,-0.316983,0.459265,0.0175,0.00344386
0.450981,-0.28059,0.435854,0.0175,0.00344386
0.589664,-0.222199,0.389791,0.045,0.00288925
0.624464,-0.216861,0.393019,0.025,0.00288925
0.606038,-0.222469,0.349241,0.0125,0.00288925
0.598199,-0.181819,0.38588,0.0225,0.00288925
0.57069,-0.201555,0.36658,0.0175,0.00288925
0.570062,-0.250298,0.376515,0.0175,0.00288925
0.674919,-0.201101,0.283722,0.045,0.00154527
0.690043,-0.183473,0.310377,0.025,0.00154527
0.713453,-0.186783,0.268802,0.0125,0.00154527
0.666193,-0.160685,0.280703,0.0225,0.00154527
0.672581,-0.185179,0.251072,0.0175,0.00154527
0.684812,-0.231274,0.265236,0.0175,0.00154527
0.755052,-0.204532,0.325068,0.045,0.00148395
0.752424,-0.239767,0.326319,0.025,0.00148395
0.791152,-0.220315,0.30609,0.0125,0.00148395
0.774416,-0.218969,0.358762,0.0225,0.00148395
0.785565,-0.188646,0.336967,0.0175,0.00148395
0.756917,-0.180833,0.297051,0.0175,0.00148395
0.921518,-0.272233,0.351363,0.045,0.000190231
0.929831,-0.305838,0.344182,0.025,0.000190231
0.895306,-0.284749,0.318671,0.0125,0.000190231
0.949427,-0.273664,0.32074,0.0225,0.000190231
0.920167,-0.248144,0.324107,0.0175,0.000190231
0.890566,-0.256388,0.363232,0.0175,0.000190231
0.392609,0.0341396,0.312535,0.045,0.00622245
0.395487,0.0642108,0.294166,0.025,0.00622245
0.398839,0.022606,0.270814,0.0125,0.00622245
0.355648,0.0449048,0.297149,0.0225,0.00622245
0.369294,0.00861869,0.301128,0.0175,0.00622245
0.415927,0.00633816,0.31831,0.0175,0.00622245
0.307775,-0.0389299,0.34985,0.045,0.00942383
0.317075,-0.054131,0.319314,0.025,0.00942383
0.277944,-0.0266493,0.320323,0.0125,0.00942383
0.330977,-0.0128048,0.327537,0.0225,0.00942383
0.300954,-0.00317907,0.350443,0.0175,0.00942383
0.277929,-0.0421785,0.371032,0.0175,0.00942383
-0.118196,-0.057332,0.20645,0.045,0.194612
-0.119155,-0.0839817,0.183237,0.025,0.194612
-0.154872,-0.0796579,0.21475,0.0125,0.194612
-0.140289,-0.0462934,0.173152,0.0225,0.194612
-0.147437,-0.0359538,0.21004,0.0175,0.194612
-0.116519,-0.056523,0.243146,0.0175,0.194612
0.460464,0.028471,0.371162,0.045,0.008757
0.484613,0.0537805,0.376288,0.025,0.008757
0.473568,0.0248381,0.412727,0.0125,0.008757
0.498489,0.0132421,0.364761,0.0225,0.008757
0.46842,-0.00574503,0.380701,0.0175,0.008757
0.427622,0.0221541,0.386377,0.0175,0.008757
0.642795,0.15897,0.318871,0.045,0.00199141
0.659714,0.188782,0.327528,0.025,0.00199141
0.624991,0.190769,0.294697,0.0125,0.00199141
0.621934,0.178943,0.348614,0.0225,0.00199141
0.606399,0.158547,0.319264,0.0175,0.00199141
0.639921,0.140423,0.287283,0.0175,0.00199141
0.753057,0.109245,0.313126,0.045,0.00197541
0.755729,0.0833407,0.337038,0.025,0.00197541
0.795303,0.0980284,0.31455,0.0125,0.00197541
0.762832,0.12513,0.350151,0.0225,0.00197541
0.775379,0.137898,0.315534,0.0175,0.00197541
0.759914,0.110427,0.277048,0.0175,0.00197541
0.849075,-0.0343771,0.4057,0.045,0.00371073
0.815501,-0.039122,0.395687,0.025,0.00371073
0.843203,-0.0775687,0.402164,0.0125,0.00371073
0.825124,-0.0405012,0.43898,0.0225,0.00371073
0.861771,-0.0529177,0.434336,0.0175,0.00371073
0.881086,-0.0426257,0.38966,0.0175,0.00371073
0.94523,-0.0385666,0.42821,0.045,0.00216527
0.930242,-0.0533091,0.456636,0.025,0.00216527
0.970656,-0.0283654,0.462297,0.0125,0.00216527
0.920419,-0.0111393,0.446943,0.0225,0.00216527
0.954257,-0.00331895,0.429263,0.0175,0.00216527
0.97782,-0.0435922,0.412005,0.0175,0.00216527
-0.186425,0.307742,0.220118,0.045,0.0108299
-0.167892,0.337076,0.213333,0.025,0.0108299
-0.208183,0.329161,0.188807,0.0125,0.0108299
-0.201087,0.339272,0.242692,0.0225,0.0108299
-0.222091,0.310525,0.226843,0.0175,0.0108299
-0.195403,0.278784,0.199361,0.0175,0.0108299
0.0066452,0.254033,0.253796,0.045,0.012464
0.0259741,0.282609,0.246061,0.025,0.012464
0.0371893,0.257113,0.284942,0.0125,0.012464
0.0398551,0.243045,0.231545,0.0225,0.012464
0.0235774,0.22249,0.260377,0.0175,0.012464
-0.0145081,0.245519,0.282606,0.0175,0.012464
0.422109,0.185791,0.405602,0.045,0.0999154
0.392706,0.199994,0.419159,0.025,0.0999154
0.40825,0.215517,0.376675,0.0125,0.0999154
0.388784,0.165831,0.391118,0.0225,0.0999154
0.421569,0.173298,0.371417,0.0175,0.0999154
0.454796,0.200145,0.396915,0.0175,0.0999154
0.592366,0.325216,0.350727,0.045,0.00222477
0.586707,0.290944,0.344143,0.025,0.00222477
0.570392,0.309475,0.385105,0.0125,0.00222477
0.555218,0.320162,0.33303,0.0225,0.00222477
0.564296,0.346196,0.360571,0.0175,0.00222477
0.611055,0.342581,0.377169,0.0175,0.00222477
0.677112,0.338754,0.304581,0.045,0.00145063
0.66604,0.30953,0.321115,0.025,0.00145063
0.711922,0.322349,0.325356,0.0125,0.00145063
0.666351,0.347789,0.343585,0.0225,0.00145063
0.695616,0.363797,0.323434,0.0175,0.00145063
0.701984,0.344296,0.278111,0.0175,0.00145063
0.723999,0.264161,0.332741,0.045,0.0016897
0.712076,0.251922,0.363693,0.025,0.0016897
0.751197,0.279435,0.363392,0.0125,0.0016897
0.699006,0.292167,0.350342,0.0225,0.0016897
0.730908,0.299731,0.329275,0.0175,0.0016897
0.755553,0.259077,0.314616,0.0175,0.0016897
0.844193,0.299869,0.341599,0.045,0.00171135
0.829306,0.330005,0.330636,0.025,0.00171135
0.803234,0.299729,0.356927,0.0125,0.00171135
0.848022,0.328994,0.370854,0.0225,0.00171135
0.842146,0.290934,0.376827,0.0175,0.00171135
0.836361,0.264576,0.335032,0.0175,0.00171135
0.253134,0.344634,0.262516,0.045,0.0128033
0.286142,0.334426,0.270014,0.025,0.0128033
0.255097,0.340034,0.305961,0.0125,0.0128033
0.255001,0.303274,0.26467,0.0225,0.0128033
0.22523,0.325649,0.276152,0.0175,0.0128033
0.233758,0.374462,0.271729,0.0175,0.0128033
0.179462,0.51969,0.327793,0.045,0.0409267
0.206935,0.517289,0.349918,0.025,0.0409267
0.21126,0.544419,0.310768,0.0125,0.0409267
0.178597,0.55107,0.354872,0.0225,0.0409267
0.167947,0.552625,0.317416,0.0175,0.0409267
0.175131,0.510118,0.292585,0.0175,0.0409267
0.538762,0.592697,0.385815,0.045,0.00758855
0.521984,0.582838,0.415333,0.025,0.00758855
0.566356,0.600336,0.418871,0.0125,0.00758855
0.519735,0.625356,0.402847,0.0225,0.00758855
0.554033,0.625707,0.384346,0.0175,0.00758855
0.569544,0.580769,0.369684,0.0175,0.00758855
0.581478,0.576473,0.3084,0.045,0.00592232
0.561668,0.549392,0.319542,0.025,0.00592232
0.601053,0.540095,0.29405,0.0125,0.00592232
0.596064,0.562185,0.344481,0.0225,0.00592232
0.617296,0.576014,0.314872,0.0175,0.00592232
0.590488,0.58838,0.274829,0.0175,0.00592232
0.642474,0.540215,0.23243,0.045,0.00360929
0.657559,0.537386,0.26428,0.025,0.00360929
0.674997,0.569437,0.233358,0.0125,0.00360929
0.625781,0.567805,0.258486,0.0225,0.00360929
0.63248,0.573108,0.220463,0.0175,0.00360929
0.65526,0.534766,0.198417,0.0175,0.00360929
0.727237,0.517433,0.260898,0.045,0.00131466
0.742474,0.538899,0.2845,0.025,0.00131466
0.768035,0.50271,0.266487,0.0125,0.00131466
0.747855,0.547609,0.241327,0.0225,0.00131466
0.744398,0.510629,0.229526,0.0175,0.00131466
0.719707,0.481474,0.26139,0.0175,0.00131466
0.792835,0.507608,0.321487,0.045,0.00205864
0.784531,0.473275,0.319995,0.025,0.00205864
0.830645,0.485667,0.322712,0.0125,0.00205864
0.790157,0.492028,0.359813,0.0225,0.00205864
0.815271,0.519247,0.347683,0.0175,0.00205864
0.812154,0.529395,0.299079,0.0175,0.00205864
0.949884,0.322252,0.315339,0.045,0.000341863
0.933317,0.350929,0.327716,0.025,0.000341863
0.950125,0.31883,0.358936,0.0125,0.000341863
0.977531,0.351876,0.324106,0.0225,0.000341863
0.982553,0.313517,0.328809,0.0175,0.000341863
0.942367,0.286366,0.317725,0.0175,0.000341863
0.187586,0.76083,0.333897,0.045,0.00311252
0.15912,0.762785,0.354774,0.025,0.00311252
0.201976,0.773115,0.373324,0.0125,0.00311252
0.173054,0.799654,0.334396,0.0225,0.00311252
0.210516,0.78907,0.332581,0.0175,0.00311252
0.217772,0.739917,0.335102,0.0175,0.00311252
0.463396,0.70791,0.288618,0.045,0.00527853
0.443647,0.710594,0.259416,0.025,0.00527853
0.425155,0.725082,0.301077,0.0125,0.00527853
0.467517,0.745749,0.272188,0.0225,0.00527853
0.467139,0.737009,0.310164,0.0175,0.00527853
0.459095,0.688856,0.319739,0.0175,0.00527853
0.560243,0.865331,0.295163,0.045,0.00236972
0.533804,0.882468,0.311205,0.025,0.00236972
0.549956,0.841833,0.330583,0.0125,0.00236972
0.575397,0.890523,0.324394,0.0225,0.00236972
0.589324,0.855442,0.314694,0.0175,0.00236972
0.562499,0.831933,0.280015,0.0175,0.00236972
0.664622,0.739828,0.241087,0.045,0.00192988
0.666127,0.704521,0.240011,0.025,0.00192988
0.686851,0.727302,0.276604,0.0125,0.00192988
0.633383,0.723667,0.263034,0.0225,0.00192988
0.653206,0.756115,0.271573,0.0175,0.00192988
0.690654,0.765745,0.24027,0.0175,0.00192988
0.733583,0.685205,0.259284,0.045,0.00230103
0.758328,0.659958,0.259793,0.025,0.00230103
0.770559,0.704385,0.272605,0.0125,0.00230103
0.736219,0.66875,0.297245,0.0225,0.00230103
0.729036,0.706098,0.288743,0.0175,0.00230103
0.730418,0.716373,0.240086,0.0175,0.00230103
0.810784,0.674833,0.303987,0.045,0.00242717
0.792178,0.674633,0.334049,0.025,0.00242717
0.831936,0.648174,0.331453,0.0125,0.00242717
0.825977,0.703122,0.330211,0.0225,0.00242717
0.846587,0.68125,0.305399,0.0175,0.00242717
0.819269,0.648366,0.279956,0.0175,0.00242717
0.877522,0.607738,0.320069,0.045,0.00136465
0.875513,0.593811,0.352504,0.025,0.00136465
0.915909,0.588159,0.327529,0.0125,0.00136465
0.893143,0.634261,0.347842,0.0225,0.00136465
0.906104,0.628599,0.311528,0.0175,0.00136465
0.882129,0.592636,0.286892,0.0175,0.00136465
0.0663347,0.49575,0.28056,0.045,0.183456
0.0895149,0.469356,0.284561,0.025,0.183456
0.106115,0.513808,0.278562,0.0125,0.183456
0.077121,0.492324,0.320444,0.0225,0.183456
0.0696074,0.525453,0.301346,0.0175,0.183456
0.0599861,0.519141,0.252945,0.0175,0.183456
0.328492,0.765741,0.156853,0.045,0.00465069
0.311558,0.783143,0.131154,0.025,0.00465069
0.299948,0.737506,0.139518,0.0125,0.00465069
0.293341,0.782042,0.171598,0.0225,0.00465069
0.309034,0.747893,0.181909,0.0175,0.00465069
0.350158,0.736068,0.156531,0.0175,0.00465069
0.371389,0.95527,0.162289,0.045,0.000811555
0.359653,0.970645,0.191884,0.025,0.000811555
0.365129,0.923135,0.191283,0.0125,0.000811555
0.403177,0.963084,0.187729,0.0225,0.000811555
0.399447,0.932168,0.164298,0.0175,0.000811555
0.356328,0.930669,0.139531,0.0175,0.000811555
0.52568,0.949005,0.224957,0.045,0.000575933
0.521433,0.965931,0.255706,0.025,0.000575933
0.550774,0.984765,0.222966,0.0125,0.000575933
0.49597,0.977691,0.221325,0.0225,0.000575933
0.521709,0.967538,0.193881,0.0175,0.000575933
0.555036,0.933803,0.208923,0.0175,0.000575933
0.70872,0.905366,0.21321,0.045,0.000672169
0.716348,0.893499,0.245629,0.025,0.000672169
0.751077,0.913957,0.219884,0.0125,0.000672169
0.70493,0.9361,0.240775,0.0225,0.000672169
0.717992,0.939395,0.204206,0.0175,0.000672169
0.72116,0.896102,0.179902,0.0175,0.000672169
0.835818,0.902554,0.234488,0.045,0.000342997
0.865121,0.90293,0.214708,0.025,0.000342997
0.823618,0.915512,0.194541,0.0125,0.000342997
0.852429,0.940538,0.234539,0.0225,0.000342997
0.814409,0.931989,0.234929,0.0175,0.000342997
0.804617,0.883293,0.232136,0.0175,0.000342997
0.871063,0.776388,0.244479,0.045,0.000868115
0.88233,0.759818,0.273608,0.025,0.000868115
0.896723,0.743659,0.230955,0.0125,0.000868115
0.907827,0.791628,0.256093,0.0225,0.000868115
0.89542,0.786718,0.219478,0.0175,0.000868115
0.85066,0.76528,0.216013,0.0175,0.000868115
0.952722,0.609232,0.268159,0.045,0.000271367
0.954112,0.600814,0.302469,0.025,0.000271367
0.98754,0.583241,0.273122,0.0125,0.000271367
0.977757,0.63553,0.288169,0.0225,0.000271367
0.982622,0.622136,0.251897,0.0175,0.000271367
0.948346,0.588926,0.237852,0.0175,0.000271367
0.407521,-0.73393,0.375669,0.045,0.00339251
0.389269,-0.755096,0.397321,0.025,0.00339251
0.38584,-0.762035,0.350124,0.0125,0.00339251
0.429372,-0.768251,0.383629,0.0225,0.00339251
0.42842,-0.748828,0.349856,0.0175,0.00339251
0.397063,-0.710205,0.349634,0.0175,0.00339251
0.4675,-0.791674,0.318068,0.045,0.00168693
0.456287,-0.811341,0.345224,0.025,0.00168693
0.478206,-0.833017,0.308655,0.0125,0.00168693
0.498238,-0.796889,0.345394,0.0225,0.00168693
0.501866,-0.795287,0.306625,0.0175,0.00168693
0.45858,-0.791312,0.282426,0.0175,0.00168693
0.514244,-0.820976,0.406029,0.045,0.00131776
0.515151,-0.786763,0.414897,0.025,0.00131776
0.472686,-0.807422,0.407323,0.0125,0.00131776
0.509939,-0.816883,0.447059,0.0225,0.00131776
0.492445,-0.843472,0.42457,0.0175,0.00131776
0.502194,-0.838459,0.376043,0.0175,0.00131776
0.559793,-0.818939,0.328538,0.045,0.00130468
0.555849,-0.84758,0.308187,0.025,0.00130468
0.591449,-0.846801,0.340117,0.0125,0.00130468
0.536768,-0.847229,0.348244,0.0225,0.00130468
0.562668,-0.823124,0.364583,0.0175,0.00130468
0.587086,-0.79458,0.331963,0.0175,0.00130468
0.64727,-0.954544,0.359722,0.045,0.000297801
0.614041,-0.950448,0.348361,0.025,0.000297801
0.624241,-0.939842,0.393869,0.0125,0.000297801
0.641296,-0.915451,0.34728,0.0225,0.000297801
0.66352,-0.927015,0.377132,0.0175,0.000297801
0.662117,-0.976023,0.385572,0.0175,0.000297801
0.862913,-0.941679,0.328219,0.045,0.000481513
0.875595,-0.957769,0.357034,0.025,0.000481513
0.898605,-0.919395,0.340138,0.0125,0.000481513
0.848123,-0.92333,0.362327,0.0225,0.000481513
0.857697,-0.905661,0.328937,0.0175,0.000481513
0.876981,-0.936198,0.294722,0.0175,0.000481513
0.955168,-0.838792,0.358392,0.045,0.000237617
0.966425,-0.867706,0.375339,0.025,0.000237617
0.938077,-0.837006,0.398607,0.0125,0.000237617
0.927048,-0.869059,0.354935,0.0225,0.000237617
0.919618,-0.830967,0.358478,0.0175,0.000237617
0.960263,-0.802931,0.36456,0.0175,0.000237617
0.34045,-0.533185,0.224056,0.045,0.00166058
0.308575,-0.542278,0.236356,0.025,0.00166058
0.32801,-0.568421,0.201337,0.0125,0.00166058
0.344396,-0.561868,0.253728,0.0225,0.00166058
0.366412,-0.558594,0.221739,0.0175,0.00166058
0.352008,-0.522289,0.190925,0.0175,0.00166058
0.204176,-0.744665,0.305982,0.045,0.00362993
0.21399,-0.775753,0.319665,0.025,0.00362993
0.198989,-0.741319,0.349276,0.0125,0.00362993
0.171065,-0.769191,0.31055,0.0225,0.00362993
0.171996,-0.730543,0.315471,0.0175,0.00362993
0.217246,-0.710575,0.31011,0.0175,0.00362993
0.529987,-0.711984,0.453303,0.045,0.00293015
0.557982,-0.69106,0.458643,0.025,0.00293015
0.540845,-0.695628,0.414225,0.0125,0.00293015
0.517527,-0.672836,0.458869,0.0225,0.00293015
0.501453,-0.698962,0.434831,0.0175,0.00293015
0.525371,-0.742563,0.433465,0.0175,0.00293015
0.542689,-0.647193,0.365023,0.045,0.00103419
0.574943,-0.646432,0.379483,0.025,0.00103419
0.557178,-0.606147,0.360801,0.0125,0.00103419
0.54015,-0.635218,0.404632,0.0225,0.00103419
0.518176,-0.62227,0.375167,0.0175,0.00103419
0.530745,-0.641012,0.33083,0.0175,0.00103419
0.658363,-0.775217,0.373683,0.045,0.00125289
0.662811,-0.781792,0.408136,0.025,0.00125289
0.698698,-0.79154,0.37806,0.0125,0.00125289
0.676611,-0.742822,0.392022,0.0225,0.00125289
0.683608,-0.755875,0.355975,0.0175,0.00125289
0.658316,-0.797044,0.344127,0.0175,0.00125289
0.767175,-0.665111,0.328021,0.045,0.00126405
0.753201,-0.647624,0.355388,0.025,0.00126405
0.800512,-0.645724,0.348643,0.0125,0.00126405
0.759574,-0.625794,0.317289,0.0225,0.00126405
0.78967,-0.647533,0.305438,0.0175,0.00126405
0.791253,-0.692792,0.32603,0.0175,0.00126405
0.867672,-0.7022,0.290943,0.045,0.000394326
0.834609,-0.699777,0.278655,0.025,0.000394326
0.84856,-0.740663,0.29918,0.0125,0.000394326
0.842097,-0.690448,0.321383,0.0225,0.000394326
0.873062,-0.713831,0.325012,0.0175,0.000394326
0.895872,-0.723982,0.281981,0.0175,0.000394326
0.952596,-0.52403,0.29726,0.045,0.000377872
0.96785,-0.554765,0.288738,0.025,0.000377872
0.98375,-0.531084,0.327129,0.0125,0.000377872
0.934704,-0.554993,0.318235,0.0225,0.000377872
0.941087,-0.518875,0.331407,0.0175,0.000377872
0.965558,-0.489715,0.299378,0.0175,0.000377872
0.253805,-0.575039,0.280932,0.045,0.00537185
0.2862,-0.569529,0.293979,0.025,0.00537185
0.248675,-0.566119,0.323437,0.0125,0.00537185
0.268799,-0.610241,0.296893,0.0225,0.00537185
0.231669,-0.598445,0.297877,0.0175,0.00537185
0.224248,-0.553396,0.278117,0.0175,0.00537185
0.535835,-0.497528,0.486045,0.045,0.00127755
0.559519,-0.508312,0.509978,0.025,0.00127755
0.527828,-0.539931,0.493143,0.0125,0.00127755
0.568865,-0.513743,0.466944,0.0225,0.00127755
0.531777,-0.516642,0.455334,0.0175,0.00127755
0.499137,-0.495816,0.486573,0.0175,0.00127755
0.626451,-0.593794,0.364986,0.045,0.00196048
0.651446,-0.577558,0.345968,0.025,0.00196048
0.642385,-0.623726,0.33737,0.0125,0.00196048
0.61023,-0.579425,0.329643,0.0225,0.00196048
0.600482,-0.612554,0.347705,0.0175,0.00196048
0.62761,-0.622185,0.38828,0.0175,0.00196048
0.593022,-0.416394,0.414946,0.045,0.000983399
0.623007,-0.397677,0.414181,0.025,0.000983399
0.599681,-0.405394,0.373147,0.0125,0.000983399
0.584481,-0.375898,0.417365,0.0225,0.000983399
0.563323,-0.402866,0.398822,0.0175,0.000983399
0.583412,-0.448373,0.399616,0.0175,0.000983399
0.71115,-0.349047,0.305868,0.045,0.00153053
0.727967,-0.376303,0.320845,0.025,0.00153053
0.750138,-0.333977,0.318726,0.0125,0.00153053
0.704889,-0.348736,0.346849,0.0225,0.00153053
0.709038,-0.317504,0.323912,0.0175,0.00153053
0.718707,-0.328493,0.276365,0.0175,0.00153053
0.759164,-0.312437,0.37236,0.045,0.00133188
0.776641,-0.339275,0.387336,0.025,0.00133188
0.79728,-0.296142,0.386294,0.0125,0.00133188
0.751999,-0.312949,0.413191,0.0225,0.00133188
0.755497,-0.281257,0.390782,0.0175,0.00133188
0.766603,-0.291196,0.343318,0.0175,0.00133188
0.871284,-0.399991,0.375766,0.045,0.000939539
0.883706,-0.420942,0.350138,0.025,0.000939539
0.902912,-0.424205,0.393819,0.0125,0.000939539
0.851813,-0.436579,0.376729,0.0225,0.000939539
0.861552,-0.414815,0.407555,0.0175,0.000939539
0.887006,-0.373661,0.396003,0.0175,0.000939539
0.19761,-0.280876,0.287845,0.045,0.00275894
0.172141,-0.301273,0.274232,0.025,0.00275894
0.184745,-0.307671,0.319923,0.0125,0.00275894
0.160453,-0.264282,0.295767,0.0225,0.00275894
0.191507,-0.26361,0.319303,0.0175,0.00275894
0.230753,-0.288604,0.301695,0.0175,0.00275894
0.397579,-0.33538,0.339945,0.045,0.00198056
0.420556,-0.332058,0.31328,0.025,0.00198056
0.429724,-0.364008,0.347669,0.0125,0.00198056
0.38897,-0.36308,0.310325,0.0225,0.00198056
0.385385,-0.368528,0.348747,0.0175,0.00198056
0.400724,-0.329941,0.376146,0.0175,0.00198056
-0.0230856,-0.159759,0.270429,0.045,0.145021
-0.00753712,-0.161788,0.302117,0.025,0.145021
0.00215128,-0.195464,0.269566,0.0125,0.145021
0.0141076,-0.141491,0.269127,0.0225,0.145021
-0.00252744,-0.162008,0.240474,0.0175,0.145021
-0.0463486,-0.182077,0.252801,0.0175,0.145021
0.434934,-0.150119,0.427527,0.045,0.00936505
0.461651,-0.153922,0.450368,0.025,0.00936505
0.461373,-0.180607,0.410678,0.0125,0.00936505
0.46665,-0.12587,0.416356,0.0225,0.00936505
0.442413,-0.144676,0.392322,0.0175,0.00936505
0.409072,-0.173336,0.415604,0.0175,0.00936505
0.60032,-0.0584345,0.422267,0.045,0.00306528
0.634145,-0.0668065,0.428248,0.025,0.00306528
0.612333,-0.0365182,0.458154,0.0125,0.00306528
0.602548,-0.0901346,0.448892,0.0225,0.00306528
0.576317,-0.0613192,0.44948,0.0175,0.00306528
0.583685,-0.026572,0.414646,0.0175,0.00306528
0.668419,0.00125504,0.447371,0.045,0.00241841
0.672734,0.0336876,0.46077,0.025,0.00241841
0.711558,0.00804711,0.449691,0.0125,0.00241841
0.672393,0.0288271,0.416667,0.0225,0.00241841
0.685964,-0.00770499,0.416763,0.0175,0.00241841
0.678224,-0.0320251,0.459467,0.0175,0.00241841
0.825921,-0.193873,0.394363,0.045,0.00181607
0.793703,-0.198854,0.408046,0.025,0.00181607
0.818705,-0.16038,0.42154,0.0125,0.00181607
0.79773,-0.173246,0.372035,0.0225,0.00181607
0.834108,-0.161569,0.379721,0.0175,0.00181607
0.859316,-0.192331,0.409608,0.0175,0.00181607
0.953808,-0.126498,0.44492,0.045,0.000925844
0.975125,-0.14052,0.469393,0.025,0.000925844
0.980188,-0.0942779,0.458278,0.0125,0.000925844
0.937961,-0.120272,0.48272,0.0225,0.000925844
0.935998,-0.0956825,0.45255,0.0175,0.000925844
0.960406,-0.111318,0.412117,0.0175,0.000925844
0.356579,0.282371,0.361276,0.045,0.0391539
0.350256,0.302958,0.333237,0.025,0.0391539
0.394911,0.300244,0.350152,0.0125,0.0391539
0.363777,0.261267,0.326325,0.0225,0.0391539
0.383708,0.258155,0.359668,0.0175,0.0391539
0.368839,0.28973,0.395121,0.0175,0.0391539
-0.0070858,0.0911932,0.237126,0.045,0.0373259
-0.0132748,0.117503,0.259919,0.025,0.0373259
0.0292524,0.115504,0.238126,0.0125,0.0373259
-0.020937,0.124559,0.216788,0.0225,0.0373259
0.00569927,0.0991537,0.203988,0.0175,0.0373259
0.0174232,0.06382,0.236989,0.0175,0.0373259
0.231697,0.201344,0.360565,0.045,0.0249307
0.259291,0.183942,0.346935,0.025,0.0249307
0.215231,0.167329,0.338557,0.0125,0.0249307
0.238949,0.214402,0.321892,0.0225,0.0249307
0.204031,0.21048,0.338746,0.0175,0.0249307
0.2058,0.19162,0.384747,0.0175,0.0249307
0.575993,0.137194,0.37495,0.045,0.00189855
0.56506,0.126469,0.406817,0.025,0.00189855
0.538105,0.157663,0.38257,0.0125,0.00189855
0.550199,0.104984,0.370952,0.0225,0.00189855
0.552922,0.135485,0.346847,0.0175,0.00189855
0.58525,0.170223,0.361784,0.0175,0.00189855
0.637782,0.250089,0.369859,0.045,0.0022771
0.632175,0.215821,0.376515,0.025,0.0022771
0.665465,0.227836,0.344345,0.0125,0.0022771
0.664239,0.236806,0.398882,0.0225,0.0022771
0.671801,0.262987,0.371023,0.0175,0.0022771
0.634097,0.27031,0.339404,0.0175,0.0022771
0.806713,0.206708,0.313982,0.045,0.00207446
0.813689,0.192747,0.345706,0.025,0.00207446
0.848963,0.214667,0.321985,0.0125,0.00207446
0.8025,0.235621,0.343393,0.0225,0.00207446
0.816261,0.241205,0.307363,0.0175,0.00207446
0.819751,0.199551,0.280384,0.0175,0.00207446
0.951592,0.0806761,0.429405,0.045,0.00171637
0.918747,0.093722,0.42842,0.025,0.00171637
0.937831,0.0764458,0.388111,0.0125,0.00171637
0.924077,0.0501287,0.434742,0.0225,0.00171637
0.957903,0.0476106,0.415554,0.0175,0.00171637
0.982695,0.0906395,0.412571,0.0175,0.00171637
0.0298023,0.326117,0.109724,0.045,0.00758843
0.0163055,0.327856,0.142355,0.025,0.00758843
0.00981668,0.364893,0.112798,0.0125,0.00758843
-0.00960505,0.313243,0.109433,0.0225,0.00758843
0.00828403,0.333399,0.0812823,0.0175,0.00758843
0.0550523,0.346316,0.0922765,0.0175,0.00758843
-0.00853729,0.460704,0.240148,0.045,0.00959688
-0.0295371,0.487203,0.250481,0.025,0.00959688
-0.0487472,0.44391,0.243838,0.0125,0.00959688
-0.0119246,0.460776,0.281467,0.0225,0.00959688
-0.00928501,0.429333,0.258595,0.0175,0.00959688
-0.00815513,0.439758,0.209963,0.0175,0.00959688
0.179579,0.439296,0.368037,0.045,0.0444712
0.164961,0.417068,0.344751,0.025,0.0444712
0.17637,0.400615,0.388187,0.0125,0.0444712
0.138498,0.438109,0.373486,0.0225,0.0444712
0.165381,0.441729,0.401466,0.0175,0.0444712
0.212233,0.439543,0.384879,0.0175,0.0444712
0.266895,0.384943,0.341692,0.045,0.047799
0.274606,0.400518,0.372481,0.025,0.047799
0.298742,0.361174,0.35995,0.0125,0.047799
0.298484,0.41132,0.336678,0.0225,0.047799
0.293913,0.377103,0.318593,0.0175,0.047799
0.253838,0.351615,0.333402,0.0175,0.047799
0.573157,0.47232,0.363985,0.045,0.00607246
0.549276,0.45691,0.385015,0.025,0.00607246
0.591755,0.468922,0.403419,0.0125,0.00607246
0.551271,0.501226,0.384088,0.0225,0.00607246
0.589111,0.50314,0.374966,0.0175,0.00607246
0.6067,0.462118,0.352993,0.0175,0.00607246
0.631809,0.405681,0.344052,0.045,0.00417373
0.623136,0.388889,0.373932,0.025,0.00417373
0.621043,0.436662,0.372979,0.0125,0.00417373
0.590842,0.399464,0.345401,0.0225,0.00417373
0.608973,0.430575,0.330497,0.0175,0.00417373
0.65841,0.429711,0.335994,0.0175,0.00417373
0.779769,0.38006,0.357499,0.045,0.00107421
0.791289,0.346899,0.3617,0.025,0.00107421
0.789104,0.375491,0.399978,0.0125,0.00107421
0.748289,0.355444,0.368537,0.0225,0.00107421
0.753452,0.392531,0.379337,0.0175,0.00107421
0.795813,0.41269,0.36278,0.0175,0.00107421
0.951314,0.248655,0.381157,0.045,0.000645573
0.942108,0.265617,0.41078,0.025,0.000645573
0.985696,0.24612,0.408063,0.0125,0.000645573
0.96397,0.288095,0.379386,0.0225,0.000645573
0.982787,0.257163,0.364969,0.0175,0.000645573
0.960504,0.213712,0.374483,0.0175,0.000645573
-0.00999451,0.342571,0.248593,0.045,0.0138771
-0.0313076,0.359363,0.27126,0.025,0.0138771
-0.0287095,0.375127,0.22618,0.0125,0.0138771
-0.0484528,0.327349,0.245768,0.0225,0.0138771
-0.0232613,0.331975,0.216395,0.0175,0.0138771
0.0195765,0.353483,0.229712,0.0175,0.0138771
-0.0391321,0.597746,0.22087,0.045,0.0146927
-0.0496983,0.61741,0.193453,0.025,0.0146927
-0.03827,0.639323,0.234401,0.0125,0.0146927
-0.00620667,0.610958,0.19942,0.0225,0.0146927
-0.00828719,0.606537,0.238084,0.0175,0.0146927
-0.0531343,0.592524,0.254436,0.0175,0.0146927
0.585904,0.689318,0.427917,0.045,0.00452464
0.600293,0.713471,0.449356,0.025,0.00452464
0.553487,0.71612,0.439887,0.0125,0.00452464
0.58178,0.677417,0.467416,0.0225,0.00452464
0.556002,0.671623,0.438769,0.0175,0.00452464
0.569148,0.691999,0.395329,0.0175,0.00452464
0.641781,0.617859,0.365528,0.045,0.00353283
0.625603,0.587064,0.37185,0.025,0.00353283
0.624699,0.620868,0.405674,0.0125,0.00353283
0.60167,0.620619,0.355416,0.0225,0.00353283
0.623524,0.64887,0.371004,0.0175,0.00353283
0.669992,0.634806,0.381866,0.0175,0.00353283
0.707391,0.597184,0.299998,0.045,0.00272312
0.673564,0.592077,0.308924,0.025,0.00272312
0.705155,0.602161,0.343389,0.0125,0.00272312
0.6875,0.63353,0.30143,0.0225,0.00272312
0.724487,0.627052,0.311858,0.0175,0.00272312
0.738279,0.579349,0.308821,0.0175,0.00272312
0.743299,0.640112,0.370157,0.045,0.00297374
0.751068,0.608678,0.35596,0.025,0.00297374
0.775458,0.623162,0.394468,0.0125,0.00297374
0.721946,0.610237,0.3894,0.0225,0.00297374
0.736828,0.642246,0.405914,0.0175,0.00297374
0.763028,0.670775,0.374694,0.0175,0.00297374
0.871233,0.494117,0.364157,0.045,0.00167049
0.887037,0.464717,0.375814,0.025,0.00167049
0.860376,0.490121,0.406331,0.0125,0.00167049
0.845222,0.461967,0.361232,0.0225,0.00167049
0.835632,0.49865,0.370241,0.0175,0.00167049
0.874552,0.529444,0.373693,0.0175,0.00167049
0.357923,0.513157,0.215198,0.045,0.00744048
0.38115,0.538579,0.207187,0.025,0.00744048
0.381666,0.498115,0.181694,0.0125,0.00744048
0.342723,0.537211,0.185046,0.0225,0.00744048
0.337633,0.498741,0.188636,0.0175,0.00744048
0.362127,0.478607,0.226973,0.0175,0.00744048
-0.131429,0.673382,0.206184,0.045,0.149126
-0.132091,0.688736,0.238025,0.025,0.149126
-0.173526,0.68063,0.215554,0.0125,0.149126
-0.136649,0.644666,0.235627,0.0225,0.149126
-0.15262,0.644422,0.20008,0.0175,0.149126
-0.142199,0.684812,0.172967,0.0175,0.149126
0.483217,0.772083,0.358897,0.045,0.00438691
0.461361,0.745207,0.351828,0.025,0.00438691
0.508019,0.739878,0.342767,0.0125,0.00438691
0.481947,0.746036,0.391126,0.0225,0.00438691
0.513131,0.765812,0.378667,0.0175,0.00438691
0.504981,0.792564,0.337522,0.0175,0.00438691
0.582644,0.756043,0.359676,0.045,0.00173888
0.596805,0.723763,0.356949,0.025,0.00173888
0.60782,0.750548,0.395011,0.0125,0.00173888
0.559306,0.728585,0.380172,0.0225,0.00173888
0.566049,0.765507,0.390661,0.0175,0.00173888
0.597557,0.78961,0.360639,0.0175,0.00173888
0.732742,0.778148,0.285037,0.045,0.001367
0.729314,0.790848,0.317854,0.025,0.001367
0.766194,0.805628,0.291228,0.0125,0.001367
0.712005,0.814037,0.284218,0.0225,0.001367
0.737388,0.801448,0.25746,0.0175,0.001367
0.75894,0.758087,0.268874,0.0175,0.001367
0.76867,0.736032,0.358468,0.045,0.00182901
0.746676,0.708378,0.357227,0.025,0.00182901
0.747152,0.735617,0.396538,0.0125,0.00182901
0.731375,0.748214,0.345072,0.0225,0.00182901
0.755528,0.768665,0.367813,0.0175,0.00182901
0.796955,0.744191,0.380455,0.0175,0.00182901
0.885797,0.741681,0.343485,0.045,0.00148763
0.90456,0.753719,0.370926,0.025,0.00148763
0.920551,0.762211,0.326657,0.0125,0.00148763
0.875025,0.78082,0.351902,0.0225,0.00148763
0.877199,0.764592,0.316537,0.0175,0.00148763
0.89358,0.717618,0.316832,0.0175,0.00148763
0.954129,0.586977,0.380624,0.045,0.000678203
0.932316,0.611245,0.367014,0.025,0.000678203
0.942565,0.613155,0.413692,0.0125,0.000678203
0.975532,0.620852,0.369986,0.0225,0.000678203
0.982416,0.597932,0.400744,0.0175,0.000678203
0.949441,0.561095,0.406278,0.0175,0.000678203
0.388324,0.649213,0.229981,0.045,0.00624362
0.363441,0.661583,0.208123,0.025,0.00624362
0.376814,0.615833,0.204178,0.0125,0.00624362
0.350694,0.641512,0.245585,0.0225,0.00624362
0.381985,0.618451,0.248381,0.0175,0.00624362
0.421886,0.635492,0.22404,0.0175,0.00624362
0.347356,0.866687,0.291245,0.045,0.00349157
0.34484,0.831458,0.289634,0.025,0.00349157
0.333928,0.853424,0.330694,0.0125,0.00349157
0.308552,0.855704,0.281632,0.0225,0.00349157
0.319136,0.885863,0.303929,0.0175,0.00349157
0.368187,0.889108,0.311576,0.0175,0.00349157
0.463656,0.955091,0.293201,0.045,0.00130832
0.493466,0.958491,0.311906,0.025,0.00130832
0.453744,0.979795,0.3279,0.0125,0.00130832
0.465257,0.925977,0.322672,0.0225,0.00130832
0.433273,0.94439,0.310153,0.0175,0.00130832
0.442221,0.979571,0.276134,0.0175,0.00130832
0.584088,0.955136,0.307882,0.045,0.00116587
0.580463,0.93433,0.279528,0.025,0.00116587
0.600769,0.916231,0.318868,0.0125,0.00116587
0.548874,0.933437,0.310674,0.0225,0.00116587
0.57237,0.943173,0.340202,0.0175,0.00116587
0.613618,0.967168,0.326137,0.0175,0.00116587
0.765713,0.955239,0.277327,0.045,0.000275172
0.791875,0.932033,0.282522,0.025,0.000275172
0.750811,0.926075,0.306307,0.0125,0.000275172
0.76098,0.922704,0.252072,0.0225,0.000275172
0.732432,0.942859,0.269321,0.0175,0.000275172
0.748574,0.978666,0.299853,0.0175,0.000275172
0.864971,0.955091,0.301293,0.045,0.000221453
0.835718,0.959233,0.281875,0.025,0.000221453
0.842341,0.917844,0.304909,0.0125,0.000221453
0.833908,0.968567,0.325215,0.0225,0.000221453
0.86188,0.943526,0.335669,0.0175,0.000221453
0.893181,0.931675,0.298862,0.0175,0.000221453
0.951314,0.743486,0.282118,0.045,0.00100725
0.957594,0.743208,0.31691,0.025,0.00100725
0.987672,0.719893,0.287941,0.0125,0.00100725
0.977488,0.774078,0.292009,0.0225,0.00100725
0.978177,0.75278,0.25938,0.0175,0.00100725
0.943962,0.716688,0.258081,0.0175,0.00100725
0.273831,-0.683746,0.310108,0.045,0.00444338
0.28257,-0.693899,0.342828,0.025,0.00444338
0.236535,-0.685585,0.33287,0.0125,0.00444338
0.270265,-0.724905,0.313571,0.0225,0.00444338
0.247267,-0.701443,0.29261,0.0175,0.00444338
0.258298,-0.653132,0.297014,0.0175,0.00444338
-0.0546875,-0.697728,0.119275,0.045,0.048115
-0.0752198,-0.683863,0.144498,0.025,0.048115
-0.0308016,-0.697441,0.155907,0.0125,0.048115
-0.047788,-0.656961,0.122305,0.0225,0.048115
-0.0211964,-0.68433,0.114394,0.0175,0.048115
-0.0390426,-0.730755,0.115475,0.0175,0.048115
0.260914,-0.814474,0.354029,0.045,0.00499162
0.275493,-0.794597,0.379373,0.025,0.00499162
0.251757,-0.772913,0.343963,0.0125,0.00499162
0.232973,-0.806547,0.383613,0.0225,0.00499162
0.225947,-0.809236,0.345374,0.0175,0.00499162
0.266707,-0.816557,0.317806,0.0175,0.00499162
0.536837,-0.95518,0.519606,0.045,0.00134141
0.516747,-0.967391,0.546012,0.025,0.00134141
0.552041,-0.936781,0.55625,0.0125,0.00134141
0.505754,-0.928789,0.527097,0.0225,0.00134141
0.542029,-0.919287,0.516485,0.0175,0.00134141
0.572733,-0.958215,0.512375,0.0175,0.00134141
0.592463,-0.885252,0.382653,0.045,0.00132642
0.588412,-0.865042,0.411379,0.025,0.00132642
0.62746,-0.892438,0.407875,0.0125,0.00132642
0.611946,-0.849046,0.377335,0.0225,0.00132642
0.623859,-0.883783,0.36429,0.0175,0.00132642
0.594695,-0.921644,0.378111,0.0175,0.00132642
0.758332,-0.954988,0.353087,0.045,0.000359822
0.790972,-0.967795,0.357629,0.025,0.000359822
0.782354,-0.922203,0.369231,0.0125,0.000359822
0.762871,-0.968682,0.391954,0.0225,0.000359822
0.742141,-0.937659,0.380702,0.0175,0.000359822
0.745049,-0.928002,0.331985,0.0175,0.000359822
0.955114,-0.948524,0.355356,0.045,0.00023957
0.945743,-0.922612,0.333203,0.025,0.00023957
0.922128,-0.964159,0.331274,0.0125,0.00023957
0.924026,-0.926498,0.3717,0.0225,0.00023957
0.929421,-0.96493,0.375248,0.0175,0.00023957
0.968424,-0.982303,0.349714,0.0175,0.00023957
0.951597,-0.692918,0.343333,0.045,0.000456157
0.943893,-0.672014,0.370786,0.025,0.000456157
0.987547,-0.69138,0.368187,0.0125,0.000456157
0.963501,-0.654032,0.335277,0.0225,0.000456157
0.981919,-0.68655,0.324227,0.0175,0.000456157
0.960927,-0.728385,0.341085,0.0175,0.000456157
0.323697,-0.750603,0.345653,0.045,0.0073667
0.312976,-0.75776,0.378574,0.025,0.0073667
0.359153,-0.763725,0.367635,0.0125,0.0073667
0.329117,-0.717365,0.369831,0.0225,0.0073667
0.352427,-0.728792,0.340766,0.0175,0.0073667
0.338591,-0.771524,0.319376,0.0175,0.0073667
0.362838,-0.862292,0.331245,0.045,0.0056065
0.386442,-0.886955,0.322048,0.025,0.0056065
0.390355,-0.866283,0.365,0.0125,0.0056065
0.350724,-0.899384,0.345253,0.0225,0.0056065
0.34582,-0.865189,0.363292,0.0175,0.0056065
0.366208,-0.826621,0.339381,0.0175,0.0056065
0.458042,-0.765776,0.449376,0.045,0.00230587
0.426365,-0.767851,0.433811,0.025,0.00230587
0.42977,-0.74587,0.476151,0.0125,0.00230587
0.450939,-0.731514,0.427141,0.0225,0.00230587
0.469866,-0.733426,0.461154,0.0175,0.00230587
0.470908,-0.778961,0.481167,0.0175,0.00230587
0.600853,-0.709934,0.396418,0.045,0.00143699
0.612348,-0.733955,0.419674,0.025,0.00143699
0.587466,-0.696426,0.435798,0.0125,0.00143699
0.571302,-0.738171,0.403359,0.0225,0.00143699
0.565806,-0.700116,0.397007,0.0175,0.00143699
0.607961,-0.674126,0.392265,0.0175,0.00143699
0.684554,-0.667397,0.384398,0.045,0.0016071
0.678915,-0.642957,0.409315,0.025,0.0016071
0.642842,-0.654921,0.380279,0.0125,0.0016071
0.668968,-0.685227,0.418427,0.0225,0.0016071
0.661474,-0.695402,0.381561,0.0175,0.0016071
0.683169,-0.66611,0.347705,0.0175,0.0016071
0.814071,-0.752993,0.343424,0.045,0.000457568
0.81638,-0.783189,0.32518,0.025,0.000457568
0.85392,-0.753555,0.325417,0.0125,0.000457568
0.831477,-0.782401,0.366896,0.0225,0.000457568
0.840508,-0.744491,0.366956,0.0175,0.000457568
0.815601,-0.71773,0.333215,0.0175,0.000457568
0.910967,-0.624052,0.300683,0.045,0.000741239
0.91177,-0.63575,0.334038,0.025,0.000741239
0.949897,-0.612498,0.316915,0.0125,0.000741239
0.898678,-0.59403,0.326498,0.0225,0.000741239
0.919537,-0.589328,0.293916,0.0175,0.000741239
0.931393,-0.631962,0.271184,0.0175,0.000741239
0.153308,-0.426933,0.331633,0.045,0.0239999
0.150487,-0.461593,0.338017,0.025,0.0239999
0.17632,-0.434731,0.367994,0.0125,0.0239999
0.121979,-0.433979,0.357855,0.0225,0.0239999
0.146103,-0.403378,0.358432,0.0175,0.0239999
0.182138,-0.405405,0.324192,0.0175,0.0239999
0.0531044,-0.547473,0.304172,0.045,0.168742
0.035032,-0.558331,0.332553,0.025,0.168742
0.0383822,-0.587587,0.294865,0.0125,0.168742
0.0778351,-0.569502,0.329109,0.0225,0.168742
0.0787212,-0.569202,0.290149,0.0175,0.168742
0.0431404,-0.541344,0.269341,0.0175,0.168742
0.47611,-0.596733,0.473628,0.045,0.00193979
0.464103,-0.58829,0.441464,0.025,0.00193979
0.439887,-0.573015,0.479775,0.0125,0.00193979
0.490621,-0.559548,0.462427,0.0225,0.00193979
0.480303,-0.5704,0.498407,0.0175,0.00193979
0.461648,-0.616443,0.501057,0.0175,0.00193979
0.608118,-0.504969,0.390254,0.045,0.000743359
0.633421,-0.529383,0.393954,0.025,0.000743359
0.63971,-0.486517,0.414212,0.0125,0.000743359
0.602569,-0.525837,0.425644,0.0225,0.000743359
0.595511,-0.487949,0.419858,0.0175,0.000743359
0.607852,-0.4718,0.37445,0.0175,0.000743359
0.673374,-0.420557,0.345194,0.045,0.00182849
0.640161,-0.429387,0.336891,0.025,0.00182849
0.665603,-0.459023,0.364494,0.0125,0.00182849
0.647495,-0.407854,0.374987,0.0225,0.00182849
0.683686,-0.421378,0.380094,0.0175,0.00182849
0.705721,-0.436487,0.338127,0.0175,0.00182849
0.796851,-0.492395,0.339807,0.045,0.000504029
0.788159,-0.526656,0.339005,0.025,0.000504029
0.773317,-0.500038,0.375865,0.0125,0.000504029
0.759515,-0.49711,0.322413,0.0225,0.000504029
0.770729,-0.467655,0.345334,0.0175,0.000504029
0.81686,-0.472483,0.363326,0.0175,0.000504029
0.780139,-0.405949,0.357339,0.045,0.00096312
0.805582,-0.428245,0.367611,0.025,0.00096312
0.787475,-0.397704,0.399656,0.0125,0.00096312
0.76326,-0.440092,0.373711,0.0225,0.00096312
0.749571,-0.403751,0.37698,0.0175,0.00096312
0.778511,-0.369275,0.355793,0.0175,0.00096312
0.955103,-0.247182,0.430774,0.045,0.000335501
0.975098,-0.276279,0.428891,0.025,0.000335501
0.97811,-0.248811,0.467929,0.0125,0.000335501
0.935701,-0.278886,0.449135,0.0225,0.000335501
0.934758,-0.241602,0.460438,0.0175,0.000335501
0.963503,-0.211495,0.433193,0.0175,0.000335501
0.192421,-0.370357,0.273495,0.045,0.00326885
0.199274,-0.404018,0.281859,0.025,0.00326885
0.155743,-0.386461,0.29104,0.0125,0.00326885
0.180712,-0.395293,0.242514,0.0225,0.00326885
0.162675,-0.362699,0.253962,0.0175,0.00326885
0.183209,-0.341182,0.293841,0.0175,0.00326885
0.167219,-0.28751,0.372218,0.045,0.00713506
0.170803,-0.317374,0.353636,0.025,0.00713506
0.130896,-0.310849,0.379177,0.0125,0.00713506
0.149431,-0.283238,0.335015,0.0225,0.00713506
0.136741,-0.267951,0.368541,0.0175,0.00713506
0.163756,-0.281026,0.408218,0.0175,0.00713506
0.417759,-0.232635,0.458936,0.045,0.00157196
0.434312,-0.229419,0.490011,0.025,0.00157196
0.387969,-0.217896,0.487357,0.0125,0.00157196
0.412493,-0.267082,0.481396,0.0225,0.00157196
0.386322,-0.250926,0.457462,0.0175,0.00157196
0.401367,-0.208159,0.436977,0.0175,0.00157196
0.65742,-0.156622,0.365935,0.045,0.00268652
0.644365,-0.188287,0.357166,0.025,0.00268652
0.691821,-0.182878,0.359635,0.0125,0.00268652
0.653884,-0.180323,0.399766,0.0225,0.00268652
0.682126,-0.154449,0.392579,0.0175,0.00268652
0.678824,-0.132819,0.347899,0.0175,0.00268652
0.693486,-0.108286,0.457802,0.045,0.00226338
0.710303,-0.124436,0.431224,0.025,0.00226338
0.690515,-0.151223,0.465552,0.0125,0.00226338
0.666448,-0.118477,0.428073,0.0225,0.00226338
0.659777,-0.118946,0.466466,0.0175,0.00226338
0.699553,-0.107406,0.494029,0.0175,0.00226338
0.760726,-0.117484,0.383138,0.045,0.00511446
0.788113,-0.122563,0.404913,0.025,0.00511446
0.79384,-0.131583,0.358294,0.0125,0.00511446
0.784542,-0.0835623,0.384058,0.0225,0.00511446
0.765518,-0.0975541,0.353057,0.0175,0.00511446
0.741642,-0.140351,0.361622,0.0175,0.00511446
0.88894,-0.196527,0.464379,0.045,0.00201736
0.871148,-0.227037,0.462751,0.025,0.00201736
0.877864,-0.206601,0.505469,0.0125,0.00201736
0.848218,-0.189054,0.462232,0.0225,0.00201736
0.874396,-0.168529,0.482534,0.0175,0.00201736
0.920503,-0.187123,0.480669,0.0175,0.00201736
0.380887,-0.0429955,0.258834,0.045,0.00370407
0.364025,-0.0698829,0.274414,0.025,0.00370407
0.409417,-0.0610546,0.286626,0.0125,0.00370407
0.36413,-0.0303642,0.294589,0.0225,0.00370407
0.398085,-0.0185183,0.279573,0.0175,0.00370407
0.410634,-0.0415774,0.237314,0.0175,0.00370407
0.0576668,-0.08498,0.261065,0.045,0.0140082
0.0576216,-0.0508165,0.270168,0.025,0.0140082
0.0468064,-0.0626047,0.225095,0.0125,0.0140082
0.0193985,-0.0732826,0.271903,0.0225,0.0140082
0.0286721,-0.098736,0.243888,0.0175,0.0140082
0.0776297,-0.104121,0.236877,0.0175,0.0140082
0.296673,0.126743,0.37358,0.045,0.0115312
0.290725,0.0956496,0.389322,0.025,0.0115312
0.278864,0.135777,0.412487,0.0125,0.0115312
0.257844,0.114296,0.366086,0.0225,0.0115312
0.269627,0.151028,0.371626,0.0175,0.0115312
0.317987,0.155316,0.382486,0.0175,0.0115312
0.347343,-0.0869179,0.414791,0.045,0.0884139
0.352945,-0.118099,0.430488,0.025,0.0884139
0.316405,-0.0910888,0.445417,0.0125,0.0884139
0.324162,-0.116188,0.396774,0.0225,0.0884139
0.313978,-0.0790198,0.402569,0.0175,0.0884139
0.347897,-0.0524101,0.427397,0.0175,0.0884139
0.618159,0.0716038,0.422841,0.045,0.00265408
0.652574,0.0797008,0.423033,0.025,0.00265408
0.624841,0.0980462,0.388655,0.0125,0.00265408
0.624193,0.10723,0.443167,0.0225,0.00265408
0.593693,0.0984582,0.420548,0.0175,0.00265408
0.597015,0.0539857,0.398499,0.0175,0.00265408
0.678407,0.0859556,0.3573,0.045,0.00313905
0.683618,0.060373,0.38114,0.025,0.00313905
0.721701,0.0807127,0.36056,0.0125,0.00313905
0.684233,0.102574,0.394832,0.0225,0.00313905
0.69638,0.117404,0.360901,0.0175,0.00313905
0.686607,0.0885396,0.321578,0.0175,0.00313905
0.746261,-0.0300865,0.399223,0.045,0.0035521
0.727584,-0.053063,0.418544,0.025,0.0035521
0.77507,-0.05827,0.4162,0.0125,0.0035521
0.745099,-0.0176602,0.438758,0.0225,0.0035521
0.775118,-0.0137327,0.414218,0.0175,0.0035521
0.767505,-0.0342374,0.369534,0.0175,0.0035521
0.955107,0.02005,0.495594,0.045,0.00126339
0.925092,0.0322532,0.481445,0.025,0.00126339
0.923758,0.0132619,0.525321,0.0125,0.00126339
0.94876,0.0592441,0.507523,0.0225,0.00126339
0.964553,0.0308525,0.529047,0.0175,0.00126339
0.965503,-0.0134699,0.506472,0.0175,0.00126339
0.309939,0.311665,0.201089,0.045,0.00501174
0.328015,0.290321,0.179462,0.025,0.00501174
0.347911,0.331716,0.192806,0.0125,0.00501174
0.335197,0.287282,0.223141,0.0225,0.00501174
0.326227,0.324371,0.23106,0.0175,0.00501174
0.296953,0.345793,0.197013,0.0175,0.00501174
-0.0870399,0.388035,0.23793,0.045,0.0579177
-0.10604,0.415218,0.225679,0.025,0.0579177
-0.126037,0.385731,0.257588,0.0125,0.0579177
-0.0834394,0.42047,0.263499,0.0225,0.0579177
-0.0846383,0.382929,0.273891,0.0175,0.0579177
-0.0917059,0.351649,0.235856,0.0175,0.0579177
0.528069,0.181846,0.436491,0.045,0.00401243
0.522419,0.147553,0.442979,0.025,0.00401243
0.564756,0.166484,0.454673,0.0125,0.00401243
0.514548,0.176847,0.475362,0.0225,0.00401243
0.540727,0.203046,0.463236,0.0175,0.00401243
0.552184,0.199316,0.414968,0.0175,0.00401243
0.544125,0.242139,0.370378,0.045,0.00419837
0.565136,0.213705,0.370273,0.025,0.00419837
0.581939,0.254762,0.3524,0.0125,0.00419837
0.567914,0.242007,0.404331,0.0225,0.00419837
0.556748,0.273396,0.384113,0.0175,0.00419837
0.530312,0.262805,0.343321,0.0175,0.00419837
0.628992,0.314527,0.431929,0.045,0.00119032
0.634093,0.292634,0.459218,0.025,0.00119032
0.669088,0.322947,0.447222,0.0125,0.00119032
0.61868,0.333439,0.467351,0.0225,0.00119032
0.635428,0.35008,0.436346,0.0175,0.00119032
0.646136,0.318247,0.399645,0.0175,0.00119032
0.71557,0.287818,0.424257,0.045,0.0021183
0.699617,0.266772,0.447764,0.025,0.0021183
0.726314,0.246824,0.413459,0.0125,0.0021183
0.741454,0.279354,0.455516,0.0225,0.0021183
0.751176,0.283549,0.418011,0.0175,0.0021183
0.712377,0.291096,0.387801,0.0175,0.0021183
0.865434,0.222387,0.382035,0.045,0.00136722
0.889339,0.196354,0.38113,0.025,0.00136722
0.897977,0.236357,0.356378,0.0125,0.00136722
0.894384,0.228757,0.411019,0.0225,0.00136722
0.876391,0.25618,0.389973,0.0175,0.00136722
0.844976,0.238122,0.355884,0.0175,0.00136722
0.313444,0.380895,0.122141,0.045,0.00499125
0.309683,0.356629,0.147578,0.025,0.00499125
0.350754,0.380998,0.144955,0.0125,0.00499125
0.299827,0.398868,0.15693,0.0225,0.00499125
0.324601,0.414355,0.131139,0.0175,0.00499125
0.33675,0.383713,0.0938764,0.0175,0.00499125
-0.0798826,0.471651,0.186515,0.045,0.00781092
-0.0756702,0.465003,0.220983,0.025,0.00781092
-0.109945,0.441708,0.197106,0.0125,0.00781092
-0.0550024,0.438891,0.191661,0.0225,0.00781092
-0.0811249,0.443763,0.163155,0.0175,0.00781092
-0.107932,0.485474,0.167223,0.0175,0.00781092
0.361795,0.579577,0.434717,0.045,0.0719776
0.354547,0.599755,0.46283,0.025,0.0719776
0.325564,0.601992,0.42485,0.0125,0.0719776
0.335002,0.560051,0.459609,0.0225,0.0719776
0.335474,0.558728,0.420663,0.0175,0.0719776
0.370128,0.587748,0.399877,0.0175,0.0719776
0.531964,0.545422,0.498702,0.045,0.00188045
0.561771,0.54595,0.51771,0.025,0.00188045
0.556551,0.577639,0.482268,0.0125,0.00188045
0.52851,0.572775,0.529664,0.0225,0.00188045
0.513524,0.576432,0.493876,0.0175,0.00188045
0.525434,0.539219,0.463081,0.0175,0.00188045
0.609298,0.540092,0.420851,0.045,0.00414109
0.587551,0.513291,0.428518,0.025,0.00414109
0.630137,0.515254,0.450199,0.0125,0.00414109
0.58679,0.549304,0.454426,0.0225,0.00414109
0.623905,0.559346,0.44807,0.0175,0.00414109
0.642768,0.541258,0.405738,0.0175,0.00414109
0.653965,0.524785,0.332907,0.045,0.00478382
0.645038,0.491282,0.339826,0.025,0.00478382
0.668889,0.516046,0.373074,0.0125,0.00478382
0.617853,0.523683,0.353241,0.0225,0.00478382
0.645717,0.550647,0.357158,0.0175,0.00478382
0.686483,0.541657,0.330097,0.0175,0.00478382
0.735055,0.45431,0.380914,0.045,0.00272131
0.726048,0.466778,0.412748,0.025,0.00272131
0.75476,0.493134,0.385027,0.0125,0.00272131
0.701856,0.478918,0.37759,0.0225,0.00272131
0.730825,0.475648,0.351728,0.0175,0.00272131
0.767452,0.445227,0.366151,0.0175,0.00272131
0.952158,0.430541,0.310909,0.045,0.0004164
0.928177,0.456422,0.308662,0.025,0.0004164
0.973806,0.468038,0.317059,0.0125,0.0004164
0.950869,0.445303,0.27219,0.0225,0.0004164
0.982603,0.432882,0.291095,0.0175,0.0004164
0.974073,0.41941,0.33822,0.0175,0.0004164
0.167516,0.436178,0.277479,0.045,0.0205953
0.13769,0.425491,0.261789,0.025,0.0205953
0.135428,0.442022,0.306612,0.0125,0.0205953
0.148442,0.468496,0.259857,0.0225,0.0205953
0.168395,0.468934,0.29333,0.0175,0.0205953
0.185415,0.424322,0.307296,0.0175,0.0205953
0.210062,0.60398,0.322158,0.045,0.0115944
0.241404,0.592108,0.3109,0.025,0.0115944
0.209305,0.606524,0.278506,0.0125,0.0115944
0.236186,0.635751,0.316971,0.0225,0.0115944
0.197859,0.636016,0.309919,0.0175,0.0115944
0.175723,0.592013,0.316901,0.0175,0.0115944
0.50602,0.679619,0.365218,0.045,0.00517333
0.486831,0.650145,0.3616,0.025,0.00517333
0.490316,0.670126,0.404914,0.0125,0.00517333
0.466196,0.689341,0.359031,0.0225,0.00517333
0.491281,0.708359,0.382005,0.0175,0.00517333
0.536247,0.687239,0.384667,0.0175,0.00517333
0.662019,0.683481,0.509604,0.045,0.00267754
0.637071,0.70607,0.498771,0.025,0.00267754
0.624881,0.671217,0.529172,0.0125,0.00267754
0.658328,0.714572,0.536779,0.0225,0.00267754
0.66601,0.677318,0.545257,0.0175,0.00267754
0.665897,0.647154,0.505695,0.0175,0.00267754
0.667652,0.698485,0.322066,0.045,0.00392814
0.678893,0.672769,0.343568,0.025,0.00392814
0.670661,0.716144,0.361961,0.0125,0.00392814
0.635238,0.679843,0.339969,0.0225,0.00392814
0.638219,0.717749,0.331426,0.0175,0.00392814
0.682274,0.730753,0.312321,0.0175,0.00392814
0.789928,0.826009,0.394331,0.045,0.00107995
0.784011,0.860518,0.399237,0.025,0.00107995
0.826592,0.84253,0.411517,0.0125,0.00107995
0.803462,0.847479,0.361549,0.0225,0.00107995
0.819976,0.815566,0.376636,0.0175,0.00107995
0.797472,0.798632,0.417647,0.0175,0.00107995
0.849768,0.670271,0.384749,0.045,0.00148566
0.843142,0.666056,0.419222,0.025,0.00148566
0.870796,0.70256,0.405431,0.0125,0.00148566
0.817144,0.693341,0.395804,0.0225,0.00148566
0.844323,0.702901,0.369562,0.0175,0.00148566
0.880898,0.669454,0.36525,0.0175,0.00148566
0.126176,0.738313,0.261427,0.045,0.00335995
0.128201,0.762077,0.235328,0.025,0.00335995
0.128222,0.777577,0.280575,0.0125,0.00335995
0.165867,0.74738,0.253606,0.0225,0.00335995
0.150406,0.739739,0.288554,0.0175,0.00335995
0.101191,0.732515,0.287735,0.0175,0.00335995
0.417366,0.796607,0.258357,0.045,0.00452537
0.451805,0.791443,0.264461,0.025,0.00452537
0.421145,0.787434,0.300949,0.0125,0.00452537
0.426314,0.756219,0.255615,0.0225,0.00452537
0.393452,0.771654,0.269778,0.0175,0.00452537
0.393416,0.821385,0.271101,0.0175,0.00452537
0.384234,0.835662,0.170366,0.045,0.00380699
0.387535,0.800466,0.170976,0.025,0.00380699
0.348075,0.819519,0.15181,0.0125,0.00380699
0.400549,0.822366,0.134648,0.0225,0.00380699
0.375711,0.852077,0.139015,0.0175,0.00380699
0.359917,0.858509,0.18575,0.0175,0.00380699
0.505237,0.859963,0.370798,0.045,0.00291716
0.501239,0.837777,0.343562,0.025,0.00291716
0.525275,0.822769,0.382092,0.0125,0.00291716
0.471882,0.836083,0.376789,0.0225,0.00291716
0.496509,0.84862,0.404267,0.0175,0.00291716
0.534977,0.874717,0.386541,0.0175,0.00291716
0.656202,0.896176,0.285576,0.045,0.00119126
0.677302,0.868697,0.292628,0.025,0.00119126
0.69399,0.912933,0.299851,0.0125,0.00119126
0.653204,0.885961,0.325643,0.0225,0.00119126
0.651747,0.921987,0.310853,0.0175,0.00119126
0.658882,0.923938,0.261657,0.0175,0.00119126
0.818918,0.796214,0.314727,0.045,0.00109617
0.82628,0.761692,0.312712,0.025,0.00109617
0.862396,0.792633,0.317793,0.0125,0.00109617
0.821514,0.780061,0.35282,0.0225,0.00109617
0.832973,0.815721,0.342057,0.0175,0.00109617
0.827947,0.824731,0.29339,0.0175,0.00109617
0.910294,0.860166,0.262775,0.045,0.000506293
0.905038,0.893134,0.274415,0.025,0.000506293
0.932107,0.863586,0.300525,0.0125,0.000506293
0.941287,0.884692,0.25026,0.0225,0.000506293
0.944293,0.847308,0.260851,0.0175,0.000506293
0.9016,0.82731,0.276736,0.0175,0.000506293
0.947797,0.67186,0.335949,0.045,0.000923723
0.92197,0.682804,0.357471,0.025,0.000923723
0.960162,0.66122,0.376525,0.0125,0.000923723
0.95648,0.709763,0.350327,0.0225,0.000923723
0.982165,0.681295,0.343353,0.0175,0.000923723
0.961436,0.638543,0.328602,0.0175,0.000923723
0.395992,-0.824227,0.405592,0.045,0.00436909
0.385867,-0.853642,0.422393,0.025,0.00436909
0.391949,-0.81359,0.447818,0.0125,0.00436909
0.354663,-0.825227,0.408695,0.0225,0.00436909
0.377195,-0.793503,0.410854,0.0175,0.00436909
0.425944,-0.803142,0.408477,0.0175,0.00436909
0.412348,-0.953403,0.327307,0.045,0.00385762
0.400062,-0.94702,0.294775,0.025,0.00385762
0.384876,-0.986081,0.31782,0.0125,0.00385762
0.376494,-0.932708,0.329538,0.0225,0.00385762
0.388698,-0.960418,0.354074,0.0175,0.00385762
0.432152,-0.981003,0.341309,0.0175,0.00385762
0.447719,-0.851686,0.473817,0.045,0.00236012
0.423396,-0.874534,0.485497,0.025,0.00236012
0.446487,-0.884368,0.444784,0.0125,0.00236012
0.465853,-0.881294,0.496473,0.0225,0.00236012
0.480746,-0.86408,0.46484,0.0175,0.00236012
0.450014,-0.831475,0.443219,0.0175,0.00236012
0.59283,-0.797738,0.44302,0.045,0.00165376
0.572515,-0.826648,0.444265,0.025,0.00165376
0.619551,-0.831892,0.437368,0.0125,0.00165376
0.592266,-0.812976,0.481571,0.0225,0.00165376
0.622635,-0.796166,0.463856,0.0175,0.00165376
0.61393,-0.783438,0.416557,0.0175,0.00165376
0.73156,-0.7927,0.323619,0.045,0.000565488
0.739933,-0.823964,0.309392,0.025,0.000565488
0.772482,-0.801497,0.336286,0.0125,0.000565488
0.723674,-0.823113,0.350667,0.0225,0.000565488
0.736927,-0.787482,0.359241,0.0175,0.000565488
0.745613,-0.759018,0.319375,0.0175,0.000565488
0.866378,-0.85365,0.38182,0.045,0.000843002
0.874314,-0.886764,0.391333,0.025,0.000843002
0.900548,-0.850872,0.408971,0.0125,0.000843002
0.847296,-0.863104,0.417391,0.0225,0.000843002
0.862078,-0.828381,0.407665,0.0175,0.000843002
0.885293,-0.827908,0.363667,0.0175,0.000843002
0.900865,-0.763668,0.366381,0.045,0.000445614
0.89114,-0.73954,0.390324,0.025,0.000445614
0.862337,-0.776873,0.382311,0.0125,0.000445614
0.913095,-0.775524,0.404178,0.0225,0.000445614
0.900529,-0.798875,0.375619,0.0175,0.000445614
0.885718,-0.774661,0.334762,0.0175,0.000445614
0.265848,-0.733854,0.235955,0.045,0.00396521
0.28509,-0.705472,0.244569,0.025,0.00396521
0.239836,-0.708051,0.259831,0.0125,0.00396521
0.283389,-0.739405,0.273107,0.0225,0.00396521
0.248094,-0.751798,0.262181,0.0175,0.00396521
0.235114,-0.737859,0.216222,0.0175,0.00396521
0.059063,-0.653644,0.332633,0.045,0.521554
0.0466002,-0.668081,0.302863,0.025,0.521554
0.0865047,-0.686044,0.322162,0.0125,0.521554
0.034787,-0.686006,0.341695,0.0225,0.521554
0.0670237,-0.675292,0.360793,0.0175,0.521554
0.0905662,-0.636448,0.340498,0.0175,0.521554
0.348452,-0.692718,0.429561,0.045,0.00740916
0.338392,-0.66376,0.447175,0.025,0.00740916
0.373354,-0.659956,0.414761,0.0125,0.00740916
0.319881,-0.672091,0.40772,0.0225,0.00740916
0.350393,-0.691528,0.393231,0.0175,0.00740916
0.380366,-0.71085,0.42792,0.0175,0.00740916
0.599978,-0.634708,0.450356,0.045,0.00150454
0.568126,-0.642419,0.463623,0.025,0.00150454
0.5787,-0.656971,0.419306,0.0125,0.00150454
0.600609,-0.672373,0.467669,0.0225,0.00150454
0.619937,-0.661371,0.435667,0.0175,0.00150454
0.610554,-0.614624,0.421464,0.0175,0.00150454
0.681008,-0.510955,0.338184,0.045,0.000856724
0.682028,-0.534053,0.364932,0.025,0.000856724
0.695961,-0.548524,0.321527,0.0125,0.000856724
0.718781,-0.511149,0.35527,0.0225,0.000856724
0.710601,-0.506614,0.317438,0.0175,0.000856724
0.662191,-0.510443,0.30663,0.0175,0.000856724
0.788528,-0.655461,0.414982,0.045,0.00122216
0.774242,-0.683808,0.43055,0.025,0.00122216
0.760768,-0.672825,0.385993,0.0125,0.00122216
0.809988,-0.689464,0.40488,0.0225,0.00122216
0.802912,-0.658927,0.381724,0.0175,0.00122216
0.773966,-0.624156,0.402415,0.0175,0.00122216
0.826128,-0.596605,0.313196,0.045,0.00106736
0.850556,-0.586795,0.336798,0.025,0.00106736
0.80831,-0.564371,0.336776,0.0125,0.00106736
0.820332,-0.616965,0.348842,0.0225,0.00106736
0.792467,-0.604266,0.324739,0.0175,0.00106736
0.809644,-0.578633,0.285714,0.0175,0.00106736
0.953586,-0.465385,0.369678,0.045,0.000386533
0.972598,-0.47455,0.398042,0.025,0.000386533
0.926984,-0.488689,0.395403,0.0125,0.000386533
0.970212,-0.50294,0.364027,0.0225,0.000386533
0.935201,-0.491116,0.351652,0.0175,0.000386533
0.923347,-0.444893,0.365719,0.0175,0.000386533
0.297641,-0.419914,0.34551,0.045,0.00435311
0.323056,-0.401315,0.361576,0.025,0.00435311
0.277591,-0.387444,0.366868,0.0125,0.00435311
0.302694,-0.433491,0.384354,0.0225,0.00435311
0.268983,-0.431144,0.364942,0.0175,0.00435311
0.273126,-0.411084,0.319605,0.0175,0.00435311
0.335462,-0.380832,0.42734,0.045,0.00629229
0.307373,-0.387234,0.406845,0.025,0.00629229
0.345471,-0.365701,0.387548,0.0125,0.00629229
0.340303,-0.416962,0.407594,0.0225,0.00629229
0.368412,-0.391293,0.415943,0.0175,0.00629229
0.351965,-0.349676,0.437683,0.0175,0.00629229
0.55232,-0.408153,0.494641,0.045,0.000671188
0.554493,-0.376186,0.479694,0.025,0.000671188
0.528928,-0.410129,0.457744,0.0125,0.000671188
0.519949,-0.384939,0.506129,0.0225,0.000671188
0.519551,-0.423304,0.49929,0.0175,0.000671188
0.563091,-0.441467,0.483499,0.0175,0.000671188
0.62571,-0.322392,0.383304,0.045,0.00248784
0.608754,-0.303935,0.408239,0.025,0.00248784
0.633674,-0.280195,0.37503,0.0125,0.00248784
0.588227,-0.311196,0.369578,0.0225,0.00248784
0.620822,-0.313514,0.348343,0.0175,0.00248784
0.661296,-0.325466,0.374687,0.0175,0.00248784
0.688055,-0.262745,0.349051,0.045,0.00186478
0.677075,-0.295984,0.344092,0.025,0.00186478
0.722984,-0.285465,0.335774,0.0125,0.00186478
0.694758,-0.285112,0.383307,0.0225,0.00186478
0.717603,-0.256745,0.369445,0.0175,0.00186478
0.702125,-0.237658,0.326189,0.0175,0.00186478
0.788858,-0.261669,0.440157,0.045,0.00205549
0.811332,-0.276515,0.46306,0.025,0.00205549
0.772084,-0.255065,0.48,0.0125,0.00205549
0.776799,-0.3004,0.448715,0.0225,0.00205549
0.753456,-0.26986,0.442297,0.0175,0.00205549
0.777719,-0.226985,0.435365,0.0175,0.00205549
0.869895,-0.388918,0.464851,0.045,0.00137837
0.88879,-0.36766,0.485853,0.025,0.00137837
0.888539,-0.35916,0.438787,0.0125,0.00137837
0.847312,-0.355811,0.475466,0.0225,0.00137837
0.846615,-0.374147,0.441085,0.0175,0.00137837
0.8794,-0.41138,0.437372,0.0175,0.00137837
0.282812,-0.160029,0.319095,0.045,0.0075053
0.252386,-0.151439,0.303268,0.025,0.0075053
0.287972,-0.119485,0.303538,0.0125,0.0075053
0.284972,-0.168743,0.27862,0.0225,0.0075053
0.314053,-0.155549,0.300958,0.0175,0.0075053
0.300654,-0.145718,0.347849,0.0175,0.0075053
0.228707,-0.200207,0.259159,0.045,0.0050243
0.23775,-0.193831,0.22558,0.025,0.0050243
0.194818,-0.179408,0.240954,0.0125,0.0050243
0.245221,-0.162319,0.25591,0.0225,0.0050243
0.216097,-0.172834,0.279573,0.0175,0.0050243
0.201756,-0.220165,0.27417,0.0175,0.0050243
0.0467348,-0.211138,0.304142,0.045,0.101853
0.0476496,-0.217137,0.269311,0.025,0.101853
0.00516099,-0.215155,0.291181,0.0125,0.101853
0.0427922,-0.175386,0.283525,0.0225,0.101853
0.0251527,-0.184786,0.31698,0.0175,0.101853
0.0344514,-0.231166,0.332391,0.0175,0.101853
0.53602,-0.204023,0.459623,0.045,0.00515714
0.564867,-0.220203,0.472118,0.025,0.00515714
0.562458,-0.172492,0.474434,0.0125,0.00515714
0.531993,-0.210658,0.500348,0.0225,0.00515714
0.5189,-0.179708,0.480615,0.0175,0.00515714
0.531026,-0.179897,0.432366,0.0175,0.00515714
0.617242,-0.165669,0.454349,0.045,0.00435776
0.645364,-0.17057,0.475208,0.025,0.00435776
0.621502,-0.129224,0.478141,0.0125,0.00435776
0.605146,-0.180401,0.491165,0.0225,0.00435776
0.585926,-0.154564,0.469214,0.0175,0.00435776
0.610075,-0.141317,0.427785,0.0175,0.00435776
0.690642,-0.044713,0.521301,0.045,0.00416947
0.659725,-0.0418869,0.504385,0.025,0.00416947
0.66037,-0.03736,0.551994,0.0125,0.00416947
0.682567,-0.00487286,0.513159,0.0225,0.00416947
0.700283,-0.0187845,0.544961,0.0175,0.00416947
0.702991,-0.0684364,0.546495,0.0175,0.00416947
0.852225,-0.117571,0.442201,0.045,0.00281912
0.881849,-0.107254,0.45851,0.025,0.00281912
0.870592,-0.0873093,0.416522,0.0125,0.00281912
0.844702,-0.0839437,0.465252,0.0225,0.00281912
0.82864,-0.0923214,0.430748,0.0175,0.00281912
0.84619,-0.13392,0.409855,0.0175,0.00281912
0.954261,-0.168606,0.529856,0.045,0.000370098
0.969804,-0.144903,0.550988,0.025,0.000370098
0.984176,-0.148031,0.505478,0.0125,0.000370098
0.935495,-0.131832,0.526072,0.0225,0.000370098
0.941392,-0.157759,0.49758,0.0175,0.000370098
0.967174,-0.197868,0.511774,0.0175,0.000370098
-0.0304089,0.0618563,0.127665,0.045,0.00431776
-0.0502857,0.0856408,0.110658,0.025,0.00431776
-0.0118694,0.100822,0.134767,0.0125,0.00431776
-0.0149279,0.0687647,0.0898312,0.0225,0.00431776
0.00558218,0.0617642,0.122221,0.0175,0.00431776
-0.0222671,0.0572798,0.1632,0.0175,0.00431776
0.104905,0.112011,0.222211,0.045,0.0283747
0.0882065,0.0954884,0.248634,0.025,0.0283747
0.107892,0.0691845,0.213876,0.0125,0.0283747
0.132067,0.101453,0.251698,0.0225,0.0283747
0.138592,0.101505,0.213277,0.0175,0.0283747
0.0986993,0.113368,0.186022,0.0175,0.0283747
0.415672,0.113724,0.347305,0.045,0.0186461
0.420376,0.0895821,0.372703,0.025,0.0186461
0.397793,0.130309,0.383607,0.0125,0.0186461
0.382286,0.0892872,0.349946,0.0225,0.0186461
0.382384,0.127413,0.341873,0.0175,0.0186461
0.427504,0.148304,0.343532,0.0175,0.0186461
0.47038,0.107859,0.418329,0.045,0.015744
0.468902,0.0862792,0.446296,0.025,0.015744
0.452937,0.131118,0.450998,0.0125,0.015744
0.43317,0.0896743,0.42021,0.0225,0.015744
0.440467,0.126118,0.408489,0.0175,0.015744
0.488261,0.139388,0.412316,0.0175,0.015744
0.639471,0.171462,0.429896,0.045,0.00373916
0.622357,0.15317,0.454847,0.025,0.00373916
0.666557,0.168906,0.464136,0.0125,0.00373916
0.619993,0.197471,0.455643,0.0225,0.00373916
0.654538,0.20343,0.438618,0.0175,0.00373916
0.670551,0.164989,0.411399,0.0175,0.00373916
0.787456,0.107476,0.410176,0.045,0.00208589
0.775534,0.0870494,0.436456,0.025,0.00208589
0.793114,0.130241,0.447085,0.0125,0.00208589
0.747866,0.116652,0.418375,0.0225,0.00208589
0.775651,0.141823,0.407736,0.0175,0.00208589
0.820673,0.121271,0.402672,0.0175,0.00208589
0.871393,0.0623083,0.38522,0.045,0.00244597
0.889298,0.0367364,0.401818,0.025,0.00244597
0.913535,0.0739339,0.38403,0.0125,0.00244597
0.876588,0.0722917,0.425121,0.0225,0.00244597
0.876943,0.096945,0.394941,0.0175,0.00244597
0.872325,0.0747457,0.350659,0.0175,0.00244597
0.311372,0.233473,0.274197,0.045,0.0277847
0.279005,0.219529,0.277022,0.025,0.0277847
0.316713,0.192734,0.289174,0.0125,0.0277847
0.297034,0.238706,0.312742,0.0225,0.0277847
0.333991,0.231558,0.302652,0.0175,0.0277847
0.34058,0.224309,0.253877,0.0175,0.0277847
0.0968838,0.540783,0.207486,0.045,0.00514644
0.12701,0.536025,0.225368,0.025,0.00514644
0.117914,0.507896,0.187772,0.0125,0.00514644
0.127481,0.562314,0.189627,0.0225,0.00514644
0.098186,0.544315,0.171281,0.0175,0.00514644
0.067916,0.518973,0.201555,0.0175,0.00514644
0.282479,0.541135,0.346246,0.045,0.00814776
0.25303,0.546404,0.327404,0.025,0.00814776
0.254983,0.563157,0.372159,0.0125,0.00814776
0.284058,0.578121,0.327584,0.0225,0.00814776
0.298129,0.569477,0.362883,0.0175,0.00814776
0.28897,0.522786,0.377409,0.0175,0.00814776
0.159217,0.350451,0.32442,0.045,0.0709771
0.144709,0.381105,0.314427,0.025,0.0709771
0.176996,0.381382,0.349711,0.0125,0.0709771
0.183304,0.368965,0.296211,0.0225,0.0709771
0.19546,0.347958,0.326702,0.0175,0.0709771
0.158708,0.332027,0.356206,0.0175,0.0709771
0.538207,0.46808,0.453102,0.045,0.00372376
0.558025,0.439559,0.459721,0.025,0.00372376
0.573639,0.471464,0.427693,0.0125,0.00372376
0.566368,0.476876,0.482228,0.0225,0.00372376
0.553639,0.501021,0.454412,0.0175,0.00372376
0.521562,0.480124,0.422641,0.0175,0.00372376
0.691702,0.371422,0.401628,0.045,0.001942
0.707296,0.390388,0.376191,0.025,0.001942
0.696159,0.411969,0.417394,0.0125,0.001942
0.732756,0.371758,0.407391,0.0225,0.001942
0.705544,0.372228,0.435285,0.0175,0.001942
0.658932,0.374204,0.418011,0.0175,0.001942
0.806678,0.315592,0.422238,0.045,0.00268417
0.820022,0.282896,0.420524,0.025,0.00268417
0.785098,0.291845,0.451952,0.0125,0.00268417
0.7838,0.292302,0.396686,0.0225,0.00268417
0.770588,0.320062,0.420635,0.0175,0.00268417
0.805807,0.340588,0.449154,0.0175,0.00268417
0.955056,0.170332,0.425153,0.045,0.00101343
0.938528,0.152802,0.451028,0.025,0.00101343
0.92471,0.197497,0.44108,0.0125,0.00101343
0.921127,0.151765,0.410225,0.0225,0.00101343
0.935214,0.186389,0.399202,0.0175,0.00101343
0.975118,0.201113,0.425005,0.0175,0.00101343
-0.223357,0.552476,0.158846,0.045,0.0154247
-0.248358,0.563918,0.136619,0.025,0.0154247
-0.244269,0.5169,0.14437,0.0125,0.0154247
-0.259208,0.55722,0.179118,0.0225,0.0154247
-0.232589,0.529483,0.185513,0.0175,0.0154247
-0.194037,0.530848,0.154099,0.0175,0.0154247
-0.0331402,0.755643,0.259501,0.045,0.0075126
-0.058333,0.778596,0.250095,0.025,0.0075126
-0.0626378,0.755558,0.291786,0.0125,0.0075126
-0.0251323,0.792903,0.27582,0.0225,0.0075126
-0.0181543,0.758408,0.292558,0.0175,0.0075126
-0.0337411,0.719454,0.265825,0.0175,0.0075126
0.00837898,0.529256,0.184527,0.045,0.00898241
0.0271731,0.54128,0.211954,0.025,0.00898241
-0.0140047,0.518512,0.220528,0.0125,0.00898241
0.0331183,0.499277,0.198949,0.0225,0.00898241
-0.00281189,0.494618,0.184594,0.0175,0.00898241
-0.0253072,0.537229,0.172212,0.0175,0.00898241
0.514323,0.637347,0.475773,0.045,0.00788073
0.544263,0.654006,0.484499,0.025,0.00788073
0.531004,0.653126,0.438554,0.0125,0.00788073
0.506831,0.677676,0.481788,0.0225,0.00788073
0.489731,0.654735,0.45533,0.0175,0.00788073
0.507512,0.608282,0.454353,0.0175,0.00788073
0.650012,0.460052,0.416534,0.045,0.00421688
0.640145,0.467292,0.383365,0.025,0.00421688
0.678546,0.489473,0.401278,0.0125,0.00421688
0.6708,0.435908,0.390007,0.0225,0.00421688
0.684673,0.451089,0.42311,0.0175,0.00421688
0.652558,0.480873,0.446701,0.0175,0.00421688
0.727262,0.543605,0.381728,0.045,0.00460055
0.736401,0.519509,0.405933,0.025,0.00460055
0.770766,0.539735,0.379523,0.0125,0.00460055
0.737343,0.562393,0.417282,0.0225,0.00460055
0.744462,0.575683,0.381346,0.0175,0.00460055
0.730656,0.544466,0.345153,0.0175,0.00460055
0.855289,0.406686,0.398333,0.045,0.00187624
0.830543,0.382887,0.406771,0.025,0.00187624
0.846315,0.412663,0.440715,0.0125,0.00187624
0.817605,0.423592,0.394752,0.0225,0.00187624
0.849905,0.441624,0.407012,0.0175,0.00187624
0.889674,0.411902,0.410187,0.0175,0.00187624
-0.155719,0.547348,0.0922585,0.045,0.00796392
-0.129376,0.567412,0.104648,0.025,0.00796392
-0.170433,0.58853,0.0921655,0.0125,0.00796392
-0.160138,0.552842,0.133112,0.0225,0.00796392
-0.188882,0.550708,0.106884,0.0175,0.00796392
-0.17309,0.546532,0.0598924,0.0175,0.00796392
0.0593157,0.755857,0.20409,0.045,0.00250222
0.0467905,0.723448,0.197553,0.025,0.00250222
0.0897631,0.727766,0.218101,0.0125,0.00250222
0.0398139,0.741206,0.237613,0.0225,0.00250222
0.0716802,0.763639,0.23743,0.0175,0.00250222
0.0889312,0.773868,0.191903,0.0175,0.00250222
0.411391,0.712976,0.390243,0.045,0.00463259
0.41611,0.745469,0.377128,0.025,0.00463259
0.385785,0.739606,0.413645,0.0125,0.00463259
0.440627,0.732858,0.411893,0.0225,0.00463259
0.414408,0.707794,0.426146,0.0175,0.00463259
0.381882,0.691188,0.392362,0.0175,0.00463259
0.510009,0.753691,0.451859,0.045,0.00384089
0.530487,0.773603,0.472695,0.025,0.00384089
0.550443,0.751338,0.435364,0.0125,0.00384089
0.513002,0.792002,0.436301,0.0225,0.00384089
0.511078,0.758886,0.415847,0.0175,0.00384089
0.510245,0.717818,0.443913,0.0175,0.00384089
0.687469,0.769349,0.391399,0.045,0.00164687
0.704743,0.783803,0.364147,0.025,0.00164687
0.65705,0.780823,0.362151,0.0125,0.00164687
0.689161,0.81052,0.395961,0.0225,0.00164687
0.659515,0.787381,0.406178,0.0175,0.00164687
0.66615,0.739555,0.394192,0.0175,0.00164687
0.679616,0.683059,0.42142,0.045,0.00287462
0.655936,0.656807,0.421745,0.025,0.00287462
0.651644,0.692025,0.453819,0.0125,0.00287462
0.646511,0.693594,0.398797,0.0225,0.00287462
0.667827,0.717495,0.421003,0.0175,0.00287462
0.704073,0.694637,0.446276,0.0175,0.00287462
0.867039,0.880312,0.432562,0.045,0.000701177
0.858457,0.888407,0.465891,0.025,0.000701177
0.904533,0.881578,0.455035,0.0125,0.000701177
0.869859,0.921268,0.438342,0.0225,0.000701177
0.893075,0.899495,0.415854,0.0175,0.000701177
0.883011,0.850805,0.417588,0.0175,0.000701177
0.953493,0.492749,0.402957,0.045,0.000574375
0.932229,0.48315,0.429522,0.025,0.000574375
0.978929,0.488606,0.438289,0.0125,0.000574375
0.941084,0.526271,0.423959,0.0225,0.000574375
0.976084,0.520897,0.407683,0.0175,0.000574375
0.982016,0.476116,0.38684,0.0175,0.000574375
0.30864,0.824224,0.222133,0.045,0.00534801
0.302959,0.815198,0.255841,0.025,0.00534801
0.311065,0.780593,0.223837,0.0125,0.00534801
0.344804,0.820424,0.242043,0.0225,0.00534801
0.337792,0.810848,0.204922,0.0175,0.00534801
0.290373,0.816841,0.191119,0.0175,0.00534801
0.359273,0.950571,0.442625,0.045,0.0024305
0.39161,0.942999,0.454749,0.025,0.0024305
0.384646,0.984671,0.432333,0.0125,0.0024305
0.364311,0.966682,0.480491,0.0225,0.0024305
0.344267,0.982629,0.451118,0.0175,0.0024305
0.346316,0.956594,0.408775,0.0175,0.0024305
0.430709,0.890602,0.429844,0.045,0.0041233
0.451253,0.864328,0.418114,0.025,0.0041233
0.470003,0.896523,0.448103,0.0125,0.0041233
0.430223,0.859141,0.456838,0.0225,0.0041233
0.429012,0.89709,0.465621,0.0175,0.0041233
0.432668,0.927102,0.426113,0.0175,0.0041233
0.626349,0.950984,0.387006,0.045,0.000931338
0.65531,0.930954,0.390182,0.025,0.000931338
0.641567,0.94472,0.346488,0.0125,0.000931338
0.660057,0.975049,0.38885,0.0225,0.000931338
0.62813,0.981669,0.367505,0.0175,0.000931338
0.594143,0.94544,0.370213,0.0175,0.000931338
0.76898,0.861513,0.27844,0.045,0.00076327
0.742587,0.843552,0.263248,0.025,0.00076327
0.755731,0.831857,0.307722,0.0125,0.00076327
0.732566,0.878373,0.288857,0.0225,0.00076327
0.764019,0.875481,0.311685,0.0175,0.00076327
0.802062,0.851249,0.290697,0.0175,0.00076327
0.796893,0.91559,0.351515,0.045,0.000375709
0.830755,0.924173,0.356968,0.025,0.000375709
0.796737,0.950173,0.378282,0.0125,0.000375709
0.810748,0.897258,0.386021,0.0225,0.000375709
0.774888,0.91136,0.380201,0.0175,0.000375709
0.768898,0.933814,0.336213,0.0175,0.000375709
0.955079,0.913472,0.31979,0.045,0.000417109
0.92043,0.914719,0.326712,0.025,0.000417109
0.951295,0.920379,0.362807,0.0125,0.000417109
0.941906,0.952774,0.319004,0.0225,0.000417109
0.976502,0.940296,0.331897,0.0175,0.000417109
0.981758,0.890833,0.331002,0.0175,0.000417109
0.318053,-0.681799,0.163012,0.045,0.00350091
0.307161,-0.708152,0.14211,0.025,0.00350091
0.35281,-0.707496,0.156366,0.0125,0.00350091
0.306673,-0.714337,0.186045,0.0225,0.00350091
0.335979,-0.689803,0.193665,0.0175,0.00350091
0.343187,-0.655385,0.158473,0.0175,0.00350091
-0.00169086,-0.880197,0.0945015,0.045,0.0123032
-0.0345849,-0.893076,0.0959481,0.025,0.0123032
0.000879336,-0.918344,0.11573,0.0125,0.0123032
-0.0196692,-0.869096,0.130171,0.0225,0.0123032
0.017882,-0.878219,0.125128,0.0175,0.0123032
0.0291225,-0.89271,0.0788826,0.0175,0.0123032
-0.0190325,-0.904831,0.197052,0.045,0.0155661
-0.0227599,-0.939787,0.200819,0.025,0.0155661
-0.0524685,-0.916544,0.171414,0.0125,0.0155661
0.00207455,-0.924588,0.167338,0.0225,0.0155661
-0.0169448,-0.890786,0.163535,0.0175,0.0155661
-0.041358,-0.876616,0.204501,0.0175,0.0155661
0.539454,-0.885273,0.463362,0.045,0.00182546
0.565873,-0.898387,0.482857,0.025,0.00182546
0.576444,-0.869076,0.446572,0.0125,0.00182546
0.549291,-0.858655,0.493586,0.0225,0.00182546
0.537961,-0.849384,0.457469,0.0175,0.00182546
0.530886,-0.888683,0.427795,0.0175,0.00182546
0.704623,-0.950617,0.428764,0.045,0.000498277
0.713189,-0.975057,0.404695,0.025,0.000498277
0.721374,-0.984424,0.450877,0.0125,0.000498277
0.673428,-0.977543,0.42423,0.0225,0.000498277
0.684423,-0.96036,0.457435,0.0175,0.000498277
0.724715,-0.931535,0.452893,0.0175,0.000498277
0.833236,-0.955048,0.419872,0.045,0.000222566
0.818543,-0.971934,0.44724,0.025,0.000222566
0.830368,-0.925871,0.452322,0.0125,0.000222566
0.792204,-0.949117,0.419774,0.0225,0.000222566
0.819288,-0.923156,0.409225,0.0175,0.000222566
0.866019,-0.939084,0.415349,0.0175,0.000222566
0.927056,-0.955187,0.440361,0.045,0.000254202
0.958184,-0.971944,0.439872,0.025,0.000254202
0.957152,-0.925096,0.430298,0.0125,0.000254202
0.945542,-0.951764,0.477311,0.0225,0.000254202
0.923749,-0.924601,0.459818,0.0175,0.000254202
0.908095,-0.937436,0.414373,0.0175,0.000254202
0.954672,-0.601445,0.377164,0.045,0.00106251
0.975037,-0.610994,0.404442,0.025,0.00106251
0.939392,-0.580039,0.412104,0.0125,0.00106251
0.93733,-0.633264,0.397303,0.0225,0.00106251
0.918489,-0.603562,0.380525,0.0175,0.00106251
0.948513,-0.56901,0.361039,0.0175,0.00106251
0.0416899,-0.843365,0.17202,0.045,0.0104912
0.0701492,-0.83943,0.192625,0.025,0.0104912
0.0745713,-0.863873,0.151754,0.0125,0.0104912
0.0635277,-0.810307,0.159811,0.0225,0.0104912
0.0441523,-0.834975,0.136685,0.0175,0.0104912
0.0231355,-0.873046,0.16085,0.0175,0.0104912
-0.126074,-0.808863,0.20405,0.045,0.0298033
-0.101603,-0.825481,0.223414,0.025,0.0298033
-0.0949176,-0.821759,0.176203,0.0125,0.0298033
-0.096161,-0.78228,0.214882,0.0225,0.0298033
-0.11563,-0.782589,0.181124,0.0175,0.0298033
-0.147924,-0.820179,0.176765,0.0175,0.0298033
0.61247,-0.750886,0.517177,0.045,0.00116081
0.58169,-0.739252,0.504244,0.025,0.00116081
0.587771,-0.786308,0.510266,0.0125,0.00116081
0.58515,-0.74596,0.547968,0.0225,0.00116081
0.612228,-0.773869,0.545403,0.0175,0.00116081
0.638534,-0.772684,0.503193,0.0175,0.00116081
0.688036,-0.757053,0.468341,0.045,0.000416414
0.70712,-0.729406,0.457322,0.025,0.000416414
0.671245,-0.745,0.429802,0.0125,0.000416414
0.669717,-0.72171,0.479916,0.0225,0.000416414
0.651732,-0.754434,0.46876,0.0175,0.000416414
0.682699,-0.7906,0.454336,0.0175,0.000416414
0.725336,-0.58744,0.377259,0.045,0.00133095
0.713882,-0.574037,0.346613,0.025,0.00133095
0.686764,-0.56861,0.385635,0.0125,0.00133095
0.736616,-0.547669,0.374121,0.0225,0.00133095
0.725948,-0.566113,0.406752,0.0175,0.00133095
0.711752,-0.613254,0.399599,0.0175,0.00133095
0.84541,-0.757408,0.439833,0.045,0.00031623
0.879652,-0.755724,0.448475,0.025,0.00031623
0.846952,-0.750003,0.482906,0.0125,0.00031623
0.858663,-0.794616,0.45243,0.0225,0.00031623
0.823424,-0.779281,0.45889,0.0175,0.00031623
0.818149,-0.732854,0.441811,0.0175,0.00031623
0.884391,-0.528605,0.35558,0.045,0.00111943
0.893026,-0.56206,0.363078,0.025,0.00111943
0.928087,-0.530365,0.355755,0.0125,0.00111943
0.890638,-0.532801,0.396349,0.0225,0.00111943
0.899701,-0.501685,0.374708,0.0175,0.00111943
0.890509,-0.507465,0.326158,0.0175,0.00111943
0.325665,-0.356443,0.288358,0.045,0.00176049
0.332766,-0.355105,0.322967,0.025,0.00176049
0.367035,-0.342736,0.291979,0.0125,0.00176049
0.318681,-0.318199,0.302759,0.0225,0.00176049
0.332955,-0.327388,0.267679,0.0175,0.00176049
0.340041,-0.376159,0.260888,0.0175,0.00176049
-0.12258,-0.521189,0.182176,0.045,0.0162949
-0.151491,-0.502327,0.174535,0.025,0.0162949
-0.130065,-0.526773,0.139452,0.0125,0.0162949
-0.156221,-0.545307,0.184492,0.0225,0.0162949
-0.120967,-0.556048,0.171821,0.0175,0.0162949
-0.0878015,-0.518989,0.170529,0.0175,0.0162949
0.362822,-0.451539,0.475805,0.045,0.00158734
0.332512,-0.436177,0.485568,0.025,0.00158734
0.368001,-0.408624,0.469173,0.0125,0.00158734
0.338052,-0.446939,0.44288,0.0225,0.00158734
0.376889,-0.443719,0.443156,0.0175,0.00158734
0.397243,-0.44852,0.488297,0.0175,0.00158734
0.636575,-0.476484,0.470599,0.045,0.00116783
0.646453,-0.47452,0.50449,0.025,0.00116783
0.679584,-0.468565,0.470513,0.0125,0.00116783
0.636014,-0.437,0.483227,0.0225,0.00116783
0.646138,-0.449751,0.44782,0.0175,0.00116783
0.645953,-0.499301,0.44337,0.0175,0.00116783
0.714263,-0.480659,0.415842,0.045,0.000856835
0.71662,-0.514789,0.424762,0.025,0.000856835
0.755242,-0.487018,0.429727,0.0125,0.000856835
0.706837,-0.485228,0.456373,0.0225,0.000856835
0.725406,-0.455382,0.439547,0.0175,0.000856835
0.731495,-0.460472,0.390434,0.0175,0.000856835
0.707997,-0.373725,0.413674,0.045,0.00173915
0.690905,-0.399535,0.430753,0.025,0.00173915
0.6984,-0.35806,0.45336,0.0125,0.00173915
0.667061,-0.368984,0.409147,0.0225,0.00173915
0.693332,-0.340423,0.412731,0.0175,0.00173915
0.739797,-0.356533,0.420248,0.0175,0.00173915
0.794547,-0.445745,0.43654,0.045,0.00142962
0.761817,-0.433876,0.442693,0.025,0.00142962
0.768886,-0.463878,0.406123,0.0125,0.00142962
0.774008,-0.472662,0.460463,0.0225,0.00142962
0.799953,-0.481544,0.432774,0.0175,0.00142962
0.817209,-0.442098,0.407849,0.0175,0.00142962
0.95085,-0.347014,0.510992,0.045,0.000278591
0.970035,-0.322437,0.494322,0.025,0.000278591
0.987542,-0.342067,0.534267,0.0125,0.000278591
0.977601,-0.365159,0.485031,0.0225,0.000278591
0.966516,-0.378649,0.519873,0.0175,0.000278591
0.935871,-0.348181,0.544522,0.0175,0.000278591
0.00813293,-0.366027,0.190254,0.045,0.00904242
0.0214185,-0.394624,0.206246,0.025,0.00904242
-0.0222862,-0.379617,0.218582,0.0125,0.00904242
-0.00433573,-0.400314,0.170565,0.0225,0.00904242
-0.025183,-0.36779,0.175696,0.0175,0.00904242
-0.00215397,-0.333114,0.20294,0.0175,0.00904242
0.154371,-0.201027,0.318153,0.045,0.0079624
0.14186,-0.214835,0.288107,0.025,0.0079624
0.110807,-0.197835,0.320266,0.0125,0.0079624
0.148611,-0.171028,0.290125,0.0225,0.0079624
0.142945,-0.168073,0.328568,0.0175,0.0079624
0.150216,-0.21057,0.353391,0.0175,0.0079624
0.233624,-0.228109,0.351241,0.045,0.00945051
0.22644,-0.217796,0.384287,0.025,0.00945051
0.191444,-0.237334,0.35819,0.0125,0.00945051
0.238084,-0.260039,0.377306,0.0225,0.00945051
0.224452,-0.261764,0.340838,0.0175,0.00945051
0.220576,-0.217433,0.318595,0.0175,0.00945051
0.649445,-0.260703,0.444984,0.045,0.00266602
0.614158,-0.258716,0.444045,0.025,0.00266602
0.635028,-0.300928,0.435675,0.0125,0.00266602
0.633721,-0.270782,0.481997,0.0225,0.00266602
0.665161,-0.286557,0.465222,0.0175,0.00266602
0.674434,-0.269348,0.419474,0.0175,0.00266602
0.721678,-0.204486,0.408559,0.045,0.00344057
0.71804,-0.232008,0.430452,0.025,0.00344057
0.727733,-0.189006,0.449009,0.0125,0.00344057
0.68262,-0.206556,0.422306,0.0225,0.00344057
0.702868,-0.174031,0.415171,0.0175,0.00344057
0.749961,-0.182168,0.401346,0.0175,0.00344057
0.773259,-0.156288,0.464292,0.045,0.00400524
0.766069,-0.190872,0.462795,0.025,0.00400524
0.775401,-0.171161,0.505361,0.0125,0.00400524
0.73286,-0.162641,0.471098,0.0225,0.00400524
0.755105,-0.135467,0.487997,0.0175,0.00400524
0.803068,-0.137647,0.474966,0.0175,0.00400524
0.872656,-0.0263586,0.492039,0.045,0.00344042
0.881955,-0.0236738,0.526043,0.025,0.00344042
0.916259,-0.0230712,0.492721,0.0125,0.00344042
0.876073,0.0135708,0.502656,0.0225,0.00344042
0.885528,-0.00203021,0.468218,0.0175,0.00344042
0.880111,-0.0514445,0.466249,0.0175,0.00344042
0.309227,-0.109198,0.249942,0.045,0.00321719
0.324569,-0.140058,0.257834,0.025,0.00321719
0.35126,-0.10541,0.238479,0.0125,0.00321719
0.326198,-0.107301,0.287719,0.0225,0.00321719
0.324523,-0.0783322,0.261705,0.0175,0.00321719
0.304313,-0.091413,0.218168,0.0175,0.00321719
0.276741,0.0232086,0.291918,0.045,0.009766
0.246725,0.0136,0.275896,0.025,0.009766
0.258208,-0.00705181,0.317479,0.0125,0.009766
0.245072,0.0455441,0.306646,0.0225,0.009766
0.275756,0.0328056,0.327017,0.0175,0.009766
0.307161,0.00457452,0.300716,0.0175,0.009766
0.171775,-0.114538,0.23936,0.045,0.00728039
0.166849,-0.132588,0.269359,0.025,0.00728039
0.174136,-0.0853855,0.271872,0.0125,0.00728039
0.131753,-0.113435,0.25012,0.0225,0.00728039
0.151901,-0.0846627,0.233238,0.0175,0.00728039
0.200129,-0.0949344,0.226643,0.0175,0.00728039
0.272454,-0.174978,0.415019,0.045,0.194611
0.267127,-0.185357,0.448394,0.025,0.194611
0.270477,-0.218659,0.414229,0.0125,0.194611
0.308751,-0.183531,0.433134,0.0225,0.194611
0.299437,-0.190162,0.395878,0.0175,0.194611
0.252401,-0.178669,0.384454,0.0175,0.194611
0.537561,0.031497,0.417371,0.045,0.00805325
0.506459,0.0479443,0.420855,0.025,0.00805325
0.528091,0.0311447,0.460064,0.0125,0.00805325
0.543652,0.071632,0.425787,0.0225,0.00805325
0.565486,0.0418708,0.43829,0.0175,0.00805325
0.548366,-0.00283591,0.424754,0.0175,0.00805325
0.738002,0.0372534,0.491291,0.045,0.00598168
0.733598,0.00994278,0.513308,0.025,0.00598168
0.770237,0.00901312,0.482579,0.0125,0.00598168
0.760938,0.0427351,0.525388,0.0225,0.00598168
0.770694,0.0531108,0.489113,0.0175,0.00598168
0.737357,0.0398547,0.454647,0.0175,0.00598168
0.81965,0.0356684,0.45366,0.045,0.00335014
0.80716,0.0228747,0.484161,0.025,0.00335014
0.852782,0.0370931,0.482168,0.0125,0.00335014
0.806351,0.0667571,0.477647,0.0225,0.00335014
0.837094,0.0676165,0.453713,0.0175,0.00335014
0.846329,0.0242682,0.431115,0.0175,0.00335014
0.886987,0.0896292,0.493407,0.045,0.00157653
0.865309,0.0641599,0.504871,0.025,0.00157653
0.894471,0.0853804,0.536284,0.0125,0.00157653
0.851927,0.106356,0.50789,0.0225,0.00157653
0.887707,0.12148,0.511014,0.0175,0.00157653
0.923613,0.0924204,0.492538,0.0175,0.00157653
0.149423,0.284932,0.260208,0.045,0.0158306
0.144802,0.253766,0.27625,0.025,0.0158306
0.121141,0.29188,0.292833,0.0125,0.0158306
0.116291,0.265665,0.244402,0.0225,0.0158306
0.120188,0.304042,0.249953,0.0175,0.0158306
0.162882,0.317047,0.271933,0.0175,0.0158306
-0.225215,0.165504,0.20048,0.045,0.164977
-0.219396,0.148321,0.170135,0.025,0.164977
-0.194098,0.187844,0.179381,0.0125,0.164977
-0.19375,0.138908,0.205098,0.0225,0.164977
-0.19688,0.174036,0.221679,0.0175,0.164977
-0.237362,0.199401,0.207791,0.0175,0.164977
0.0439291,0.104812,0.154382,0.045,0.00609443
0.0674234,0.0791136,0.160516,0.025,0.00609443
0.0815879,0.124624,0.16447,0.0125,0.00609443
0.0452264,0.0962167,0.194918,0.0225,0.00609443
0.0399681,0.131376,0.178951,0.0175,0.00609443
0.0425395,0.131596,0.129269,0.0175,0.00609443
0.36443,0.118275,0.432225,0.045,0.0558572
0.391432,0.106091,0.451524,0.025,0.0558572
0.400866,0.128133,0.41014,0.0125,0.0558572
0.379024,0.148373,0.456717,0.0225,0.0558572
0.365181,0.152744,0.420551,0.0175,0.0558572
0.3524,0.110017,0.398505,0.0175,0.0558572
0.68223,0.31636,0.504175,0.045,0.00120849
0.656357,0.33768,0.515402,0.025,0.00120849
0.701754,0.351399,0.521601,0.0125,0.00120849
0.673135,0.344218,0.47485,0.0225,0.00120849
0.708509,0.330065,0.483042,0.0175,0.00120849
0.709325,0.298909,0.52182,0.0175,0.00120849
0.720636,0.178601,0.360228,0.045,0.00149865
0.706567,0.160292,0.387001,0.025,0.00149865
0.750597,0.178265,0.392082,0.0125,0.00149865
0.702185,0.204446,0.38688,0.0225,0.00149865
0.734854,0.211455,0.366822,0.0175,0.00149865
0.75032,0.172997,0.339312,0.0175,0.00149865
0.855367,0.156687,0.442567,0.045,0.00229331
0.844281,0.123803,0.449334,0.025,0.00229331
0.872013,0.145784,0.48151,0.0125,0.00229331
0.820607,0.157844,0.465132,0.0225,0.00229331
0.850691,0.182469,0.467833,0.0175,0.00229331
0.888873,0.17107,0.438049,0.0175,0.00229331
0.269479,0.427435,0.220122,0.045,0.0058265
0.242422,0.406713,0.229532,0.025,0.0058265
0.233929,0.443925,0.200711,0.0125,0.0058265
0.263466,0.398126,0.191425,0.0225,0.0058265
0.274607,0.43489,0.184864,0.0175,0.0058265
0.276541,0.463036,0.225841,0.0175,0.0058265
0.0993185,0.627241,0.183157,0.045,0.00310504
0.0788463,0.621444,0.211393,0.025,0.00310504
0.117768,0.594331,0.205271,0.0125,0.00310504
0.113769,0.648474,0.215701,0.0225,0.00310504
0.135157,0.631518,0.187884,0.0175,0.00310504
0.108407,0.606202,0.154438,0.0175,0.00310504
0.0532885,0.404981,0.28473,0.045,0.0189167
0.018917,0.397317,0.281587,0.025,0.0189167
0.0315221,0.441831,0.293719,0.0125,0.0189167
0.0401475,0.414336,0.246539,0.0225,0.0189167
0.066585,0.434045,0.267309,0.0175,0.0189167
0.0736484,0.416169,0.313196,0.0175,0.0189167
0.308828,0.45861,0.390965,0.045,0.0750352
0.278501,0.459146,0.3728,0.025,0.0750352
0.287075,0.494146,0.404249,0.0125,0.0750352
0.313094,0.482006,0.357006,0.0225,0.0750352
0.3295,0.488561,0.391743,0.0175,0.0750352
0.316123,0.455981,0.426879,0.0175,0.0750352
0.624409,0.516648,0.507238,0.045,0.00438613
0.62149,0.545604,0.527314,0.025,0.00438613
0.663991,0.523865,0.524376,0.0125,0.00438613
0.635049,0.550188,0.485316,0.0225,0.00438613
0.651182,0.514814,0.482645,0.0175,0.00438613
0.633021,0.481816,0.515145,0.0175,0.00438613
0.722665,0.519485,0.474342,0.045,0.00332752
0.752086,0.530788,0.490362,0.025,0.00332752
0.721793,0.563167,0.472436,0.0125,0.00332752
0.714809,0.527651,0.514222,0.0225,0.00332752
0.690605,0.533586,0.48426,0.0175,0.00332752
0.710381,0.522887,0.439882,0.0175,0.00332752
0.805172,0.50176,0.424708,0.045,0.00109583
0.803479,0.528454,0.447829,0.025,0.00109583
0.804932,0.483656,0.464516,0.0125,0.00109583
0.84335,0.512304,0.436956,0.0225,0.00109583
0.830813,0.476278,0.428974,0.0175,0.00109583
0.782469,0.473785,0.4175,0.0175,0.00109583
0.909073,0.325964,0.398952,0.045,0.000971925
0.935262,0.335461,0.420723,0.025,0.000971925
0.901974,0.367853,0.409315,0.0125,0.000971925
0.89718,0.321062,0.438364,0.0225,0.000971925
0.874653,0.332629,0.408742,0.0175,0.000971925
0.899008,0.337861,0.365678,0.0175,0.000971925
-0.104371,0.562964,0.169733,0.045,0.0101576
-0.0778842,0.541047,0.177985,0.025,0.0101576
-0.113191,0.547362,0.209624,0.0125,0.0101576
-0.114479,0.524082,0.159497,0.0225,0.0101576
-0.138685,0.551343,0.173268,0.0175,0.0101576
-0.116297,0.594206,0.184956,0.0175,0.0101576
0.203688,0.788074,0.200471,0.045,0.00350184
0.171281,0.780115,0.212152,0.025,0.00350184
0.1763,0.816074,0.18102,0.0125,0.00350184
0.185182,0.761945,0.174134,0.0225,0.00350184
0.209332,0.791018,0.164631,0.0175,0.00350184
0.224319,0.818334,0.203416,0.0175,0.00350184
0.336361,0.645099,0.378658,0.045,0.0103735
0.334598,0.677163,0.363867,0.025,0.0103735
0.33158,0.638649,0.335669,0.0125,0.0103735
0.296751,0.656661,0.374641,0.0225,0.0103735
0.310744,0.620507,0.370658,0.0175,0.0103735
0.360212,0.6174,0.374927,0.0175,0.0103735
0.327025,0.725116,0.418828,0.045,0.0280047
0.349825,0.741367,0.440417,0.025,0.0280047
0.30705,0.761392,0.432881,0.0125,0.0280047
0.319813,0.713866,0.458073,0.0225,0.0280047
0.292995,0.719163,0.430297,0.0175,0.0280047
0.311612,0.735153,0.387021,0.0175,0.0280047
0.682877,0.593637,0.441748,0.045,0.00323496
0.717467,0.600633,0.443888,0.025,0.00323496
0.690439,0.627084,0.414608,0.0125,0.00323496
0.689567,0.623453,0.469765,0.0225,0.00323496
0.659055,0.620881,0.445657,0.0175,0.00323496
0.661527,0.58263,0.413944,0.0175,0.00323496
0.811776,0.580682,0.38164,0.045,0.00212723
0.791625,0.585119,0.41035,0.025,0.00212723
0.828017,0.554152,0.41238,0.0125,0.00212723
0.828749,0.609125,0.406574,0.0225,0.00212723
0.847953,0.583045,0.384899,0.0175,0.00212723
0.818368,0.551509,0.360299,0.0175,0.00212723
0.881132,0.573527,0.438312,0.045,0.000747231
0.91506,0.564586,0.433961,0.025,0.000747231
0.884688,0.531862,0.451111,0.0125,0.000747231
0.886419,0.555696,0.40126,0.0225,0.000747231
0.855262,0.55204,0.424382,0.0175,0.000747231
0.859661,0.575435,0.468066,0.0175,0.000747231
0.19352,0.831406,0.278523,0.045,0.00278332
0.163315,0.814897,0.286595,0.025,0.00278332
0.189679,0.833211,0.322049,0.0125,0.00278332
0.162648,0.858941,0.281263,0.0225,0.00278332
0.199661,0.864638,0.292046,0.0175,0.00278332
0.228571,0.824457,0.287074,0.0175,0.00278332
-0.157383,0.829818,0.211904,0.045,0.0325722
-0.168525,0.801831,0.230413,0.025,0.0325722
-0.14053,0.83402,0.252039,0.0125,0.0325722
-0.192,0.83942,0.232597,0.0225,0.0325722
-0.161827,0.863144,0.225853,0.0175,0.0325722
-0.123862,0.841338,0.202228,0.0175,0.0325722
-0.0389767,0.873039,0.145782,0.045,0.018774
-0.0178793,0.877904,0.173733,0.025,0.018774
-0.0625346,0.862424,0.181065,0.0125,0.018774
-0.0202374,0.83742,0.155726,0.0225,0.018774
-0.0565777,0.841377,0.142218,0.0175,0.018774
-0.0706748,0.888638,0.135688,0.0175,0.018774
0.591228,0.792377,0.441462,0.045,0.00132627
0.56486,0.8074,0.459601,0.025,0.00132627
0.590641,0.834527,0.429818,0.0125,0.00132627
0.556604,0.792417,0.418661,0.0225,0.00132627
0.592938,0.797277,0.405433,0.0175,0.00132627
0.627514,0.798147,0.441192,0.0175,0.00132627
0.644758,0.803597,0.31122,0.045,0.00165171
0.676787,0.802112,0.326119,0.025,0.00165171
0.673417,0.8146,0.280074,0.0125,0.00165171
0.655601,0.841087,0.325209,0.0225,0.00165171
0.635156,0.83355,0.292899,0.0175,0.00165171
0.629513,0.78504,0.283413,0.0175,0.00165171
0.716391,0.854157,0.351015,0.045,0.00105744
0.697884,0.882423,0.361434,0.025,0.00105744
0.7371,0.870306,0.385984,0.0125,0.00105744
0.732229,0.888487,0.334004,0.0225,0.00105744
0.752318,0.857371,0.346127,0.0175,0.00105744
0.724268,0.822282,0.367504,0.0175,0.00105744
0.872168,0.867063,0.343805,0.045,0.000756187
0.880335,0.832676,0.34289,0.025,0.000756187
0.910682,0.864033,0.323312,0.0125,0.000756187
0.896116,0.857347,0.376222,0.0225,0.000756187
0.896853,0.890771,0.356196,0.0175,0.000756187
0.865847,0.891713,0.317302,0.0175,0.000756187
0.942349,0.715561,0.415771,0.045,0.00102433
0.972423,0.730727,0.42652,0.025,0.00102433
0.972774,0.705061,0.386164,0.0125,0.00102433
0.946838,0.752534,0.397561,0.0225,0.00102433
0.931266,0.720637,0.381473,0.0175,0.00102433
0.932752,0.68045,0.410761,0.0175,0.00102433
0.118512,-0.821074,0.109252,0.045,0.0116181
0.101865,-0.829339,0.139328,0.025,0.0116181
0.109537,-0.863821,0.107084,0.0125,0.0116181
0.145827,-0.834952,0.137182,0.0225,0.0116181
0.146997,-0.841143,0.0987234,0.0175,0.0116181
0.108098,-0.822366,0.07404,0.0175,0.0116181
0.0822105,-0.953406,0.208834,0.045,0.0848507
0.0769067,-0.975081,0.18141,0.025,0.0848507
0.0593653,-0.987399,0.224166,0.0125,0.0848507
0.0455949,-0.945208,0.191203,0.0225,0.0848507
0.0537735,-0.943465,0.229267,0.0175,0.0848507
0.10007,-0.957674,0.240659,0.0175,0.0848507
0.618627,-0.937129,0.552339,0.045,0.000924002
0.605727,-0.91354,0.575299,0.025,0.000924002
0.583349,-0.919487,0.53345,0.0125,0.000924002
0.589199,-0.954716,0.575651,0.0225,0.000924002
0.596182,-0.961939,0.537997,0.0175,0.000924002
0.632147,-0.933739,0.518343,0.0175,0.000924002
0.69326,-0.843941,0.419977,0.045,0.000831424
0.662114,-0.840857,0.436422,0.025,0.000831424
0.663709,-0.863373,0.394256,0.0125,0.000831424
0.685908,-0.877762,0.442798,0.0225,0.000831424
0.703883,-0.876717,0.408236,0.0175,0.000831424
0.705539,-0.831443,0.387681,0.0175,0.000831424
0.74511,-0.740797,0.399748,0.045,0.000455091
0.758199,-0.712028,0.383904,0.025,0.000455091
0.738493,-0.707438,0.427241,0.0125,0.000455091
0.784222,-0.734486,0.411961,0.0225,0.000455091
0.755132,-0.748252,0.433938,0.0175,0.000455091
0.711192,-0.749772,0.410658,0.0175,0.000455091
0.872064,-0.868061,0.479865,0.045,0.00140495
0.879558,-0.853241,0.511077,0.025,0.00140495
0.856299,-0.895028,0.510472,0.0125,0.00140495
0.907844,-0.883102,0.494435,0.0225,0.00140495
0.881033,-0.902885,0.474223,0.0175,0.00140495
0.840283,-0.876458,0.463449,0.0175,0.00140495
0.870626,-0.673655,0.379982,0.045,0.000760684
0.875939,-0.695207,0.407501,0.025,0.000760684
0.908874,-0.661951,0.397663,0.0125,0.000760684
0.856644,-0.655914,0.414746,0.0225,0.000760684
0.873731,-0.637711,0.384822,0.0175,0.000760684
0.889286,-0.668284,0.348789,0.0175,0.000760684
0.223538,-0.484194,0.296405,0.045,0.00194334
0.190693,-0.495379,0.289619,0.025,0.00194334
0.209828,-0.461822,0.261419,0.0125,0.00194334
0.224497,-0.514675,0.26832,0.0225,0.00194334
0.247929,-0.483553,0.269392,0.0175,0.00194334
0.237064,-0.451319,0.305695,0.0175,0.00194334
0.191824,-0.807035,0.241015,0.045,0.0475922
0.170598,-0.790479,0.263935,0.025,0.0475922
0.217919,-0.787673,0.270284,0.0125,0.0475922
0.186547,-0.767578,0.22944,0.0225,0.0475922
0.219193,-0.788535,0.225729,0.0175,0.0475922
0.216144,-0.834281,0.245044,0.0175,0.0475922
0.166641,-0.679116,0.356487,0.045,0.0101899
0.198607,-0.675407,0.341844,0.025,0.0101899
0.190862,-0.656683,0.385168,0.0125,0.0101899
0.191662,-0.709615,0.369237,0.0225,0.0101899
0.164138,-0.691973,0.390449,0.0175,0.0101899
0.141156,-0.654734,0.366784,0.0175,0.0101899
0.645662,-0.604314,0.521605,0.045,0.00203032
0.649093,-0.635901,0.506097,0.025,0.00203032
0.678817,-0.600677,0.493319,0.0125,0.00203032
0.67398,-0.626944,0.541723,0.0225,0.00203032
0.675063,-0.588409,0.536014,0.0175,0.00203032
0.637523,-0.57101,0.508391,0.0175,0.00203032
0.667916,-0.55988,0.446642,0.045,0.00125398
0.669232,-0.581463,0.41867,0.025,0.00125398
0.709247,-0.559134,0.432369,0.0125,0.00125398
0.679679,-0.5978,0.458578,0.0225,0.00125398
0.692327,-0.564017,0.473325,0.0175,0.00125398
0.674008,-0.523842,0.450403,0.0175,0.00125398
0.758981,-0.583973,0.465059,0.045,0.00130619
0.761381,-0.617529,0.475933,0.025,0.00130619
0.788241,-0.603369,0.43898,0.0125,0.00130619
0.79023,-0.587902,0.492018,0.0225,0.00130619
0.789466,-0.564534,0.46084,0.0175,0.00130619
0.74829,-0.568962,0.433273,0.0175,0.00130619
0.810517,-0.562168,0.394748,0.045,0.000681908
0.819244,-0.528683,0.402002,0.025,0.000681908
0.823869,-0.544421,0.357075,0.0125,0.000681908
0.77822,-0.537231,0.387417,0.0225,0.000681908
0.78798,-0.568944,0.366978,0.0175,0.000681908
0.830038,-0.590682,0.382261,0.0175,0.000681908
0.955106,-0.426009,0.458079,0.045,0.000583093
0.950567,-0.455268,0.438757,0.025,0.000583093
0.912237,-0.43464,0.458576,0.0125,0.000583093
0.945897,-0.415835,0.418959,0.0225,0.000583093
0.934564,-0.3968,0.451021,0.0175,0.000583093
0.948755,-0.418497,0.49348,0.0175,0.000583093
0.0795641,-0.537428,0.218804,0.045,0.0090788
0.082707,-0.50223,0.219911,0.025,0.0090788
0.0994147,-0.525603,0.181674,0.0125,0.0090788
0.0474146,-0.519745,0.199505,0.0225,0.0090788
0.0650399,-0.552959,0.18926,0.0175,0.0090788
0.104408,-0.564462,0.217417,0.0175,0.0090788
0.011735,-0.460011,0.229058,0.045,0.00253839
0.0381927,-0.483025,0.233571,0.025,0.00253839
0.0105795,-0.472113,0.271067,0.0125,0.00253839
-0.00226176,-0.498751,0.224357,0.0225,0.00253839
-0.0216538,-0.46901,0.240425,0.0175,0.00253839
0.00484553,-0.427035,0.243725,0.0175,0.00253839
0.54248,-0.322771,0.419533,0.045,0.00232331
0.558824,-0.33966,0.445946,0.025,0.00232331
0.565071,-0.29245,0.441505,0.0125,0.00232331
0.519372,-0.320981,0.453906,0.0225,0.00232331
0.522915,-0.293001,0.427012,0.0175,0.00232331
0.555119,-0.303857,0.390679,0.0175,0.00232331
0.62272,-0.424705,0.548145,0.045,0.00270098
0.646052,-0.404564,0.565465,0.025,0.00270098
0.61415,-0.429682,0.59074,0.0125,0.00270098
0.655733,-0.447364,0.558889,0.0225,0.00270098
0.618723,-0.459533,0.557944,0.0175,0.00270098
0.58604,-0.423931,0.546138,0.0175,0.00270098
0.638298,-0.360515,0.471389,0.045,0.00149339
0.668434,-0.355489,0.489181,0.025,0.00149339
0.636855,-0.319643,0.486879,0.0125,0.00149339
0.632562,-0.368915,0.511579,0.0225,0.00149339
0.606684,-0.352458,0.487533,0.0175,0.00149339
0.624101,-0.344244,0.441662,0.0175,0.00149339
0.721937,-0.296826,0.488912,0.045,0.00285313
0.729245,-0.321645,0.513008,0.025,0.00285313
0.76548,-0.297796,0.492864,0.0125,0.00285313
0.725522,-0.27951,0.526409,0.0225,0.00285313
0.736696,-0.263753,0.492562,0.0175,0.00285313
0.730408,-0.293652,0.4533,0.0175,0.00285313
0.824152,-0.230474,0.516637,0.045,0.0024186
0.813262,-0.204519,0.495243,0.025,0.0024186
0.789873,-0.211772,0.536326,0.0125,0.0024186
0.841736,-0.194629,0.527803,0.0225,0.0024186
0.830134,-0.223083,0.551773,0.0175,0.0024186
0.807815,-0.261093,0.528705,0.0175,0.0024186
0.28389,-0.292789,0.240549,0.045,0.00176487
0.25094,-0.292549,0.227733,0.025,0.00176487
0.26211,-0.324186,0.261819,0.0125,0.00176487
0.259639,-0.269015,0.264328,0.0225,0.00176487
0.288846,-0.291715,0.276595,0.0175,0.00176487
0.310296,-0.318338,0.240455,0.0175,0.00176487
0.178774,-0.189288,0.185368,0.045,0.00219973
0.163002,-0.157646,0.185141,0.025,0.00219973
0.182417,-0.173937,0.144581,0.0125,0.00219973
0.139308,-0.193244,0.173305,0.0225,0.00219973
0.169656,-0.213767,0.160017,0.0175,0.00219973
0.213431,-0.199712,0.179023,0.0175,0.00219973
0.0961409,-0.169141,0.237145,0.045,0.0139572
0.104688,-0.163135,0.203368,0.025,0.0139572
0.116141,-0.205299,0.222825,0.0125,0.0139572
0.0663737,-0.183687,0.212224,0.0225,0.0139572
0.0782897,-0.199688,0.245701,0.0175,0.0139572
0.116471,-0.175937,0.266987,0.0175,0.0139572
0.563116,-0.152531,0.535942,0.045,0.00235946
0.532938,-0.170939,0.535318,0.025,0.00235946
0.561882,-0.175533,0.573116,0.0125,0.00235946
0.533325,-0.131522,0.555687,0.0225,0.00235946
0.571063,-0.132604,0.565349,0.0175,0.00235946
0.598375,-0.16283,0.536793,0.0175,0.00235946
0.539577,-0.114136,0.458211,0.045,0.00176143
0.539214,-0.0790432,0.462498,0.025,0.00176143
0.499178,-0.100844,0.448029,0.0125,0.00176143
0.525995,-0.104672,0.49622,0.0225,0.00176143
0.513558,-0.134139,0.473954,0.0175,0.00176143
0.534383,-0.13553,0.428795,0.0175,0.00176143
0.47366,-0.0587616,0.415655,0.045,0.00729231
0.456595,-0.079914,0.438268,0.025,0.00729231
0.46648,-0.0350946,0.451722,0.0125,0.00729231
0.432726,-0.0533563,0.411929,0.0225,0.00729231
0.460033,-0.0257515,0.40861,0.0175,0.00729231
0.506269,-0.0419133,0.41733,0.0175,0.00729231
0.779451,-0.0680227,0.48009,0.045,0.00462307
0.755087,-0.0926982,0.486982,0.025,0.00462307
0.741578,-0.0468412,0.485517,0.0125,0.00462307
0.760491,-0.0793631,0.445009,0.0225,0.00462307
0.772907,-0.0435265,0.453973,0.0175,0.00462307
0.792179,-0.0396598,0.499674,0.0175,0.00462307
0.955039,-0.0679245,0.534996,0.045,0.000269781
0.95604,-0.0970617,0.554997,0.025,0.000269781
0.977371,-0.0573951,0.571092,0.0125,0.000269781
0.923751,-0.0674918,0.562192,0.0225,0.000269781
0.944094,-0.0365907,0.549943,0.0175,0.000269781
0.981424,-0.0479195,0.51907,0.0175,0.000269781
0.338912,0.0478849,0.231892,0.045,0.00612992
0.364125,0.0644617,0.250317,0.025,0.00612992
0.321236,0.0582055,0.270538,0.0125,0.00612992
0.359113,0.0207205,0.255824,0.0225,0.00612992
0.321086,0.0201493,0.247317,0.0175,0.00612992
0.305964,0.0587057,0.219754,0.0175,0.00612992
0.242264,-0.0623722,0.292942,0.045,0.0199943
0.261897,-0.0890701,0.30526,0.025,0.0199943
0.245144,-0.091594,0.260534,0.0125,0.0199943
0.281983,-0.0567107,0.282496,0.0225,0.0199943
0.250902,-0.0473876,0.260913,0.0175,0.0199943
0.207468,-0.0605678,0.28128,0.0175,0.0199943
-0.18958,-0.000160217,0.174107,0.045,0.0525981
-0.218232,0.0199296,0.169061,0.025,0.0525981
-0.180823,0.0254865,0.139784,0.0125,0.0525981
-0.214525,-0.0178744,0.14613,0.0225,0.0525981
-0.175558,-0.0183619,0.145874,0.0175,0.0525981
-0.154777,0.00804393,0.182561,0.0175,0.0525981
0.345926,0.0322371,0.389324,0.045,0.011564
0.314088,0.0305382,0.374046,0.025,0.011564
0.316586,0.0385927,0.421124,0.0125,0.011564
0.333157,0.0702977,0.378976,0.0225,0.011564
0.353835,0.0607047,0.410586,0.0175,0.011564
0.362021,0.0118625,0.415321,0.0175,0.011564
0.667858,0.0950193,0.494003,0.045,0.00356563
0.700421,0.104025,0.483585,0.025,0.00356563
0.664865,0.105399,0.451626,0.0125,0.00356563
0.672793,0.136078,0.496928,0.0225,0.00356563
0.640128,0.117443,0.486706,0.0175,0.00356563
0.645149,0.0680394,0.483689,0.0175,0.00356563
0.725584,0.164832,0.459913,0.045,0.00217933
0.754749,0.14511,0.463147,0.025,0.00217933
0.714,0.123874,0.449877,0.0125,0.00217933
0.744518,0.161457,0.423186,0.0225,0.00217933
0.706043,0.162604,0.429283,0.0175,0.00217933
0.693237,0.16422,0.477329,0.0175,0.00217933
0.782544,0.106322,0.53165,0.045,0.00415034
0.749989,0.0925467,0.532304,0.025,0.00415034
0.754971,0.139352,0.523821,0.0125,0.00415034
0.770748,0.0960783,0.493248,0.0225,0.00415034
0.792496,0.126826,0.503267,0.0175,0.00415034
0.79905,0.131815,0.55233,0.0175,0.00415034
0.311079,0.0919256,0.158641,0.045,0.00982128
0.278919,0.0773522,0.160472,0.025,0.00982128
0.289748,0.112979,0.190488,0.0125,0.00982128
0.284392,0.113596,0.135468,0.0225,0.00982128
0.31397,0.128133,0.156266,0.0175,0.00982128
0.338692,0.0940661,0.182785,0.0175,0.00982128
0.074214,0.288333,0.191634,0.045,0.00634791
0.0408762,0.278362,0.197893,0.025,0.00634791
0.0503988,0.302969,0.158002,0.0125,0.00634791
0.0664918,0.252201,0.17283,0.0225,0.00634791
0.0891095,0.280893,0.159265,0.0175,0.00634791
0.0899345,0.321363,0.188187,0.0175,0.00634791
-0.368093,0.441769,0.2113,0.045,0.0036114
-0.403319,0.439306,0.209562,0.025,0.0036114
-0.377255,0.399434,0.205274,0.0125,0.0036114
-0.383521,0.432984,0.248764,0.0225,0.0036114
-0.349937,0.419846,0.233989,0.0175,0.0036114
-0.341526,0.43415,0.187088,0.0175,0.0036114
-0.0851116,0.0966454,0.192626,0.045,0.0143776
-0.0921716,0.0698807,0.214622,0.025,0.0143776
-0.108024,0.1136,0.225793,0.0125,0.0143776
-0.122292,0.0805486,0.183837,0.0225,0.0143776
-0.112343,0.118165,0.181657,0.0175,0.0143776
-0.0659213,0.1277,0.196792,0.0175,0.0143776
0.543869,0.289475,0.446761,0.045,0.00454604
0.54222,0.268232,0.474974,0.025,0.00454604
0.503113,0.292671,0.462293,0.0125,0.00454604
0.529627,0.252183,0.435571,0.0225,0.00454604
0.51844,0.286505,0.420886,0.0175,0.00454604
0.539696,0.325768,0.44283,0.0175,0.00454604
0.767748,0.343588,0.498423,0.045,0.00166058
0.777482,0.348128,0.532107,0.025,0.00166058
0.731373,0.339908,0.522419,0.0125,0.00166058
0.775204,0.30682,0.516067,0.0225,0.00166058
0.747674,0.314537,0.489584,0.0175,0.00166058
0.745149,0.362451,0.476435,0.0175,0.00166058
0.77967,0.226068,0.408713,0.045,0.00215888
0.750148,0.221801,0.427693,0.025,0.00215888
0.791325,0.204823,0.445118,0.0125,0.00215888
0.775766,0.257074,0.435955,0.0225,0.00215888
0.809097,0.240274,0.42475,0.0175,0.00215888
0.802959,0.202097,0.393449,0.0175,0.00215888
0.865518,0.245361,0.46944,0.045,0.00165154
0.842834,0.242918,0.496449,0.025,0.00165154
0.882262,0.269441,0.501879,0.0125,0.00165154
0.838894,0.277126,0.468465,0.0225,0.00165154
0.876566,0.278293,0.458558,0.0175,0.00165154
0.900669,0.235355,0.465659,0.0175,0.00165154
0.33707,0.590139,0.28682,0.045,0.00430801
0.348983,0.558977,0.298524,0.025,0.00430801
0.301874,0.567221,0.299008,0.0125,0.00430801
0.336393,0.562301,0.256107,0.0225,0.00430801
0.310379,0.590698,0.262076,0.0175,0.00430801
0.318651,0.617351,0.303261,0.0175,0.00430801
0.157681,0.697019,0.187995,0.045,0.00471014
0.128135,0.716425,0.187323,0.025,0.00471014
0.137231,0.689744,0.225961,0.0125,0.00471014
0.164404,0.73365,0.206208,0.0225,0.00471014
0.179774,0.699447,0.216822,0.0175,0.00471014
0.163454,0.660793,0.19009,0.0175,0.00471014
0.735299,0.666981,0.575684,0.045,0.00727628
0.706213,0.646965,0.577519,0.025,0.00727628
0.738619,0.643679,0.612542,0.0125,0.00727628
0.706308,0.686198,0.598244,0.0225,0.00727628
0.744762,0.687098,0.604506,0.0175,0.00727628
0.770994,0.658607,0.573279,0.0175,0.00727628
0.600825,0.612935,0.472878,0.045,0.00198546
0.587695,0.597431,0.501813,0.025,0.00198546
0.634744,0.594749,0.493647,0.0125,0.00198546
0.603389,0.638797,0.50518,0.0225,0.00198546
0.629256,0.635418,0.476227,0.0175,0.00198546
0.618338,0.59962,0.443451,0.0175,0.00198546
0.69819,0.595148,0.530335,0.045,0.00356011
0.677913,0.615577,0.550866,0.025,0.00356011
0.721484,0.603431,0.566409,0.0125,0.00356011
0.706885,0.635106,0.523516,0.0225,0.00356011
0.732327,0.605588,0.52322,0.0175,0.00356011
0.712377,0.561594,0.535116,0.0175,0.00356011
0.78732,0.590235,0.479875,0.045,0.0026432
0.780423,0.574498,0.510774,0.025,0.0026432
0.825875,0.584424,0.49968,0.0125,0.0026432
0.783717,0.618735,0.509766,0.0225,0.0026432
0.80822,0.620035,0.47949,0.0175,0.0026432
0.806659,0.579648,0.450482,0.0175,0.0026432
0.866976,0.464545,0.47843,0.045,0.000864687
0.89622,0.470843,0.497275,0.025,0.000864687
0.900712,0.452685,0.453257,0.0125,0.000864687
0.88188,0.502132,0.469274,0.0225,0.000864687
0.864705,0.47746,0.444473,0.0175,0.000864687
0.852549,0.433666,0.464705,0.0175,0.000864687
0.316936,0.604101,0.199345,0.045,0.00977951
0.31528,0.63941,0.200063,0.025,0.00977951
0.278311,0.615033,0.181994,0.0125,0.00977951
0.297574,0.616653,0.233787,0.0225,0.00977951
0.289203,0.584823,0.212917,0.0175,0.00977951
0.316659,0.579869,0.171727,0.0175,0.00977951
0.04671,0.781649,0.291677,0.045,0.00713954
0.0755453,0.799543,0.301592,0.025,0.00713954
0.0337856,0.809838,0.322512,0.0125,0.00713954
0.0639104,0.763538,0.324766,0.0225,0.00713954
0.0257807,0.766304,0.317201,0.0175,0.00713954
0.0151648,0.792222,0.276085,0.0175,0.00713954
0.0297375,0.840624,0.208748,0.045,0.00300233
0.0583011,0.860882,0.213619,0.025,0.00300233
0.0231324,0.877109,0.185559,0.0125,0.00300233
0.0231267,0.867128,0.239934,0.0225,0.00300233
-0.00327086,0.855069,0.213925,0.0175,0.00300233
0.0152182,0.825111,0.178772,0.0175,0.00300233
0.493154,0.839921,0.482425,0.045,0.00624687
0.46461,0.833115,0.502146,0.025,0.00624687
0.502141,0.854521,0.522656,0.0125,0.00624687
0.468222,0.873037,0.483123,0.0225,0.00624687
0.507187,0.873507,0.482637,0.0175,0.00624687
0.527965,0.82834,0.484444,0.0175,0.00624687
0.669248,0.768552,0.47939,0.045,0.00249607
0.691239,0.760668,0.505927,0.025,0.00249607
0.667775,0.802328,0.507131,0.0125,0.00249607
0.648226,0.750717,0.510354,0.0225,0.00249607
0.635317,0.779223,0.487127,0.0175,0.00249607
0.669147,0.795617,0.454542,0.0175,0.00249607
0.777553,0.673073,0.446416,0.045,0.0018104
0.809852,0.662563,0.45623,0.025,0.0018104
0.796872,0.707824,0.464626,0.0125,0.0018104
0.777027,0.660877,0.486036,0.0225,0.0018104
0.756395,0.690131,0.470631,0.0175,0.0018104
0.765988,0.69849,0.422536,0.0175,0.0018104
0.868708,0.790095,0.4184,0.045,0.00104273
0.855818,0.758316,0.409801,0.025,0.00104273
0.89124,0.760847,0.441838,0.0125,0.00104273
0.83916,0.779065,0.445307,0.0225,0.00104273
0.871557,0.799094,0.453555,0.0175,0.00104273
0.902036,0.805113,0.414699,0.0175,0.00104273
0.955106,0.403127,0.396409,0.045,0.00066873
0.934399,0.387408,0.420371,0.025,0.00066873
0.930592,0.434681,0.414182,0.0125,0.00066873
0.918572,0.393457,0.379363,0.0225,0.00066873
0.939963,0.42511,0.371661,0.0175,0.00066873
0.98116,0.428872,0.399296,0.0175,0.00066873
0.407214,0.949924,0.366442,0.045,0.00301277
0.376049,0.965909,0.371258,0.025,0.00301277
0.386463,0.927424,0.397676,0.0125,0.00301277
0.410049,0.977422,0.397338,0.0225,0.00301277
0.428178,0.94298,0.395377,0.0175,0.00301277
0.416214,0.916102,0.35526,0.0175,0.00301277
0.32653,0.775003,0.326628,0.045,0.00463607
0.337839,0.758053,0.297735,0.025,0.00463607
0.317725,0.801153,0.292699,0.0125,0.00463607
0.365122,0.787004,0.317389,0.0225,0.00463607
0.336876,0.809473,0.332088,0.0175,0.00463607
0.293204,0.786219,0.337288,0.0175,0.00463607
0.413868,0.827036,0.343066,0.045,0.0043024
0.399155,0.810092,0.370387,0.025,0.0043024
0.402835,0.857744,0.372183,0.0125,0.0043024
0.372677,0.82593,0.338499,0.0225,0.0043024
0.396253,0.85519,0.328164,0.0175,0.0043024
0.443973,0.847903,0.340193,0.0175,0.0043024
0.611857,0.860655,0.372528,0.045,0.00169276
0.627655,0.836649,0.393123,0.025,0.00169276
0.61718,0.879485,0.411638,0.0125,0.00169276
0.583382,0.83947,0.393954,0.0225,0.00169276
0.581803,0.877268,0.3846,0.0175,0.00169276
0.622228,0.893915,0.360856,0.0175,0.00169276
0.704635,0.949539,0.342848,0.045,0.000681111
0.702302,0.975074,0.36719,0.025,0.000681111
0.731447,0.981538,0.329824,0.0125,0.000681111
0.676328,0.977542,0.331301,0.0225,0.000681111
0.700572,0.958178,0.307721,0.0175,0.000681111
0.732615,0.928548,0.331602,0.0175,0.000681111
0.808077,0.948134,0.434515,0.045,0.000407995
0.805022,0.94163,0.469132,0.025,0.000407995
0.839882,0.970779,0.454216,0.0125,0.000407995
0.785046,0.977569,0.452457,0.0225,0.000407995
0.810207,0.982644,0.423133,0.0175,0.000407995
0.834917,0.941403,0.410343,0.0175,0.000407995
0.948746,0.815045,0.337109,0.045,0.00104843
0.92317,0.814954,0.361519,0.025,0.00104843
0.968665,0.818181,0.375914,0.0125,0.00104843
0.938262,0.853979,0.346753,0.0225,0.00104843
0.974048,0.841194,0.338113,0.0175,0.00104843
0.976664,0.792112,0.330429,0.0175,0.00104843
0.332442,-0.806181,0.268009,0.045,0.00462736
0.310235,-0.805781,0.240502,0.025,0.00462736
0.319431,-0.847499,0.262008,0.0125,0.00462736
0.293364,-0.802783,0.28143,0.0225,0.00462736
0.322098,-0.822529,0.298843,0.0175,0.00462736
0.364856,-0.822618,0.273411,0.0175,0.00462736
0.331336,-0.955059,0.284774,0.045,0.00313958
0.299619,-0.942449,0.275555,0.025,0.00313958
0.322707,-0.922059,0.312142,0.0125,0.00313958
0.335831,-0.923344,0.258455,0.0225,0.00313958
0.359176,-0.931901,0.288464,0.0175,0.00313958
0.343766,-0.970604,0.315658,0.0175,0.00313958
0.105279,-0.936916,0.305284,0.045,0.329314
0.0960794,-0.963341,0.326896,0.025,0.329314
0.0626811,-0.944158,0.29854,0.0125,0.329314
0.107856,-0.973121,0.28525,0.0225,0.329314
0.0965588,-0.939079,0.270009,0.0175,0.329314
0.0944064,-0.901895,0.302989,0.0175,0.329314
0.613675,-0.951701,0.448956,0.045,0.000160475
0.606539,-0.947559,0.483335,0.025,0.000160475
0.592056,-0.98758,0.461518,0.0125,0.000160475
0.6433,-0.969567,0.471803,0.0225,0.000160475
0.629445,-0.982541,0.437766,0.0175,0.000160475
0.592073,-0.955285,0.419452,0.0175,0.000160475
0.865919,-0.955035,0.506185,0.045,0.000118453
0.89871,-0.941888,0.507561,0.025,0.000118453
0.863815,-0.919111,0.531035,0.0125,0.000118453
0.885436,-0.969212,0.539902,0.0225,0.000118453
0.84762,-0.960183,0.537227,0.0175,0.000118453
0.834373,-0.941534,0.493049,0.0175,0.000118453
0.783828,-0.820294,0.41624,0.045,0.000670675
0.805139,-0.814431,0.443834,0.025,0.000670675
0.781978,-0.777371,0.424402,0.0125,0.000670675
0.761959,-0.821234,0.451448,0.0225,0.000670675
0.749812,-0.807366,0.417114,0.0175,0.000670675
0.784511,-0.808413,0.381478,0.0175,0.000670675
0.954632,-0.867666,0.444118,0.045,0.000413783
0.92478,-0.885317,0.43724,0.025,0.000413783
0.966294,-0.903576,0.422051,0.0125,0.000413783
0.947841,-0.896001,0.47361,0.0225,0.000413783
0.98253,-0.885385,0.459374,0.0175,0.000413783
0.979896,-0.852318,0.422298,0.0175,0.000413783
0.951133,-0.723523,0.429058,0.045,0.000165596
0.975141,-0.710347,0.406697,0.025,0.000165596
0.986994,-0.715454,0.452751,0.0125,0.000165596
0.975406,-0.753967,0.414821,0.0225,0.000165596
0.960487,-0.751241,0.45072,0.0175,0.000165596
0.934639,-0.709498,0.458744,0.0175,0.000165596
0.295003,-0.95518,0.202519,0.045,0.00194349
0.325768,-0.939105,0.195803,0.025,0.00194349
0.302367,-0.928059,0.236026,0.0125,0.00194349
0.325988,-0.975697,0.220897,0.0225,0.00194349
0.289972,-0.970869,0.234978,0.0175,0.00194349
0.260764,-0.942443,0.20645,0.0175,0.00194349
0.135261,-0.885735,0.180242,0.045,0.00775667
0.100056,-0.888893,0.181064,0.025,0.00775667
0.12577,-0.909175,0.21592,0.0125,0.00775667
0.118911,-0.855701,0.203682,0.0225,0.00775667
0.152667,-0.874114,0.210024,0.0175,0.00775667
0.162272,-0.910488,0.177471,0.0175,0.00775667
0.528213,-0.787098,0.504699,0.045,0.0051429
0.54887,-0.777859,0.531863,0.025,0.0051429
0.546998,-0.74919,0.493626,0.0125,0.0051429
0.507536,-0.76181,0.530228,0.0225,0.0051429
0.504605,-0.762802,0.49138,0.0175,0.0051429
0.535579,-0.795067,0.469596,0.0175,0.0051429
0.702311,-0.722061,0.549912,0.045,0.00163832
0.669816,-0.728258,0.56239,0.025,0.00163832
0.68587,-0.75473,0.525934,0.0125,0.00163832
0.70357,-0.752296,0.578251,0.0225,0.00163832
0.725375,-0.749954,0.546035,0.0175,0.00163832
0.714517,-0.710988,0.517074,0.0175,0.00163832
0.773458,-0.725465,0.489013,0.045,0.000616846
0.784026,-0.737664,0.520469,0.025,0.000616846
0.757106,-0.698158,0.519004,0.0125,0.000616846
0.744292,-0.750119,0.505146,0.0225,0.000616846
0.738195,-0.718043,0.483869,0.0175,0.000616846
0.779846,-0.693925,0.471281,0.0175,0.000616846
0.84874,-0.670074,0.480117,0.045,0.000436455
0.829825,-0.691048,0.458849,0.025,0.000436455
0.844681,-0.70834,0.500894,0.0125,0.000436455
0.808576,-0.667875,0.490157,0.0225,0.000436455
0.838649,-0.666449,0.514903,0.0175,0.000436455
0.882996,-0.672494,0.49318,0.0175,0.000436455
0.879406,-0.473634,0.426594,0.045,0.00118246
0.885716,-0.499307,0.450069,0.025,0.00118246
0.922848,-0.478315,0.428433,0.0125,0.00118246
0.88621,-0.457196,0.464041,0.0225,0.00118246
0.897067,-0.441972,0.429849,0.0175,0.00118246
0.886424,-0.470695,0.390648,0.0175,0.00118246
0.370481,-0.253728,0.185477,0.045,0.00444137
0.391888,-0.238422,0.161866,0.025,0.00444137
0.346292,-0.246351,0.149799,0.0125,0.00444137
0.367268,-0.21248,0.188127,0.0225,0.00444137
0.338401,-0.238219,0.192916,0.0175,0.00444137
0.351955,-0.285456,0.185171,0.0175,0.00444137
0.0767221,-0.380734,0.246531,0.045,0.00313582
0.0651774,-0.413767,0.241474,0.025,0.00313582
0.069608,-0.384918,0.203585,0.0125,0.00313582
0.108545,-0.405531,0.236981,0.0225,0.00313582
0.104254,-0.368325,0.226209,0.0175,0.00313582
0.0612379,-0.347935,0.240663,0.0175,0.00313582
-0.0311899,-0.710176,0.233521,0.045,0.0189988
-0.0283056,-0.707097,0.198418,0.025,0.0189988
0.00384386,-0.685063,0.226138,0.0125,0.0189988
-0.00534597,-0.73909,0.218864,0.0225,0.0189988
-0.00203736,-0.72028,0.252835,0.0175,0.0189988
-0.0368466,-0.685497,0.260147,0.0175,0.0189988
0.617353,-0.522569,0.546588,0.045,0.00172065
0.63215,-0.549918,0.563412,0.025,0.00172065
0.622194,-0.510297,0.588283,0.0125,0.00172065
0.587942,-0.546151,0.563838,0.0225,0.00172065
0.587402,-0.507321,0.560568,0.0175,0.00172065
0.62871,-0.488154,0.540537,0.0175,0.00172065
0.713175,-0.520393,0.51349,0.045,0.00178312
0.725016,-0.551519,0.525363,0.025,0.00178312
0.746338,-0.511501,0.540576,0.0125,0.00178312
0.694896,-0.529664,0.549527,0.0225,0.00178312
0.705399,-0.494127,0.537461,0.0175,0.00178312
0.729015,-0.493814,0.493676,0.0175,0.00178312
0.713344,-0.424229,0.492211,0.045,0.00166762
0.722879,-0.432503,0.525236,0.025,0.00166762
0.698561,-0.391995,0.517804,0.0125,0.00166762
0.68254,-0.444488,0.51117,0.0225,0.00166762
0.678668,-0.415417,0.485506,0.0175,0.00166762
0.721872,-0.395968,0.470334,0.0175,0.00166762
0.778197,-0.36506,0.47262,0.045,0.00182162
0.805191,-0.364514,0.495446,0.025,0.00182162
0.778198,-0.325302,0.490835,0.0125,0.00182162
0.764859,-0.375202,0.510541,0.0225,0.00182162
0.745247,-0.354532,0.483954,0.0175,0.00182162
0.770989,-0.34553,0.442344,0.0175,0.00182162
0.902077,-0.414576,0.544778,0.045,0.00129755
0.912583,-0.414611,0.578536,0.025,0.00129755
0.911556,-0.373084,0.554831,0.0125,0.00129755
0.869919,-0.406315,0.569606,0.0225,0.00129755
0.876314,-0.391089,0.534306,0.0175,0.00129755
0.91917,-0.405491,0.513548,0.0175,0.00129755
0.304461,-0.187407,0.205891,0.045,0.00459994
0.299243,-0.159325,0.185053,0.025,0.00459994
0.281672,-0.158521,0.229529,0.0125,0.00459994
0.334216,-0.159272,0.212359,0.0225,0.00459994
0.31806,-0.182362,0.239277,0.0175,0.00459994
0.281282,-0.211,0.221892,0.0175,0.00459994
-0.1263,-0.217712,0.184359,0.045,0.0289901
-0.144423,-0.247947,0.187084,0.025,0.0289901
-0.145923,-0.216899,0.223433,0.0125,0.0289901
-0.165428,-0.211914,0.171945,0.0225,0.0289901
-0.143284,-0.186246,0.191169,0.0175,0.0289901
-0.0984503,-0.203713,0.203811,0.0175,0.0289901
-0.122441,-0.333502,0.14886,0.045,0.0219327
-0.132145,-0.331317,0.114933,0.025,0.0219327
-0.103427,-0.367129,0.128361,0.0125,0.0219327
-0.155974,-0.356954,0.142203,0.0225,0.0219327
-0.126554,-0.365119,0.166422,0.0175,0.0219327
-0.0896756,-0.331744,0.165392,0.0175,0.0219327
0.561,-0.284789,0.498785,0.045,0.000840243
0.543699,-0.314659,0.50643,0.025,0.000840243
0.54783,-0.281175,0.54033,0.0125,0.000840243
0.520366,-0.279633,0.492376,0.0225,0.000840243
0.545148,-0.252831,0.506024,0.0175,0.000840243
0.591512,-0.269644,0.512556,0.0175,0.000840243
0.663276,-0.233408,0.529573,0.045,0.00166874
0.634228,-0.253262,0.526107,0.025,0.00166874
0.658094,-0.25449,0.567536,0.0125,0.00166874
0.630299,-0.212872,0.54405,0.0225,0.00166874
0.666445,-0.211627,0.558565,0.0175,0.00166874
0.698508,-0.241932,0.535576,0.0175,0.00166874
0.707577,-0.155302,0.53313,0.045,0.000862304
0.726693,-0.169653,0.559181,0.025,0.000862304
0.744097,-0.170699,0.514644,0.0125,0.000862304
0.734601,-0.127499,0.547809,0.0225,0.000862304
0.723403,-0.13141,0.510686,0.0175,0.000862304
0.692408,-0.169525,0.502837,0.0175,0.000862304
0.870462,-0.114514,0.530075,0.045,0.00208557
0.890219,-0.136122,0.510256,0.025,0.00208557
0.911609,-0.110116,0.544221,0.0125,0.00208557
0.874825,-0.151099,0.549082,0.0225,0.00208557
0.873368,-0.116179,0.566321,0.0175,0.00208557
0.870509,-0.07804,0.534505,0.0175,0.00208557
0.255054,0.0147018,0.140773,0.045,0.00621324
0.252604,-0.0185837,0.152438,0.025,0.00621324
0.212468,0.00475612,0.140957,0.0125,0.00621324
0.254287,-0.0115153,0.108666,0.0225,0.00621324
0.238093,0.0239104,0.109909,0.0175,0.00621324
0.242388,0.0465561,0.153997,0.0175,0.00621324
0.1852,0.194605,0.280858,0.045,0.0261396
0.159626,0.178458,0.299168,0.025,0.0261396
0.204285,0.17742,0.316254,0.0125,0.0261396
0.170028,0.220302,0.309637,0.0225,0.0261396
0.207162,0.218006,0.298035,0.0175,0.0261396
0.215728,0.1821,0.264683,0.0175,0.0261396
0.0606709,-0.196451,0.1323,0.045,0.0114101
0.0710311,-0.190377,0.165554,0.025,0.0114101
0.0246712,-0.185792,0.154726,0.0125,0.0114101
0.0565598,-0.230951,0.154919,0.0225,0.0114101
0.0328591,-0.219161,0.126318,0.0175,0.0114101
0.0449887,-0.174971,0.106949,0.0175,0.0114101
-0.0293932,-0.0714607,0.208494,0.045,0.0196427
-0.000302814,-0.0549638,0.219966,0.025,0.0196427
-0.0430398,-0.0366574,0.231188,0.0125,0.0196427
-0.0199329,-0.0844173,0.246722,0.0225,0.0196427
-0.0557793,-0.0793656,0.232291,0.0175,0.0196427
-0.0565485,-0.0610131,0.186057,0.0175,0.0196427
0.223089,-0.111571,0.365739,0.045,0.278364
0.198462,-0.136218,0.359734,0.025,0.278364
0.207538,-0.123321,0.404887,0.0125,0.278364
0.18565,-0.0939059,0.363512,0.0225,0.278364
0.214864,-0.0831648,0.386962,0.0175,0.278364
0.255008,-0.112392,0.38392,0.0175,0.278364
0.593493,0.0211544,0.492961,0.045,0.00421431
0.562081,0.0340215,0.483078,0.025,0.00421431
0.574162,0.0358864,0.529317,0.0125,0.00421431
0.596476,0.0619048,0.485942,0.0225,0.00421431
0.615399,0.0417893,0.513438,0.0175,0.00421431
0.603029,-0.00635879,0.515369,0.0175,0.00421431
0.770066,-0.0277367,0.559904,0.045,0.00187289
0.776981,-0.039232,0.592616,0.025,0.00187289
0.782295,0.0073197,0.583013,0.0125,0.00187289
0.736431,-0.0235384,0.583775,0.0225,0.00187289
0.747831,0.000746127,0.555507,0.0175,0.00187289
0.791066,-0.0117808,0.534323,0.0175,0.00187289
0.954318,0.111548,0.54964,0.045,0.000927473
0.975035,0.093009,0.571482,0.025,0.000927473
0.985918,0.138766,0.562799,0.0125,0.000927473
0.94218,0.117236,0.588871,0.0225,0.000927473
0.941697,0.143925,0.560477,0.0175,0.000927473
0.96075,0.127939,0.517391,0.0175,0.000927473
0.099637,0.197357,0.251826,0.045,0.0144183
0.0643314,0.197618,0.249971,0.025,0.0144183
0.08661,0.235293,0.269251,0.0125,0.0144183
0.0874369,0.216644,0.217215,0.0225,0.0144183
0.118215,0.226006,0.239212,0.0175,0.0144183
0.122935,0.198244,0.280224,0.0175,0.0144183
0.0560637,0.21674,0.328046,0.045,0.0145295
0.0460017,0.211159,0.294615,0.025,0.0145295
0.0241475,0.245469,0.319769,0.0125,0.0145295
0.0766135,0.242258,0.302644,0.0225,0.0145295
0.0642127,0.250599,0.338636,0.0175,0.0145295
0.038227,0.213976,0.360049,0.0175,0.0145295
0.218295,0.100382,0.134311,0.045,0.00789091
0.202778,0.0904234,0.164478,0.025,0.00789091
0.175615,0.108666,0.129595,0.0125,0.00789091
0.204386,0.0614773,0.130888,0.0225,0.00789091
0.204815,0.0883831,0.102699,0.0175,0.00789091
0.221197,0.132949,0.117549,0.0175,0.00789091
0.0549622,0.0554533,0.312255,0.045,0.152334
0.0766582,0.0330377,0.295617,0.025,0.152334
0.0395972,0.0512976,0.271522,0.0125,0.152334
0.0842969,0.0765938,0.291974,0.0225,0.152334
0.0471338,0.0873731,0.296607,0.0175,0.152334
0.0191721,0.0538016,0.3204,0.0175,0.152334
0.665517,0.228092,0.494925,0.045,0.00296205
0.646699,0.255656,0.506592,0.025,0.00296205
0.626508,0.225635,0.47531,0.0125,0.00296205
0.642493,0.216735,0.527478,0.0225,0.00296205
0.650865,0.194802,0.496372,0.0175,0.00296205
0.677193,0.218494,0.461436,0.0175,0.00296205
0.76509,0.234847,0.500165,0.045,0.000792962
0.747091,0.224967,0.528947,0.025,0.000792962
0.776514,0.262548,0.532019,0.0125,0.000792962
0.72987,0.256539,0.502958,0.0225,0.000792962
0.764102,0.269729,0.489806,0.0175,0.000792962
0.801055,0.236558,0.492842,0.0175,0.000792962
0.831968,0.181188,0.527322,0.045,0.00329624
0.817979,0.177722,0.559606,0.025,0.00329624
0.864431,0.168084,0.553532,0.0125,0.00329624
0.837471,0.21613,0.548944,0.0225,0.00329624
0.862402,0.200738,0.523248,0.0175,0.00329624
0.84766,0.157107,0.504433,0.0175,0.00329624
-0.268256,0.237918,0.141273,0.045,0.01122
-0.244607,0.215659,0.155247,0.025,0.01122
-0.289174,0.200047,0.147659,0.0125,0.01122
-0.250516,0.215469,0.111272,0.0225,0.01122
-0.287647,0.227252,0.112373,0.0175,0.01122
-0.299896,0.251597,0.153994,0.0175,0.01122
0.19155,0.412724,0.17783,0.045,0.00360196
0.168921,0.417753,0.151134,0.025,0.00360196
0.182209,0.373085,0.161891,0.0125,0.00360196
0.152565,0.40917,0.191477,0.0225,0.00360196
0.183258,0.388505,0.203708,0.0175,0.00360196
0.225401,0.398505,0.179234,0.0175,0.00360196
0.0988665,0.451029,0.209634,0.045,0.00525324
0.0732318,0.448129,0.185458,0.025,0.00525324
0.089574,0.40841,0.206503,0.0125,0.00525324
0.0618184,0.450994,0.22824,0.0225,0.00525324
0.0945517,0.434927,0.241993,0.0175,0.00525324
0.133257,0.438158,0.210905,0.0175,0.00525324
-0.125939,0.146829,0.269131,0.045,0.45023
-0.134255,0.13836,0.235827,0.025,0.45023
-0.169569,0.148293,0.266515,0.0125,0.45023
-0.13001,0.181247,0.246381,0.0225,0.45023
-0.14013,0.176982,0.283773,0.0175,0.45023
-0.133563,0.130909,0.301356,0.0175,0.45023
0.699178,0.433557,0.486896,0.045,0.00266921
0.697435,0.445739,0.52004,0.025,0.00266921
0.698429,0.398448,0.51296,0.0125,0.00266921
0.737303,0.436452,0.502921,0.0225,0.00266921
0.724607,0.408926,0.478429,0.0175,0.00266921
0.676362,0.412807,0.466923,0.0175,0.00266921
0.783641,0.4937,0.540434,0.045,0.00399916
0.816933,0.483387,0.534498,0.025,0.00399916
0.80932,0.521736,0.562045,0.0125,0.00399916
0.796374,0.468739,0.570988,0.0225,0.00399916
0.772783,0.499537,0.574683,0.0175,0.00399916
0.765486,0.524599,0.532332,0.0175,0.00399916
0.779886,0.418733,0.450279,0.045,0.00291808
0.773683,0.411898,0.484409,0.025,0.00291808
0.81679,0.40167,0.466388,0.0125,0.00291808
0.792284,0.4507,0.473584,0.0225,0.00291808
0.809578,0.437715,0.441164,0.0175,0.00291808
0.788377,0.397066,0.421846,0.0175,0.00291808
0.955039,0.293944,0.473358,0.045,0.00102368
0.921788,0.302197,0.482089,0.025,0.00102368
0.95464,0.299453,0.51674,0.0125,0.00102368
0.950583,0.33514,0.474713,0.0225,0.00102368
0.982207,0.314999,0.485341,0.0175,0.00102368
0.976688,0.265648,0.482337,0.0175,0.00102368
-0.0677547,0.655622,0.129935,0.045,0.0072327
-0.0369557,0.657832,0.112715,0.025,0.0072327
-0.0388133,0.632672,0.153348,0.0125,0.0072327
-0.0632792,0.623019,0.104722,0.0225,0.0072327
-0.0801551,0.622867,0.139849,0.0175,0.0072327
-0.0782658,0.666667,0.163365,0.0175,0.0072327
-0.0196762,0.68957,0.197968,0.045,0.00884448
-0.0376918,0.719951,0.199532,0.025,0.00884448
-0.0593611,0.681282,0.18157,0.0125,0.00884448
-0.0417383,0.691141,0.233033,0.0225,0.00884448
-0.0347436,0.659362,0.211586,0.0175,0.00884448
-0.00928398,0.668381,0.169808,0.0175,0.00884448
-0.1694,0.742003,0.267884,0.045,0.384356
-0.163906,0.776517,0.273235,0.025,0.384356
-0.140283,0.754704,0.237828,0.0125,0.384356
-0.194441,0.764262,0.243466,0.0225,0.384356
-0.177482,0.73038,0.234349,0.0175,0.384356
-0.14713,0.712833,0.269646,0.0175,0.384356
0.244514,0.713659,0.385024,0.045,0.0269128
0.271092,0.723091,0.363702,0.025,0.0269128
0.270331,0.678572,0.381165,0.0125,0.0269128
0.235633,0.703235,0.345893,0.0225,0.0269128
0.226102,0.683087,0.377861,0.0175,0.0269128
0.243605,0.702721,0.420089,0.0175,0.0269128
0.752575,0.80877,0.534126,0.045,0.00047424
0.764836,0.836905,0.551679,0.025,0.00047424
0.719771,0.822859,0.559383,0.0125,0.00047424
0.767253,0.797081,0.571095,0.0225,0.00047424
0.736357,0.782016,0.552732,0.0175,0.00047424
0.725286,0.8047,0.509862,0.0175,0.00047424
0.867077,0.713175,0.464938,0.045,0.00159085
0.871611,0.74703,0.474061,0.025,0.00159085
0.878329,0.734433,0.428414,0.0125,0.00159085
0.832006,0.734352,0.458588,0.0225,0.00159085
0.845663,0.705219,0.436599,0.0175,0.00159085
0.889994,0.687971,0.451168,0.0175,0.00159085
0.949999,0.515569,0.489862,0.045,0.000505059
0.967666,0.521667,0.519874,0.025,0.000505059
0.986514,0.49159,0.487817,0.0125,0.000505059
0.977545,0.546016,0.48412,0.0225,0.000505059
0.967468,0.518816,0.458093,0.0175,0.000505059
0.935335,0.485078,0.475535,0.0175,0.000505059
0.288755,0.680496,0.311143,0.045,0.00618984
0.306389,0.680632,0.280499,0.025,0.00618984
0.326304,0.659277,0.318379,0.0125,0.00618984
0.280794,0.64568,0.290091,0.0225,0.00618984
0.284192,0.648979,0.328773,0.0175,0.00618984
0.296403,0.694686,0.344161,0.0175,0.00618984
0.2234,0.955136,0.345748,0.045,0.00231932
0.250698,0.957702,0.368069,0.025,0.00231932
0.218046,0.923558,0.375525,0.0125,0.00231932
0.253848,0.929643,0.333842,0.0225,0.00231932
0.21559,0.922778,0.331018,0.0175,0.00231932
0.187135,0.958637,0.350496,0.0175,0.00231932
0.433922,0.797553,0.429676,0.045,0.00542336
0.402929,0.805862,0.444522,0.025,0.00542336
0.416945,0.829882,0.405611,0.0125,0.00542336
0.403308,0.776597,0.411173,0.0225,0.00542336
0.435175,0.790918,0.393907,0.0175,0.00542336
0.46478,0.816785,0.424394,0.0175,0.00542336
0.520976,0.948355,0.375249,0.045,0.00184407
0.498104,0.975132,0.372114,0.025,0.00184407
0.532275,0.977882,0.405464,0.0125,0.00184407
0.5367,0.977544,0.350359,0.0225,0.00184407
0.55666,0.955533,0.375575,0.0175,0.00184407
0.52821,0.925076,0.40274,0.0175,0.00184407
0.674228,0.859072,0.44013,0.045,0.00071368
0.664163,0.886964,0.459385,0.025,0.00071368
0.710662,0.881264,0.449748,0.0125,0.00071368
0.668587,0.891953,0.415518,0.0225,0.00071368
0.695778,0.86436,0.411275,0.0175,0.00071368
0.695914,0.830369,0.447601,0.0175,0.00071368
0.767167,0.875474,0.468274,0.045,0.000428566
0.792413,0.880662,0.444073,0.025,0.000428566
0.781047,0.835808,0.456172,0.0125,0.000428566
0.750775,0.874101,0.43022,0.0225,0.000428566
0.739959,0.852481,0.460787,0.0175,0.000428566
0.767585,0.859809,0.501507,0.0175,0.000428566
0.902053,0.951746,0.383014,0.045,0.000398851
0.907082,0.946319,0.417586,0.025,0.000398851
0.921929,0.987535,0.398396,0.0125,0.000398851
0.870596,0.967972,0.404599,0.0225,0.000398851
0.886268,0.982672,0.372087,0.0175,0.000398851
0.925398,0.957047,0.355141,0.0175,0.000398851
0.955049,0.615691,0.469551,0.045,0.000204156
0.933092,0.642116,0.477896,0.025,0.000204156
0.940316,0.607278,0.509858,0.0125,0.000204156
0.97558,0.64511,0.490329,0.0225,0.000204156
0.981522,0.606677,0.492852,0.0175,0.000204156
0.949899,0.579516,0.4657,0.0175,0.000204156
0.0596924,-0.870413,0.255902,0.045,0.05515
0.0639887,-0.841053,0.275126,0.025,0.05515
0.05212,-0.836783,0.228991,0.0125,0.05515
0.023168,-0.857961,0.271057,0.0225,0.05515
0.0293081,-0.874391,0.236256,0.0175,0.05515
0.0772156,-0.883428,0.226346,0.0175,0.05515
0.220653,-0.8857,0.208311,0.045,0.00552877
0.227549,-0.91497,0.189718,0.025,0.00552877
0.240081,-0.913565,0.235853,0.0125,0.00552877
0.189781,-0.912985,0.212922,0.0225,0.00552877
0.203348,-0.888679,0.240197,0.0175,0.00552877
0.242415,-0.861603,0.225509,0.0175,0.00552877
0.786387,-0.955105,0.548324,0.045,0.000626416
0.769588,-0.967429,0.51976,0.025,0.000626416
0.746959,-0.968294,0.561887,0.0125,0.000626416
0.763263,-0.925103,0.531474,0.0225,0.000626416
0.769656,-0.930687,0.56951,0.0175,0.000626416
0.796828,-0.971092,0.579715,0.0175,0.000626416
0.631118,-0.873598,0.489923,0.045,0.000378183
0.605112,-0.861313,0.469362,0.025,0.000378183
0.644977,-0.835298,0.474,0.0125,0.000378183
0.6377,-0.884836,0.450563,0.0225,0.000378183
0.664972,-0.875057,0.476628,0.0175,0.000378183
0.646668,-0.860608,0.520573,0.0175,0.000378183
0.776917,-0.897987,0.460983,0.045,0.000792876
0.807524,-0.907664,0.475802,0.025,0.000792876
0.771714,-0.893515,0.504174,0.0125,0.000792876
0.775448,-0.938033,0.47161,0.0225,0.000792876
0.745931,-0.912639,0.473239,0.0175,0.000792876
0.758531,-0.866178,0.460684,0.0175,0.000792876
0.823512,-0.795295,0.519201,0.045,0.000739637
0.852759,-0.79316,0.499452,0.025,0.000739637
0.819907,-0.758606,0.495676,0.0125,0.000739637
0.852005,-0.772237,0.538572,0.0225,0.000739637
0.813462,-0.766503,0.539076,0.0175,0.000739637
0.787935,-0.798236,0.510503,0.0175,0.000739637
0.884693,-0.593934,0.434285,0.045,0.000933487
0.857112,-0.608729,0.417841,0.025,0.000933487
0.887895,-0.637017,0.441073,0.0125,0.000933487
0.853276,-0.598748,0.460904,0.0225,0.000933487
0.891201,-0.602477,0.469065,0.0175,0.000933487
0.920984,-0.597203,0.429567,0.0175,0.000933487
0.106449,-0.631884,0.172405,0.045,0.0183728
0.0990061,-0.601804,0.155381,0.025,0.0183728
0.0628798,-0.629953,0.169167,0.0125,0.0183728
0.0991608,-0.601588,0.199751,0.0225,0.0183728
0.0894525,-0.639115,0.203771,0.0175,0.0183728
0.100335,-0.66716,0.164147,0.0175,0.0183728
0.0498638,-0.620913,0.249013,0.045,0.0337723
0.0186,-0.620178,0.232519,0.025,0.0337723
0.0351452,-0.579856,0.252216,0.0125,0.0337723
0.0549314,-0.609021,0.209622,0.0225,0.0337723
0.0749817,-0.596013,0.240404,0.0175,0.0337723
0.0596009,-0.614662,0.283886,0.0175,0.0337723
-0.113504,-0.582767,0.247106,0.045,0.366349
-0.079327,-0.574493,0.243441,0.025,0.366349
-0.0920782,-0.604528,0.278409,0.0125,0.366349
-0.0945281,-0.611141,0.223577,0.0225,0.366349
-0.123074,-0.617822,0.249253,0.0175,0.366349
-0.137475,-0.577403,0.27443,0.0175,0.366349
0.566775,-0.673955,0.526001,0.045,0.00109242
0.547894,-0.703801,0.524348,0.025,0.00109242
0.565934,-0.690326,0.566544,0.0125,0.00109242
0.527159,-0.666167,0.535415,0.0225,0.00109242
0.558414,-0.649124,0.55127,0.0175,0.00109242
0.601773,-0.667275,0.534974,0.0175,0.00109242
0.704652,-0.661014,0.471801,0.045,0.00169349
0.711942,-0.668936,0.505477,0.025,0.00169349
0.747971,-0.666547,0.474112,0.0125,0.00169349
0.71458,-0.626555,0.492605,0.0225,0.00169349
0.723351,-0.634403,0.455453,0.0175,0.00169349
0.709136,-0.67966,0.440461,0.0175,0.00169349
0.770566,-0.640367,0.541325,0.045,0.00171165
0.77434,-0.669672,0.560739,0.025,0.00171165
0.767318,-0.674059,0.513634,0.0125,0.00171165
0.810207,-0.6525,0.541056,0.0225,0.00171165
0.790854,-0.636263,0.511382,0.0175,0.00171165
0.742803,-0.627601,0.520923,0.0175,0.00171165
0.825583,-0.518989,0.483309,0.045,0.00126556
0.844705,-0.527394,0.454783,0.025,0.00126556
0.851933,-0.484947,0.475605,0.0125,0.00126556
0.861643,-0.535829,0.494917,0.0225,0.00126556
0.842669,-0.507097,0.513169,0.0175,0.00126556
0.801354,-0.492148,0.489833,0.0175,0.00126556
0.953464,-0.488828,0.522225,0.045,0.000911943
0.920779,-0.481008,0.533207,0.025,0.000911943
0.947617,-0.510237,0.559908,0.0125,0.000911943
0.954637,-0.456638,0.548326,0.0225,0.000911943
0.981296,-0.484909,0.545356,0.0175,0.000911943
0.969449,-0.520503,0.51268,0.0175,0.000911943
-0.204795,-0.376767,0.192389,0.045,0.0106855
-0.227296,-0.351181,0.182953,0.025,0.0106855
-0.23746,-0.396328,0.170875,0.0125,0.0106855
-0.23465,-0.372967,0.220901,0.0225,0.0106855
-0.217653,-0.40616,0.209586,0.0175,0.0106855
-0.184623,-0.40044,0.172826,0.0175,0.0106855
0.365438,-0.478888,0.390182,0.045,0.00145095
0.333492,-0.466418,0.39878,0.025,0.00145095
0.342086,-0.478143,0.353215,0.0125,0.00145095
0.339629,-0.510357,0.398075,0.0225,0.00145095
0.367805,-0.50983,0.371157,0.0175,0.00145095
0.391697,-0.466326,0.367762,0.0175,0.00145095
0.11655,-0.342669,0.317512,0.045,0.0047818
0.0977711,-0.366941,0.335066,0.025,0.0047818
0.130983,-0.342007,0.358788,0.0125,0.0047818
0.0838106,-0.324828,0.335638,0.0225,0.0047818
0.119164,-0.309041,0.331201,0.0175,0.0047818
0.152457,-0.339573,0.310358,0.0175,0.0047818
0.467853,-0.318464,0.510342,0.045,0.00273806
0.438558,-0.303235,0.497697,0.025,0.00273806
0.477008,-0.306119,0.469399,0.0125,0.00273806
0.445121,-0.346403,0.489812,0.0225,0.00273806
0.484037,-0.34458,0.490821,0.0175,0.00273806
0.501791,-0.305702,0.516283,0.0175,0.00273806
0.662864,-0.323611,0.551215,0.045,0.00460363
0.642796,-0.350292,0.562852,0.025,0.00460363
0.636995,-0.306988,0.582311,0.0125,0.00460363
0.626809,-0.324155,0.530758,0.0225,0.00460363
0.646851,-0.292451,0.541335,0.0175,0.00460363
0.687794,-0.302328,0.567813,0.0175,0.00460363
0.781104,-0.28962,0.577339,0.045,0.00339827
0.782688,-0.313031,0.603786,0.025,0.00339827
0.82342,-0.294,0.58747,0.0125,0.00339827
0.781227,-0.269822,0.613764,0.0225,0.00339827
0.798323,-0.257747,0.58089,0.0175,0.00339827
0.794571,-0.28995,0.543155,0.0175,0.00339827
0.814034,-0.439726,0.524089,0.045,0.00228189
0.822172,-0.437037,0.558389,0.025,0.00228189
0.815212,-0.396972,0.533212,0.0125,0.00228189
0.779379,-0.436863,0.546664,0.0225,0.00228189
0.785191,-0.421581,0.511289,0.0175,0.00228189
0.83119,-0.428435,0.493623,0.0175,0.00228189
0.151935,-0.456138,0.246637,0.045,0.00288568
0.152597,-0.455202,0.211301,0.025,0.00288568
0.18084,-0.486422,0.233996,0.0125,0.00288568
0.125667,-0.48428,0.23125,0.0225,0.00288568
0.147366,-0.488129,0.263391,0.0175,0.00288568
0.177656,-0.449626,0.272054,0.0175,0.00288568
0.0455151,-0.121825,0.180001,0.045,0.0139847
0.0213832,-0.0984682,0.168951,0.025,0.0139847
0.0677179,-0.0881266,0.163151,0.0125,0.0139847
0.0372662,-0.127943,0.139836,0.0225,0.0139847
0.0719269,-0.132103,0.157159,0.0175,0.0139847
0.0720054,-0.119907,0.20539,0.0175,0.0139847
-0.1691,-0.224293,0.1057,0.045,0.0262644
-0.168852,-0.25964,0.105007,0.025,0.0262644
-0.167937,-0.237478,0.14738,0.0125,0.0262644
-0.207797,-0.238776,0.109095,0.0225,0.0262644
-0.193354,-0.207195,0.12678,0.0175,0.0262644
-0.144934,-0.199615,0.11823,0.0175,0.0262644
0.131124,-0.0305443,0.256293,0.045,0.0168323
0.15668,-0.0348709,0.280338,0.025,0.0168323
0.13539,0.0078154,0.276856,0.0125,0.0168323
0.114534,-0.040813,0.292873,0.0225,0.0168323
0.0992885,-0.0162897,0.266702,0.0175,0.0168323
0.128203,-0.00862462,0.22695,0.0175,0.0168323
-0.0494909,-0.28016,0.194951,0.045,0.0430595
-0.0709182,-0.30527,0.207614,0.025,0.0430595
-0.0804045,-0.286474,0.164669,0.0125,0.0430595
-0.0375281,-0.317319,0.180993,0.0225,0.0430595
-0.0360352,-0.283713,0.161316,0.0175,0.0430595
-0.0551744,-0.244984,0.185988,0.0175,0.0430595
0.586556,-0.0664778,0.518241,0.045,0.00101057
0.588828,-0.0393706,0.540825,0.025,0.00101057
0.563621,-0.0336994,0.500577,0.0125,0.00101057
0.553987,-0.0666735,0.543891,0.0225,0.00101057
0.553772,-0.0768062,0.506261,0.0175,0.00101057
0.597549,-0.0706793,0.483434,0.0175,0.00101057
0.795205,-0.155617,0.557252,0.045,0.00202552
0.805763,-0.186134,0.571648,0.025,0.00202552
0.837141,-0.160768,0.545969,0.0125,0.00202552
0.812845,-0.148519,0.594092,0.0225,0.00202552
0.815223,-0.125689,0.562599,0.0175,0.00202552
0.792583,-0.144294,0.522396,0.0175,0.00202552
0.932329,-0.133616,0.609739,0.045,0.00192995
0.920799,-0.124294,0.577643,0.025,0.00192995
0.889269,-0.126974,0.613507,0.0125,0.00192995
0.931732,-0.0922996,0.606376,0.0225,0.00192995
0.923507,-0.112958,0.638382,0.0175,0.00192995
0.924594,-0.162213,0.631474,0.0175,0.00192995
0.211361,-0.0281992,0.212787,0.045,0.00810002
0.237742,-0.0155487,0.232636,0.025,0.00810002
0.197679,-0.0301825,0.254276,0.0125,0.00810002
0.23524,-0.0593641,0.226101,0.0225,0.00810002
0.196561,-0.060311,0.221435,0.0175,0.00810002
0.176835,-0.0168607,0.207366,0.0175,0.00810002
0.219132,0.0640917,0.23625,0.045,0.0107165
0.235414,0.0494631,0.208485,0.025,0.0107165
0.207575,0.0876816,0.201287,0.0125,0.0107165
0.255122,0.0834132,0.229166,0.0225,0.0107165
0.222108,0.0999737,0.2416,0.0175,0.0107165
0.183629,0.068581,0.24458,0.0175,0.0107165
-0.0456533,0.0168066,0.204531,0.045,0.0109058
-0.0372968,-0.00211597,0.175858,0.025,0.0109058
-0.0656909,-0.0218161,0.208922,0.0125,0.0109058
-0.0749898,0.0212916,0.175582,0.0225,0.0109058
-0.080636,0.0198632,0.214116,0.0175,0.0109058
-0.0391518,0.0116776,0.240328,0.0175,0.0109058
0.142473,0.105439,0.318133,0.045,0.0310663
0.163708,0.13358,0.320819,0.025,0.0310663
0.135405,0.122538,0.357759,0.0125,0.0310663
0.178069,0.0946021,0.336415,0.0225,0.0310663
0.142677,0.0805415,0.344686,0.0175,0.0310663
0.105912,0.101868,0.318831,0.0175,0.0310663
0.416115,0.00370121,0.445355,0.045,0.0171904
0.411423,-0.00762919,0.478516,0.025,0.0171904
0.374388,0.0119988,0.45548,0.0125,0.0171904
0.401454,-0.035077,0.445109,0.0225,0.0171904
0.392756,-0.00696675,0.419557,0.0175,0.0171904
0.413611,0.0369801,0.429985,0.0175,0.0171904
0.515446,0.102196,0.495976,0.045,0.00618526
0.532544,0.0713276,0.498172,0.025,0.00618526
0.547286,0.107755,0.525435,0.0125,0.00618526
0.499779,0.0795231,0.526948,0.0225,0.00618526
0.503976,0.118266,0.526558,0.0175,0.00618526
0.526212,0.135771,0.485642,0.0175,0.00618526
0.705216,0.1668,0.547468,0.045,0.00700176
0.671099,0.164156,0.538578,0.025,0.00700176
0.685367,0.146214,0.580554,0.0125,0.00700176
0.683972,0.198705,0.563264,0.0225,0.00700176
0.713985,0.180394,0.580077,0.0175,0.00700176
0.731092,0.141571,0.554094,0.0175,0.00700176
0.306188,0.167294,0.207437,0.045,0.00809311
0.279966,0.149519,0.223137,0.025,0.00809311
0.316252,0.165387,0.249952,0.0125,0.00809311
0.277903,0.19383,0.222085,0.0225,0.00809311
0.316461,0.199411,0.221146,0.0175,0.00809311
0.342109,0.160419,0.203917,0.0175,0.00809311
0.0256624,0.19174,0.183156,0.045,0.00527006
0.00920434,0.195953,0.214162,0.025,0.00527006
0.0570212,0.195227,0.213438,0.0125,0.00527006
0.0219626,0.232111,0.191833,0.0225,0.00527006
0.0520162,0.215049,0.17382,0.0175,0.00527006
0.0480762,0.165575,0.170388,0.0175,0.00527006
-0.0598011,0.206834,0.215732,0.045,0.00791853
-0.0921975,0.193455,0.220367,0.025,0.00791853
-0.0557274,0.163369,0.213138,0.0125,0.00791853
-0.0655824,0.197295,0.255661,0.0225,0.00791853
-0.032285,0.193841,0.235708,0.0175,0.00791853
-0.0362956,0.205543,0.187521,0.0175,0.00791853
0.311405,0.214939,0.399816,0.045,0.0290095
0.341191,0.197111,0.40652,0.025,0.0290095
0.332219,0.237017,0.431309,0.0125,0.0290095
0.305384,0.188684,0.43133,0.0225,0.0290095
0.289699,0.224158,0.427544,0.0175,0.0290095
0.305185,0.248905,0.38726,0.0175,0.0290095
0.466886,0.229353,0.482172,0.045,0.0355044
0.487428,0.255643,0.470473,0.025,0.0355044
0.454938,0.265158,0.504256,0.0125,0.0355044
0.500082,0.233341,0.506684,0.0225,0.0355044
0.464053,0.223748,0.518027,0.0175,0.0355044
0.430537,0.224068,0.481264,0.0175,0.0355044
0.735122,0.313659,0.576749,0.045,0.00215021
0.714228,0.341732,0.581785,0.025,0.00215021
0.731442,0.318741,0.620029,0.0125,0.00215021
0.758179,0.347806,0.581342,0.0225,0.00215021
0.767085,0.312073,0.594093,0.0175,0.00215021
0.731577,0.278227,0.585807,0.0175,0.00215021
0.839928,0.300861,0.535386,0.045,0.00221781
0.872199,0.286526,0.533641,0.025,0.00221781
0.865341,0.324292,0.562175,0.0125,0.00221781
0.844743,0.273119,0.565815,0.0225,0.00221781
0.824858,0.306562,0.568027,0.0175,0.00221781
0.827159,0.334209,0.526731,0.0175,0.00221781
0.949445,0.192993,0.511889,0.045,0.000948633
0.972268,0.178538,0.534696,0.025,0.000948633
0.983426,0.17899,0.48819,0.0125,0.000948633
0.97759,0.221138,0.523486,0.0225,0.000948633
0.961504,0.217809,0.488146,0.0175,0.000948633
0.930594,0.179095,0.483578,0.0175,0.000948633
0.3563,0.420759,0.190208,0.045,0.00940156
0.384089,0.436069,0.205809,0.025,0.00940156
0.374868,0.390102,0.215265,0.0125,0.00940156
0.390577,0.413919,0.167914,0.0225,0.00940156
0.360975,0.389071,0.172917,0.0175,0.00940156
0.325556,0.405754,0.203611,0.0175,0.00940156
0.0612326,0.677261,0.249594,0.045,0.0574931
0.0435394,0.646963,0.245238,0.025,0.0574931
0.053719,0.661448,0.289668,0.0125,0.0574931
0.020433,0.684256,0.251878,0.0225,0.0574931
0.0481144,0.702244,0.272589,0.0175,0.0574931
0.0940033,0.684881,0.264359,0.0175,0.0574931
0.0401621,0.580955,0.267982,0.045,0.0872949
0.0406143,0.605681,0.293249,0.025,0.0872949
0.0508955,0.560504,0.305118,0.0125,0.0872949
0.0786387,0.595654,0.272698,0.0225,0.0872949
0.0688638,0.558863,0.264351,0.0175,0.0872949
0.0197942,0.550737,0.263288,0.0175,0.0872949
0.571662,0.727211,0.511724,0.045,0.00585269
0.589598,0.755736,0.501019,0.025,0.00585269
0.542306,0.75931,0.507206,0.0125,0.00585269
0.582188,0.750399,0.544439,0.0225,0.00585269
0.549176,0.730126,0.5402,0.0175,0.00585269
0.544869,0.707517,0.496095,0.0175,0.00585269
0.786065,0.719277,0.523009,0.045,0.00107185
0.793429,0.728787,0.556256,0.025,0.00107185
0.785707,0.763002,0.523742,0.0125,0.00107185
0.750894,0.725211,0.544141,0.0225,0.00107185
0.756923,0.733608,0.506566,0.0175,0.00107185
0.80346,0.725099,0.491173,0.0175,0.00107185
0.864871,0.543545,0.521444,0.045,0.00243186
0.84832,0.571663,0.535061,0.025,0.00243186
0.867515,0.539607,0.564919,0.0125,0.00243186
0.892243,0.573719,0.529126,0.0225,0.00243186
0.898407,0.535439,0.533047,0.0175,0.00243186
0.858334,0.507462,0.523749,0.0175,0.00243186
0.869459,0.367873,0.478094,0.045,0.00249266
0.881173,0.336319,0.488918,0.025,0.00249266
0.909331,0.374533,0.494779,0.0125,0.00249266
0.86074,0.362574,0.518277,0.0225,0.00249266
0.870807,0.396066,0.50108,0.0175,0.00249266
0.881757,0.391481,0.452768,0.0175,0.00249266
0.261641,0.550702,0.257995,0.045,0.00733232
0.228628,0.550937,0.245341,0.025,0.00733232
0.257225,0.514236,0.234262,0.0125,0.00733232
0.236649,0.529384,0.283286,0.0225,0.00733232
0.273806,0.52096,0.275095,0.0175,0.00733232
0.29447,0.551288,0.241506,0.0175,0.00733232
0.212932,0.661172,0.252966,0.045,0.00233308
0.244891,0.675719,0.257083,0.025,0.00233308
0.211195,0.70047,0.233858,0.0125,0.00233308
0.21336,0.685001,0.286889,0.0225,0.00233308
0.183443,0.680337,0.262354,0.0175,0.00233308
0.193781,0.651541,0.223124,0.0175,0.00233308
-0.0390615,0.954762,0.194506,0.045,0.00481186
-0.0666427,0.975035,0.185657,0.025,0.00481186
-0.0486485,0.945155,0.152933,0.0125,0.00481186
-0.0744138,0.933967,0.200548,0.0225,0.00481186
-0.0406641,0.918963,0.188114,0.0175,0.00481186
-0.00470522,0.952728,0.181641,0.0175,0.00481186
0.666925,0.955059,0.561293,0.045,0.0007998
0.675042,0.950885,0.59545,0.025,0.0007998
0.645612,0.986474,0.583004,0.0125,0.0007998
0.638121,0.931786,0.579932,0.0225,0.0007998
0.631938,0.957879,0.551653,0.0175,0.0007998
0.6728,0.982555,0.537639,0.0175,0.0007998
0.695607,0.87781,0.525371,0.045,0.000535362
0.692177,0.885133,0.559789,0.025,0.000535362
0.705464,0.841036,0.546889,0.0125,0.000535362
0.732255,0.889052,0.541158,0.0225,0.000535362
0.726287,0.86215,0.513601,0.0175,0.000535362
0.678292,0.854114,0.503264,0.0175,0.000535362
0.851756,0.765329,0.568536,0.045,0.000894803
0.878702,0.784723,0.580692,0.025,0.000894803
0.834104,0.800744,0.587156,0.0125,0.000894803
0.858984,0.756137,0.60831,0.0225,0.000894803
0.824141,0.757452,0.590904,0.0175,0.000894803
0.825839,0.772001,0.54336,0.0175,0.000894803
0.950676,0.708047,0.504867,0.045,0.000288248
0.975029,0.693764,0.526149,0.025,0.000288248
0.984599,0.697348,0.479426,0.0125,0.000288248
0.977537,0.73714,0.517148,0.0225,0.000288248
0.960507,0.734758,0.482175,0.0175,0.000288248
0.931724,0.694592,0.47641,0.0175,0.000288248
0.947308,0.424314,0.483222,0.045,0.000992217
0.91903,0.415641,0.463854,0.025,0.000992217
0.941746,0.381207,0.488056,0.0125,0.000992217
0.913286,0.42469,0.50691,0.0225,0.000992217
0.948948,0.413497,0.517939,0.0175,0.000992217
0.982615,0.414325,0.481322,0.0175,0.000992217
0.119587,0.943533,0.27538,0.045,0.00141654
0.108757,0.975056,0.26359,0.025,0.00141654
0.0793022,0.937605,0.259427,0.0125,0.00141654
0.097905,0.96298,0.304884,0.0225,0.00141654
0.0979776,0.924661,0.297783,0.0175,0.00141654
0.125427,0.91145,0.258451,0.0175,0.00141654
0.254754,0.852749,0.34071,0.045,0.00825582
0.220277,0.85576,0.347937,0.025,0.00825582
0.236086,0.815383,0.327756,0.0125,0.00825582
0.246599,0.836251,0.377859,0.0225,0.00825582
0.272669,0.82315,0.352023,0.0175,0.00825582
0.273152,0.84846,0.309196,0.0175,0.00825582
0.3031,0.811666,0.405317,0.045,0.0298145
0.337878,0.817628,0.4031,0.025,0.0298145
0.320732,0.775681,0.387805,0.0125,0.0298145
0.312531,0.826559,0.367794,0.0225,0.0298145
0.285266,0.799902,0.375845,0.0175,0.0298145
0.283387,0.786763,0.423792,0.0175,0.0298145
0.570007,0.888584,0.447009,0.045,0.00198989
0.572968,0.904786,0.415725,0.025,0.00198989
0.564036,0.857807,0.41652,0.0125,0.00198989
0.53255,0.899998,0.433393,0.0225,0.00198989
0.540946,0.86761,0.453374,0.0175,0.00198989
0.589418,0.861749,0.462917,0.0175,0.00198989
0.714888,0.938748,0.431417,0.045,0.000792213
0.710751,0.92767,0.464735,0.025,0.000792213
0.75451,0.92669,0.445457,0.0125,0.000792213
0.722314,0.969927,0.457712,0.0225,0.000792213
0.740746,0.963278,0.424025,0.0175,0.000792213
0.726196,0.921707,0.400893,0.0175,0.000792213
0.866742,0.955047,0.50238,0.045,0.000598738
0.888454,0.97353,0.481477,0.025,0.000598738
0.905139,0.957166,0.523206,0.0125,0.000598738
0.888649,0.929266,0.478418,0.0225,0.000598738
0.877792,0.922857,0.515294,0.0175,0.000598738
0.85389,0.961121,0.536261,0.0175,0.000598738
0.955033,0.882457,0.405573,0.045,0.000530417
0.93108,0.856808,0.409861,0.025,0.000530417
0.977495,0.845325,0.410979,0.0125,0.000530417
0.947964,0.876318,0.44596,0.0225,0.000530417
0.982145,0.885533,0.429666,0.0175,0.000530417
0.980781,0.888251,0.38001,0.0175,0.000530417
0.410614,-0.952328,0.217452,0.045,0.00151546
0.375475,-0.954312,0.214084,0.025,0.00151546
0.398099,-0.988135,0.239217,0.0125,0.00151546
0.392251,-0.934212,0.249908,0.0225,0.00151546
0.425357,-0.95476,0.250644,0.0175,0.00151546
0.437799,-0.974613,0.206757,0.0175,0.00151546
0.324067,-0.869913,0.205326,0.045,0.00311468
0.306804,-0.891083,0.227773,0.025,0.00311468
0.289744,-0.847092,0.219943,0.0125,0.00311468
0.293812,-0.890031,0.18536,0.0225,0.00311468
0.305475,-0.853444,0.178716,0.0175,0.00311468
0.340922,-0.837574,0.209807,0.0175,0.00311468
-0.0302916,-0.804767,0.21637,0.045,0.0101033
-0.0566658,-0.82018,0.19857,0.025,0.0101033
-0.0123356,-0.822811,0.18081,0.0125,0.0101033
-0.0331542,-0.844708,0.227106,0.0225,0.0101033
-0.000294013,-0.824032,0.223717,0.0175,0.0101033
-0.00729594,-0.777427,0.207781,0.0175,0.0101033
0.00752831,-0.955027,0.274368,0.045,0.0291772
-0.0156065,-0.931541,0.261593,0.025,0.0291772
0.0298576,-0.918016,0.267724,0.0125,0.0291772
0.00852477,-0.9553,0.232923,0.0225,0.0291772
0.038954,-0.960261,0.256761,0.0175,0.0291772
0.0277787,-0.955662,0.30502,0.0175,0.0291772
0.721777,-0.832263,0.504411,0.045,0.000929313
0.718403,-0.86143,0.484715,0.025,0.000929313
0.761572,-0.841218,0.488641,0.0125,0.000929313
0.730482,-0.865793,0.527186,0.0225,0.000929313
0.74783,-0.830994,0.529801,0.0175,0.000929313
0.731918,-0.797909,0.496226,0.0175,0.000929313
0.955022,-0.908961,0.539347,0.045,0.000591319
0.933332,-0.902185,0.566432,0.025,0.000591319
0.941082,-0.947723,0.554034,0.0125,0.000591319
0.976074,-0.910428,0.575032,0.0225,0.000591319
0.981932,-0.933057,0.543849,0.0175,0.000591319
0.949668,-0.92517,0.50681,0.0175,0.000591319
0.90616,-0.732914,0.509021,0.045,0.000472416
0.918601,-0.755426,0.484763,0.025,0.000472416
0.901369,-0.713232,0.470263,0.0125,0.000472416
0.945943,-0.724468,0.500974,0.0225,0.000472416
0.917997,-0.698492,0.508912,0.0175,0.000472416
0.872822,-0.718528,0.514643,0.0175,0.000472416
0.948075,-0.53029,0.439255,0.045,0.000652734
0.975101,-0.507883,0.43507,0.025,0.000652734
0.937461,-0.493892,0.46105,0.0125,0.000652734
0.974399,-0.533779,0.471092,0.0225,0.000652734
0.935587,-0.536853,0.47281,0.0175,0.000652734
0.912717,-0.52853,0.42942,0.0175,0.000652734
-0.221181,-0.660766,0.179558,0.045,0.0580095
-0.249971,-0.649638,0.1968,0.025,0.0580095
-0.252148,-0.690862,0.172646,0.0125,0.0580095
-0.222445,-0.677703,0.217377,0.0225,0.0580095
-0.209456,-0.694815,0.184862,0.0175,0.0580095
-0.214496,-0.666945,0.143961,0.0175,0.0580095
0.125409,-0.777988,0.187839,0.045,0.047388
0.124445,-0.794867,0.21889,0.025,0.047388
0.116805,-0.747659,0.218147,0.0125,0.047388
0.0863936,-0.788661,0.196929,0.0225,0.047388
0.0977647,-0.756127,0.178736,0.0175,0.047388
0.14713,-0.751377,0.174798,0.0175,0.047388
0.251078,-0.729335,0.394304,0.045,0.0126239
0.226704,-0.745093,0.374115,0.025,0.0126239
0.240581,-0.766695,0.414467,0.0125,0.0126239
0.213098,-0.719235,0.407507,0.0225,0.0126239
0.2445,-0.725035,0.429846,0.0175,0.0126239
0.284911,-0.739314,0.404586,0.0175,0.0126239
0.710766,-0.591208,0.58712,0.045,0.00272894
0.728209,-0.61752,0.603038,0.025,0.00272894
0.737995,-0.572463,0.615751,0.0125,0.00272894
0.691521,-0.601674,0.622317,0.0225,0.00272894
0.69469,-0.565742,0.607567,0.0175,0.00272894
0.721971,-0.56328,0.566037,0.0175,0.00272894
0.823204,-0.874256,0.562122,0.045,0.00169448
0.818506,-0.86438,0.528501,0.025,0.00169448
0.862392,-0.861696,0.547323,0.0125,0.00169448
0.831175,-0.906088,0.536786,0.0225,0.00169448
0.849726,-0.897889,0.570063,0.0175,0.00169448
0.83435,-0.855952,0.591967,0.0175,0.00169448
0.861569,-0.59473,0.527664,0.045,0.000579701
0.86481,-0.629254,0.534563,0.025,0.000579701
0.895366,-0.608989,0.503852,0.0125,0.000579701
0.889085,-0.600544,0.558125,0.0225,0.000579701
0.890916,-0.573353,0.530267,0.0175,0.000579701
0.854253,-0.576247,0.496764,0.0175,0.000579701
0.948377,-0.644808,0.472129,0.045,0.0005624
0.947421,-0.611162,0.461311,0.025,0.0005624
0.977413,-0.623113,0.496598,0.0125,0.0005624
0.97761,-0.638337,0.443453,0.0225,0.0005624
0.980529,-0.661708,0.474502,0.0175,0.0005624
0.940775,-0.660656,0.504394,0.0175,0.0005624
0.277169,-0.420869,0.246603,0.045,0.00388042
0.249056,-0.399523,0.244602,0.025,0.00388042
0.284756,-0.393499,0.213349,0.0125,0.00388042
0.249865,-0.435966,0.219303,0.0225,0.00388042
0.288693,-0.437794,0.216507,0.0175,0.00388042
0.312722,-0.414412,0.253262,0.0175,0.00388042
-0.190984,-0.620255,0.0967865,0.045,0.00674836
-0.186375,-0.648271,0.117855,0.025,0.00674836
-0.170553,-0.605602,0.132568,0.0125,0.00674836
-0.222312,-0.622936,0.123807,0.0225,0.00674836
-0.206063,-0.590103,0.110515,0.0175,0.00674836
-0.167288,-0.59756,0.0802502,0.0175,0.00674836
0.128613,-0.704184,0.279089,0.045,0.012265
0.118497,-0.680297,0.303112,0.025,0.012265
0.129698,-0.665303,0.259098,0.0125,0.012265
0.0878569,-0.697297,0.275892,0.0225,0.012265
0.112422,-0.704419,0.246489,0.0175,0.012265
0.159957,-0.708834,0.260488,0.0175,0.012265
0.162024,-0.52927,0.351044,0.045,0.076832
0.156187,-0.539778,0.384293,0.025,0.076832
0.200527,-0.542931,0.366645,0.0125,0.076832
0.169892,-0.498162,0.377295,0.0225,0.076832
0.189214,-0.506006,0.344373,0.0175,0.076832
0.173652,-0.547142,0.32112,0.0175,0.076832
0.739627,-0.474457,0.586106,0.045,0.00905102
0.76481,-0.473628,0.610908,0.025,0.00905102
0.760204,-0.436135,0.581572,0.0125,0.00905102
0.725436,-0.45532,0.620035,0.0225,0.00905102
0.716813,-0.446249,0.583128,0.0175,0.00905102
0.741008,-0.473671,0.549398,0.0175,0.00905102
0.786991,-0.553504,0.557717,0.045,0.00162016
0.791573,-0.522145,0.573389,0.025,0.00162016
0.827706,-0.540723,0.548155,0.0125,0.00162016
0.778212,-0.522968,0.531086,0.0225,0.00162016
0.795141,-0.556982,0.522412,0.0175,0.00162016
0.803696,-0.585956,0.561938,0.0175,0.00162016
0.724647,-0.384181,0.575713,0.045,0.00643723
0.694049,-0.384416,0.593426,0.025,0.00643723
0.734861,-0.388684,0.617997,0.0125,0.00643723
0.715577,-0.345896,0.58878,0.0225,0.00643723
0.751141,-0.361667,0.586492,0.0175,0.00643723
0.751251,-0.40924,0.571939,0.0175,0.00643723
0.946936,-0.257608,0.519642,0.045,0.000793221
0.935955,-0.25333,0.552975,0.025,0.000793221
0.972773,-0.227098,0.537362,0.0125,0.000793221
0.919766,-0.226361,0.521681,0.0225,0.000793221
0.951012,-0.22828,0.49847,0.0175,0.000793221
0.978831,-0.268946,0.505354,0.0175,0.000793221
0.0171528,-0.279514,0.12667,0.045,0.0830387
0.00625295,-0.309492,0.141919,0.025,0.0830387
0.0181285,-0.310271,0.0955959,0.0125,0.0830387
0.0498167,-0.301291,0.139997,0.0225,0.0830387
0.0481844,-0.279627,0.107643,0.0175,0.0830387
0.00354202,-0.259403,0.0990964,0.0175,0.0830387
0.101892,-0.326889,0.179161,0.045,0.00535493
0.0701866,-0.317391,0.191592,0.025,0.00535493
0.107965,-0.315095,0.220833,0.0125,0.00535493
0.0968415,-0.285931,0.175204,0.0225,0.00535493
0.130122,-0.304356,0.183669,0.0175,0.00535493
0.125234,-0.353606,0.188721,0.0175,0.00535493
-0.0291834,-0.634849,0.184171,0.045,0.111087
-0.00154845,-0.613798,0.177598,0.025,0.111087
-0.0448903,-0.600159,0.162666,0.0125,0.111087
-0.0256423,-0.606395,0.214114,0.0225,0.111087
-0.0589072,-0.620675,0.199682,0.0175,0.111087
-0.0525518,-0.652633,0.162088,0.0175,0.111087
0.0355501,-0.257222,0.213269,0.045,0.0631368
0.022477,-0.288973,0.204844,0.025,0.0631368
0.0671648,-0.286247,0.221669,0.0125,0.0631368
0.0192322,-0.275172,0.246889,0.0225,0.0631368
0.0509432,-0.25254,0.245921,0.0175,0.0631368
0.0639105,-0.237869,0.200187,0.0175,0.0631368
0.571715,-0.349671,0.560143,0.045,0.00293314
0.57873,-0.351215,0.525525,0.025,0.00293314
0.573826,-0.392117,0.549826,0.0125,0.00293314
0.536395,-0.352986,0.538691,0.0225,0.00293314
0.543879,-0.369008,0.573419,0.0175,0.00293314
0.590245,-0.361233,0.58969,0.0175,0.00293314
0.720274,-0.226912,0.598803,0.045,0.00321636
0.74729,-0.237118,0.619198,0.025,0.00321636
0.710673,-0.213956,0.639453,0.0125,0.00321636
0.712058,-0.263863,0.615712,0.0225,0.00321636
0.686337,-0.235397,0.608867,0.0175,0.00321636
0.706609,-0.193816,0.590562,0.0175,0.00321636
0.870195,-0.307684,0.516724,0.045,0.00204784
0.890987,-0.324419,0.539911,0.025,0.00204784
0.86609,-0.286345,0.554675,0.0125,0.00204784
0.848162,-0.335822,0.537737,0.0225,0.00204784
0.835556,-0.300975,0.525673,0.0175,0.00204784
0.870507,-0.273433,0.503427,0.0175,0.00204784
-0.0248699,-0.175532,0.114603,0.045,0.0166646
-0.049346,-0.200293,0.108452,0.025,0.0166646
-0.0297779,-0.177566,0.0711948,0.0125,0.0166646
-0.00657641,-0.212075,0.107623,0.0225,0.0166646
0.00678371,-0.177133,0.0967009,0.0175,0.0166646
-0.02384,-0.139475,0.107614,0.0175,0.0166646
0.262821,-0.253074,0.160963,0.045,0.00130933
0.247093,-0.221683,0.165117,0.025,0.00130933
0.219797,-0.260835,0.162031,0.0125,0.00130933
0.255855,-0.245962,0.201208,0.0225,0.00130933
0.253785,-0.280452,0.183184,0.0175,0.00130933
0.261437,-0.278085,0.134083,0.0175,0.00130933
0.243029,-0.1118,0.184596,0.045,0.00615958
0.277567,-0.1092,0.177499,0.025,0.00615958
0.246311,-0.104481,0.141606,0.0125,0.00615958
0.254712,-0.0720345,0.185571,0.0225,0.00615958
0.220541,-0.0857291,0.17278,0.0175,0.00615958
0.217163,-0.13536,0.173376,0.0175,0.00615958
0.0577784,0.0153227,0.230628,0.045,0.0126831
0.0424733,-0.000249151,0.258436,0.025,0.0126831
0.0205323,-0.00230942,0.215988,0.0125,0.0126831
0.0684484,-0.0247129,0.232062,0.0225,0.0126831
0.0620793,-0.00367804,0.199879,0.0175,0.0126831
0.0472273,0.042952,0.208827,0.0175,0.0126831
0.506679,-0.0195827,0.489587,0.045,0.00715756
0.51527,-0.0494249,0.506488,0.025,0.00715756
0.537801,-0.0388409,0.465649,0.0125,0.00715756
0.539174,-0.0129018,0.514449,0.0225,0.00715756
0.533154,0.00327544,0.479509,0.0175,0.00715756
0.49231,-0.0132064,0.456377,0.0175,0.00715756
0.579236,0.164019,0.510144,0.045,0.00724747
0.597942,0.134039,0.508998,0.025,0.00724747
0.576915,0.149553,0.468939,0.0125,0.00724747
0.618102,0.172049,0.498158,0.0225,0.00724747
0.585892,0.189962,0.485494,0.0175,0.00724747
0.543722,0.171276,0.504137,0.0175,0.00724747
0.86762,-0.0551682,0.597537,0.045,0.00328744
0.839144,-0.0475478,0.617058,0.025,0.00328744
0.873445,-0.0748743,0.63614,0.0125,0.00328744
0.875036,-0.02175,0.620924,0.0225,0.00328744
0.900717,-0.0495417,0.611604,0.0175,0.00328744
0.881325,-0.0869073,0.585095,0.0175,0.00328744
0.842977,0.0246773,0.56436,0.045,0.00295247
0.840931,0.0560942,0.548273,0.025,0.00295247
0.875682,0.0258791,0.535352,0.0125,0.00295247
0.820911,0.0212687,0.529428,0.0225,0.00295247
0.845198,-0.00546171,0.544069,0.0175,0.00295247
0.868949,0.00921209,0.585246,0.0175,0.00295247
0.187706,0.143647,0.207014,0.045,0.0215964
0.214573,0.149045,0.229353,0.025,0.0215964
0.221309,0.120109,0.191872,0.0125,0.0215964
0.211643,0.174525,0.193147,0.0225,0.0215964
0.193261,0.147997,0.171304,0.0175,0.0215964
0.169012,0.113441,0.197626,0.0175,0.0215964
-0.0178547,0.155265,0.113007,0.045,0.00107008
-0.0382947,0.177026,0.131945,0.025,0.00107008
-0.0550149,0.160088,0.0904598,0.0125,0.00107008
-0.0432069,0.133258,0.137332,0.0225,0.00107008
-0.0317004,0.123683,0.101351,0.0175,0.00107008
-0.0031798,0.158054,0.0794377,0.0175,0.00107008
-0.0725126,0.298021,0.190003,0.045,0.00672991
-0.044646,0.278515,0.199645,0.025,0.00672991
-0.0789262,0.258143,0.173238,0.0125,0.00672991
-0.0437459,0.298733,0.160158,0.0225,0.00672991
-0.0823699,0.298663,0.154969,0.0175,0.00672991
-0.108427,0.295129,0.197201,0.0175,0.00672991
0.357677,0.297932,0.460548,0.045,0.0401381
0.373085,0.311064,0.431563,0.025,0.0401381
0.388701,0.269356,0.449001,0.0125,0.0401381
0.339788,0.282153,0.42664,0.0225,0.0401381
0.345973,0.263465,0.460274,0.0175,0.0401381
0.370504,0.290407,0.494147,0.0175,0.0401381
0.589268,0.307598,0.522225,0.045,0.00436494
0.618088,0.288899,0.530576,0.025,0.00436494
0.602989,0.322635,0.560931,0.0125,0.00436494
0.578762,0.275258,0.545942,0.0225,0.00436494
0.56248,0.310657,0.546681,0.0175,0.00436494
0.583949,0.343418,0.516008,0.0175,0.00436494
0.823153,0.348635,0.614133,0.045,0.00210143
0.845089,0.374157,0.603297,0.025,0.00210143
0.800899,0.386164,0.617104,0.0125,0.00210143
0.842662,0.365285,0.646704,0.0225,0.00210143
0.805852,0.352513,0.645923,0.0175,0.00210143
0.790944,0.336553,0.601224,0.0175,0.00210143
0.897635,0.202648,0.58492,0.045,0.00353644
0.914943,0.175227,0.59901,0.025,0.00353644
0.940028,0.209001,0.576261,0.0125,0.00353644
0.91076,0.212288,0.623046,0.0225,0.00353644
0.908867,0.23643,0.592511,0.0175,0.00353644
0.894096,0.214556,0.550341,0.0175,0.00353644
0.118016,0.330869,0.125655,0.045,0.00631653
0.148732,0.336356,0.109028,0.025,0.00631653
0.133561,0.36891,0.140613,0.0125,0.00631653
0.149343,0.316552,0.14873,0.0225,0.00631653
0.116838,0.333512,0.16194,0.0175,0.00631653
0.0863876,0.349564,0.126022,0.0175,0.00631653
0.116238,0.364639,0.234682,0.045,0.00304275
0.116248,0.381009,0.203344,0.025,0.00304275
0.09571,0.402791,0.240643,0.0125,0.00304275
0.148832,0.390124,0.232049,0.0225,0.00304275
0.127886,0.382698,0.264063,0.0175,0.00304275
0.0890831,0.352551,0.256281,0.0175,0.00304275
0.0330048,0.391878,0.175364,0.045,0.00729994
0.0203174,0.408422,0.203918,0.025,0.00729994
0.0131148,0.361343,0.19954,0.0125,0.00729994
0.0602862,0.389325,0.206475,0.0225,0.00729994
0.0530845,0.361843,0.179799,0.0175,0.00729994
0.0166179,0.37356,0.148052,0.0175,0.00729994
-0.130827,0.218301,0.161867,0.045,0.0164359
-0.127184,0.249243,0.145154,0.025,0.0164359
-0.167917,0.240461,0.168632,0.0125,0.0164359
-0.116626,0.247007,0.188192,0.0225,0.0164359
-0.14141,0.21816,0.196695,0.0175,0.0164359
-0.154352,0.190421,0.157477,0.0175,0.0164359
0.689014,0.496018,0.567899,0.045,0.00633473
0.715404,0.519367,0.564994,0.025,0.00633473
0.678419,0.529908,0.593428,0.0125,0.00633473
0.71651,0.490147,0.598367,0.0225,0.00633473
0.677855,0.485989,0.601063,0.0175,0.00633473
0.653303,0.497855,0.559453,0.0175,0.00633473
0.834167,0.416915,0.547911,0.045,0.00529471
0.837696,0.38238,0.554608,0.025,0.00529471
0.858134,0.413763,0.584355,0.0125,0.00529471
0.80459,0.404509,0.574178,0.0225,0.00529471
0.822731,0.438999,0.574491,0.0175,0.00529471
0.858608,0.443271,0.540291,0.0175,0.00529471
0.858248,0.490457,0.593666,0.045,0.00169756
0.834822,0.506376,0.614827,0.025,0.00169756
0.868546,0.478772,0.634531,0.0125,0.00169756
0.873597,0.526531,0.607148,0.0225,0.00169756
0.893758,0.49376,0.600956,0.0175,0.00169756
0.865688,0.455065,0.587178,0.0175,0.00169756
0.946076,0.354407,0.539623,0.045,0.00118295
0.96585,0.347574,0.568125,0.025,0.00118295
0.981459,0.333062,0.525308,0.0125,0.00118295
0.97432,0.384321,0.544744,0.0225,0.00118295
0.96158,0.370206,0.510726,0.0175,0.00118295
0.92939,0.332546,0.515258,0.0175,0.00118295
-0.0738487,0.790362,0.182914,0.045,0.0195667
-0.0479047,0.768285,0.192374,0.025,0.0195667
-0.0850784,0.774058,0.221908,0.0125,0.0195667
-0.0832962,0.751675,0.17139,0.0225,0.0195667
-0.108309,0.778702,0.184143,0.0175,0.0195667
-0.0866951,0.821336,0.197935,0.0175,0.0195667
0.122223,0.832164,0.215926,0.045,0.00217803
0.136531,0.850275,0.242708,0.025,0.00217803
0.0941308,0.829153,0.249307,0.0125,0.00217803
0.143793,0.806564,0.240383,0.0225,0.00217803
0.110586,0.798176,0.221791,0.0175,0.00217803
0.0911128,0.836587,0.196884,0.0175,0.00217803
0.298324,0.942537,0.213228,0.045,0.00310304
0.283156,0.974451,0.212019,0.025,0.00310304
0.310619,0.960656,0.175373,0.0125,0.00310304
0.262284,0.940305,0.192859,0.0225,0.00310304
0.294629,0.92012,0.184788,0.0175,0.00310304
0.333472,0.931838,0.21358,0.0175,0.00310304
0.141571,0.87426,0.343404,0.045,0.0269421
0.120115,0.898159,0.328622,0.025,0.0269421
0.128553,0.857287,0.30526,0.0125,0.0269421
0.10216,0.865788,0.353086,0.0225,0.0269421
0.130331,0.839752,0.34621,0.0175,0.0269421
0.173758,0.86002,0.332857,0.0175,0.0269421
0.815495,0.897754,0.54905,0.045,0.00072401
0.810419,0.913532,0.517821,0.025,0.00072401
0.831052,0.938428,0.553063,0.0125,0.00072401
0.849534,0.894109,0.525666,0.0225,0.00072401
0.848516,0.898983,0.564318,0.0175,0.00072401
0.80268,0.904863,0.582744,0.0175,0.00072401
0.920149,0.873002,0.511893,0.045,0.000528572
0.912383,0.853865,0.540589,0.025,0.000528572
0.876517,0.872039,0.514688,0.0125,0.000528572
0.913749,0.833458,0.501214,0.0225,0.000528572
0.903981,0.864866,0.480312,0.0175,0.000528572
0.91365,0.90806,0.503022,0.0175,0.000528572
0.949019,0.549522,0.58125,0.045,0.00130308
0.974969,0.52585,0.577222,0.025,0.00130308
0.985026,0.57222,0.571208,0.0125,0.00130308
0.969751,0.545064,0.616875,0.0225,0.00130308
0.95443,0.578138,0.603087,0.0175,0.00130308
0.933653,0.573577,0.558115,0.0175,0.00130308
0.268965,0.694743,0.191251,0.045,0.0049453
0.271016,0.728872,0.182249,0.025,0.0049453
0.241122,0.716116,0.217336,0.0125,0.0049453
0.296343,0.714166,0.215581,0.0225,0.0049453
0.272242,0.685478,0.2263,0.0175,0.0049453
0.241367,0.670506,0.190277,0.0175,0.0049453
0.072444,0.867665,0.285939,0.045,0.00471288
0.0502642,0.865953,0.313419,0.025,0.00471288
0.0814248,0.902173,0.311259,0.0125,0.00471288
0.0386463,0.890418,0.278273,0.0225,0.00471288
0.0750782,0.898797,0.267261,0.0175,0.00471288
0.109088,0.86637,0.283594,0.0175,0.00471288
0.232812,0.911569,0.267772,0.045,0.00629099
0.237891,0.94618,0.26265,0.025,0.00629099
0.210049,0.922255,0.231992,0.0125,0.00629099
0.202243,0.933142,0.285628,0.0225,0.00629099
0.198825,0.898537,0.268034,0.0175,0.00629099
0.241021,0.882077,0.247453,0.0175,0.00629099
0.0553741,0.93566,0.203035,0.045,0.00228007
0.0240394,0.920418,0.20902,0.025,0.00228007
0.0605372,0.893051,0.194653,0.0125,0.00228007
0.053907,0.921104,0.241826,0.0225,0.00228007
0.085141,0.921552,0.218524,0.0175,0.00228007
0.0759783,0.938829,0.172779,0.0175,0.00228007
0.638286,0.954033,0.476028,0.045,0.00147976
0.610498,0.962741,0.496079,0.025,0.00147976
0.602652,0.945662,0.452098,0.0125,0.00147976
0.624451,0.920622,0.496303,0.0225,0.00147976
0.639081,0.92127,0.460188,0.0175,0.00147976
0.650571,0.966835,0.443854,0.0175,0.00147976
0.757514,0.760739,0.447025,0.045,0.00133645
0.735579,0.733689,0.453118,0.025,0.00133645
0.781249,0.729764,0.466766,0.0125,0.00133645
0.741697,0.763687,0.485234,0.0225,0.00133645
0.777806,0.773553,0.474394,0.0175,0.00133645
0.787947,0.763823,0.42667,0.0175,0.00133645
0.842042,0.825603,0.502542,0.045,0.000547999
0.833366,0.823892,0.46831,0.025,0.000547999
0.877668,0.837492,0.480137,0.0125,0.000547999
0.852718,0.788649,0.487075,0.0225,0.000547999
0.872325,0.80894,0.513956,0.0175,0.000547999
0.852576,0.853474,0.52404,0.0175,0.000547999
0.945496,0.636537,0.559028,0.045,0.000540169
0.931841,0.646963,0.589928,0.025,0.000540169
0.96068,0.608814,0.58925,0.0125,0.000540169
0.97203,0.661821,0.578402,0.0225,0.000540169
0.981378,0.63094,0.556545,0.0175,0.000540169
0.9421,0.60548,0.53969,0.0175,0.000540169
0.26864,-0.867847,0.282156,0.045,0.00554597
0.237104,-0.882995,0.277051,0.025,0.00554597
0.274471,-0.910807,0.2879,0.0125,0.00554597
0.249074,-0.872346,0.318429,0.0225,0.00554597
0.287405,-0.875817,0.312311,0.0175,0.00554597
0.30077,-0.871067,0.264627,0.0175,0.00554597
0.0630493,-0.707132,0.208909,0.045,0.0133007
0.0294335,-0.711325,0.19879,0.025,0.0133007
0.0618992,-0.698721,0.166009,0.0125,0.0133007
0.0572291,-0.74568,0.194805,0.0225,0.0133007
0.0893537,-0.72408,0.190312,0.0175,0.0133007
0.0854931,-0.678042,0.208767,0.0175,0.0133007
0.304317,-0.870227,0.40967,0.045,0.0167611
0.324356,-0.879273,0.437357,0.025,0.0167611
0.32397,-0.833584,0.423218,0.0125,0.0167611
0.283329,-0.864152,0.444903,0.0225,0.0167611
0.281454,-0.84208,0.41284,0.0175,0.0167611
0.312526,-0.856291,0.376679,0.0175,0.0167611
0.655436,-0.815456,0.562776,0.045,0.00172346
0.636684,-0.845384,0.561116,0.025,0.00172346
0.684148,-0.848258,0.566258,0.0125,0.00172346
0.646031,-0.828392,0.601024,0.0225,0.00172346
0.67909,-0.810907,0.590066,0.0175,0.00172346
0.681783,-0.801535,0.541282,0.0175,0.00172346
0.701229,-0.948113,0.518506,0.045,0.00131106
0.670398,-0.942568,0.502115,0.025,0.00131106
0.700038,-0.975812,0.484685,0.0125,0.00131106
0.672691,-0.974616,0.532715,0.0225,0.00131106
0.710582,-0.982112,0.527541,0.0175,0.00131106
0.736103,-0.94437,0.507559,0.0175,0.00131106
0.953907,-0.748117,0.585106,0.045,0.00062418
0.931556,-0.766561,0.564851,0.025,0.00062418
0.942858,-0.721939,0.551863,0.0125,0.00062418
0.974735,-0.767021,0.554649,0.0225,0.00062418
0.982544,-0.731878,0.569575,0.0175,0.00062418
0.950058,-0.716942,0.604166,0.0175,0.00062418
0.939548,-0.816078,0.516088,0.045,0.00055734
0.961872,-0.808922,0.489623,0.025,0.00055734
0.958368,-0.777812,0.525781,0.0125,0.00055734
0.97755,-0.82966,0.52558,0.0225,0.00055734
0.951654,-0.814384,0.550375,0.0175,0.00055734
0.909715,-0.798716,0.528681,0.0175,0.00055734
0.20152,-0.653131,0.266422,0.045,0.00623817
0.209654,-0.63472,0.295489,0.025,0.00623817
0.206633,-0.611594,0.253732,0.0125,0.00623817
0.167141,-0.63692,0.282977,0.0225,0.00623817
0.174583,-0.641321,0.244977,0.0175,0.00623817
0.219852,-0.659503,0.235224,0.0175,0.00623817
0.264997,-0.806094,0.182611,0.045,0.00387629
0.25961,-0.803212,0.217435,0.025,0.00387629
0.288845,-0.771985,0.196041,0.0125,0.00387629
0.234363,-0.779156,0.190001,0.0225,0.00387629
0.260928,-0.776652,0.161597,0.0175,0.00387629
0.295153,-0.812741,0.1627,0.0175,0.00387629
0.212687,-0.692548,0.176285,0.045,0.00361137
0.17945,-0.704564,0.177268,0.025,0.00361137
0.210451,-0.719993,0.210259,0.0125,0.00361137
0.189998,-0.669295,0.202039,0.0225,0.00361137
0.227473,-0.678948,0.20664,0.0175,0.00361137
0.244965,-0.709409,0.17141,0.0175,0.00361137
0.295387,-0.598625,0.406595,0.045,0.036688
0.274767,-0.626154,0.414779,0.025,0.036688
0.295759,-0.60183,0.450208,0.0125,0.036688
0.256836,-0.585569,0.414475,0.0225,0.036688
0.289812,-0.566775,0.423314,0.0175,0.036688
0.331136,-0.592031,0.411934,0.0175,0.036688
0.833526,-0.711988,0.562675,0.045,0.000489439
0.843443,-0.728339,0.592413,0.025,0.000489439
0.815624,-0.689572,0.595683,0.0125,0.000489439
0.8045,-0.739267,0.57417,0.0225,0.000489439
0.798262,-0.70461,0.557475,0.0175,0.000489439
0.839671,-0.67812,0.549824,0.0175,0.000489439
0.913233,-0.665764,0.569357,0.045,0.000561717
0.929738,-0.680371,0.597001,0.025,0.000561717
0.924113,-0.706351,0.55724,0.0125,0.000561717
0.954216,-0.660747,0.565625,0.0225,0.000561717
0.929024,-0.667147,0.536589,0.0175,0.000561717
0.882178,-0.674362,0.551703,0.0175,0.000561717
0.955048,-0.578135,0.53194,0.045,0.00111013
0.931424,-0.604052,0.52744,0.025,0.00111013
0.977981,-0.614951,0.526358,0.0125,0.00111013
0.947042,-0.596439,0.568267,0.0225,0.00111013
0.981473,-0.582391,0.55661,0.0175,0.00111013
0.981346,-0.564564,0.510164,0.0175,0.00111013
0.870092,-0.508674,0.572568,0.045,0.00146385
0.839978,-0.519217,0.587798,0.025,0.00146385
0.866997,-0.551701,0.565386,0.0125,0.00146385
0.877688,-0.522312,0.610974,0.0225,0.00146385
0.900873,-0.526646,0.579952,0.0175,0.00146385
0.881579,-0.508904,0.537668,0.0175,0.00146385
0.166924,-0.524662,0.184779,0.045,0.00245219
0.161063,-0.553312,0.204649,0.025,0.00245219
0.123938,-0.532474,0.182855,0.0125,0.00245219
0.167476,-0.558668,0.161072,0.0225,0.00245219
0.15372,-0.523662,0.150873,0.0175,0.00245219
0.155258,-0.489919,0.187398,0.0175,0.00245219
0.0900955,-0.442655,0.182759,0.045,0.0034407
0.0581401,-0.427572,0.18159,0.025,0.0034407
0.0829514,-0.432026,0.140944,0.0125,0.0034407
0.0613633,-0.471092,0.173565,0.0225,0.0034407
0.0977323,-0.469706,0.159632,0.0175,0.0034407
0.123699,-0.430087,0.174832,0.0175,0.0034407
0.213011,-0.955207,0.264607,0.045,0.00304164
0.22914,-0.952055,0.233304,0.025,0.00304164
0.222618,-0.912809,0.25985,0.0125,0.00304164
0.254118,-0.957178,0.269617,0.0225,0.00304164
0.228661,-0.940703,0.294098,0.0175,0.00304164
0.18166,-0.941316,0.277804,0.0175,0.00304164
0.555378,-0.585477,0.514678,0.045,0.00102179
0.529904,-0.574173,0.536433,0.025,0.00102179
0.533906,-0.62111,0.528159,0.0125,0.00102179
0.568703,-0.58673,0.553916,0.0225,0.00102179
0.577515,-0.612171,0.525741,0.0175,0.00102179
0.554393,-0.60334,0.482585,0.0175,0.00102179
0.46333,-0.408135,0.535358,0.045,0.00783525
0.433154,-0.414285,0.517993,0.025,0.00783525
0.437375,-0.373802,0.543108,0.0125,0.00783525
0.464657,-0.390315,0.49795,0.0225,0.00783525
0.480156,-0.376182,0.530794,0.0175,0.00783525
0.470919,-0.403903,0.571058,0.0175,0.00783525
0.552894,-0.233991,0.572579,0.045,0.00164987
0.583943,-0.240182,0.556843,0.025,0.00164987
0.55238,-0.211665,0.534979,0.0125,0.00164987
0.579899,-0.204082,0.582322,0.0225,0.00164987
0.541622,-0.199605,0.576528,0.0175,0.00164987
0.518261,-0.241303,0.562727,0.0175,0.00164987
0.813368,-0.373156,0.585402,0.045,0.00319486
0.847035,-0.36464,0.592036,0.025,0.00319486
0.812373,-0.337027,0.610024,0.0125,0.00319486
0.825232,-0.389534,0.621593,0.0225,0.00319486
0.789908,-0.375407,0.613143,0.0175,0.00319486
0.786428,-0.355573,0.567652,0.0175,0.00319486
0.257075,-0.502412,0.210567,0.045,0.00250526
0.228027,-0.520924,0.218536,0.025,0.00250526
0.231703,-0.475962,0.234424,0.0125,0.00250526
0.22738,-0.494843,0.182646,0.0225,0.00250526
0.253461,-0.469204,0.196104,0.0175,0.00250526
0.283386,-0.487461,0.231405,0.0175,0.00250526
0.19813,-0.412549,0.179874,0.045,0.00350466
0.206071,-0.446994,0.179158,0.025,0.00350466
0.193304,-0.4255,0.138384,0.0125,0.00350466
0.238044,-0.417655,0.169897,0.0225,0.00350466
0.214117,-0.390221,0.155982,0.0175,0.00350466
0.167274,-0.394102,0.172282,0.0175,0.00350466
-0.0610762,-0.455836,0.176558,0.045,0.00511235
-0.0318609,-0.475333,0.172518,0.025,0.00511235
-0.0279647,-0.431888,0.192135,0.0125,0.00511235
-0.0533516,-0.477106,0.211296,0.0225,0.00511235
-0.0681484,-0.44112,0.209092,0.0175,0.00511235
-0.0712643,-0.423358,0.162726,0.0175,0.00511235
-0.0242014,-0.545958,0.172266,0.045,0.0214839
0.00236186,-0.527923,0.18707,0.025,0.0214839
-0.0425735,-0.514523,0.196491,0.0125,0.0214839
-0.0160921,-0.561138,0.209983,0.0225,0.0214839
-0.051226,-0.558146,0.193387,0.0175,0.0214839
-0.0506891,-0.536166,0.14876,0.0175,0.0214839
-0.104661,-0.207895,0.271091,0.045,0.0341783
-0.113937,-0.185637,0.245235,0.025,0.0341783
-0.0976814,-0.229048,0.233457,0.0125,0.0341783
-0.144017,-0.214726,0.259993,0.0225,0.0341783
-0.118138,-0.241709,0.27099,0.0175,0.0341783
-0.0726509,-0.223637,0.279897,0.0175,0.0341783
-0.0652208,-0.152114,0.191371,0.045,0.00788823
-0.0734446,-0.171917,0.219482,0.025,0.00788823
-0.0676668,-0.124816,0.225449,0.0125,0.00788823
-0.106293,-0.152302,0.19701,0.0225,0.00788823
-0.0848789,-0.122281,0.184403,0.0175,0.00788823
-0.0359712,-0.131342,0.183434,0.0175,0.00788823
0.648239,-0.102604,0.575475,0.045,0.00881546
0.624791,-0.0811139,0.590914,0.025,0.00881546
0.641545,-0.0695486,0.547635,0.0125,0.00881546
0.609892,-0.112198,0.562976,0.0225,0.00881546
0.642258,-0.113674,0.541318,0.0175,0.00881546
0.683068,-0.0976884,0.564855,0.0175,0.00881546
0.886585,-0.210728,0.578288,0.045,0.00244874
0.884956,-0.245888,0.581615,0.025,0.00244874
0.901643,-0.220085,0.618265,0.0125,0.00244874
0.850898,-0.221583,0.596381,0.0225,0.00244874
0.872043,-0.189818,0.604294,0.0175,0.00244874
0.91471,-0.187091,0.578855,0.0175,0.00244874
0.137608,-0.258442,0.225024,0.045,0.00364936
0.110143,-0.279541,0.232134,0.025,0.00364936
0.139863,-0.267735,0.267698,0.0125,0.00364936
0.105508,-0.235857,0.238376,0.0225,0.00364936
0.143161,-0.229056,0.245776,0.0175,0.00364936
0.173931,-0.263494,0.227277,0.0175,0.00364936
-0.0496273,-0.0540018,0.122633,0.045,0.0215884
-0.0806437,-0.0683313,0.113542,0.025,0.0215884
-0.0404045,-0.0883542,0.0971898,0.0125,0.0215884
-0.0593793,-0.0844967,0.148971,0.0225,0.0215884
-0.0236207,-0.0754202,0.136414,0.0175,0.0215884
-0.0226999,-0.0386879,0.102874,0.0175,0.0215884
0.117151,-0.0397987,0.155171,0.045,0.0218666
0.124251,-0.0259467,0.186916,0.025,0.0218666
0.0852578,-0.0531899,0.181929,0.0125,0.0218666
0.138655,-0.0669474,0.17796,0.0225,0.0218666
0.110344,-0.0754622,0.152567,0.0175,0.0218666
0.0889108,-0.0355249,0.132058,0.0175,0.0218666
0.148568,0.0396032,0.18612,0.045,0.00613745
0.159993,0.0416372,0.152723,0.025,0.00613745
0.190651,0.0513295,0.18813,0.0125,0.00613745
0.165947,0.00367348,0.174906,0.0225,0.00613745
0.167699,0.0201212,0.210192,0.0175,0.00613745
0.14566,0.0646437,0.212851,0.0175,0.00613745
0.655046,0.0354223,0.561178,0.045,0.0593878
0.680954,0.0185994,0.578375,0.025,0.0593878
0.652508,-0.00659874,0.549334,0.0125,0.0593878
0.688835,0.0332843,0.537253,0.0225,0.0593878
0.651852,0.0308819,0.525203,0.0175,0.0593878
0.618472,0.0320235,0.562074,0.0175,0.0593878
0.869045,0.116343,0.577827,0.045,0.00336331
0.862833,0.08512,0.593206,0.025,0.00336331
0.906603,0.1041,0.596591,0.0125,0.00336331
0.858678,0.121968,0.617572,0.0225,0.00336331
0.884596,0.142865,0.597316,0.0175,0.00336331
0.891831,0.126559,0.550875,0.0175,0.00336331
0.93102,0.0307369,0.581635,0.045,0.00291605
0.948763,0.024453,0.611563,0.025,0.00291605
0.902286,0.0133339,0.609636,0.0125,0.00291605
0.944925,-0.00831866,0.581898,0.0225,0.00291605
0.911124,0.00403111,0.566941,0.0175,0.00291605
0.902461,0.052523,0.573905,0.0175,0.00291605
0.149163,0.597743,0.253256,0.045,0.00202528
0.150399,0.630753,0.240653,0.025,0.00202528
0.191515,0.60793,0.249375,0.0125,0.00202528
0.152345,0.596992,0.211927,0.0225,0.00202528
0.168653,0.571789,0.236778,0.0175,0.00202528
0.160952,0.582792,0.28468,0.0175,0.00202528
0.243122,0.247928,0.202305,0.045,0.00240952
0.275828,0.243196,0.214872,0.025,0.00240952
0.24489,0.206785,0.217025,0.0125,0.00240952
0.267315,0.231471,0.172934,0.0225,0.00240952
0.229565,0.223722,0.17874,0.0175,0.00240952
0.210058,0.246756,0.218286,0.0175,0.00240952
0.155961,0.229738,0.18964,0.045,0.00448814
0.178548,0.214336,0.212059,0.025,0.00448814
0.140099,0.189787,0.197688,0.0125,0.00448814
0.183708,0.207279,0.168558,0.0225,0.00448814
0.146099,0.211931,0.159463,0.0175,0.00448814
0.120473,0.238789,0.192582,0.0175,0.00448814
0.292774,0.327873,0.406164,0.045,0.0406456
0.272003,0.325151,0.377683,0.025,0.0406456
0.295104,0.286207,0.393087,0.0125,0.0406456
0.254902,0.31532,0.417428,0.0225,0.0406456
0.288626,0.304091,0.433407,0.0175,0.0406456
0.328859,0.32296,0.41104,0.0175,0.0406456
0.4765,0.32901,0.497931,0.045,0.148011
0.488417,0.32487,0.530958,0.025,0.148011
0.486188,0.369018,0.512696,0.0125,0.148011
0.445375,0.33378,0.524898,0.0225,0.148011
0.450202,0.353356,0.491548,0.0175,0.148011
0.492218,0.342093,0.467406,0.0175,0.148011
0.615835,0.400322,0.475641,0.045,0.00301849
0.642047,0.394981,0.498758,0.025,0.00301849
0.636093,0.438776,0.480481,0.0125,0.00301849
0.603046,0.409715,0.513942,0.0225,0.00301849
0.592836,0.428007,0.48108,0.0175,0.00301849
0.615652,0.410706,0.440397,0.0175,0.00301849
0.788801,0.242342,0.587552,0.045,0.00148527
0.784058,0.215762,0.564727,0.025,0.00148527
0.774146,0.208417,0.610936,0.0125,0.00148527
0.749477,0.241813,0.574435,0.0225,0.00148527
0.761734,0.251229,0.61021,0.0175,0.00148527
0.81081,0.246298,0.616706,0.0175,0.00148527
0.955097,0.268851,0.565396,0.045,0.00223365
0.933752,0.294963,0.576006,0.025,0.00223365
0.942069,0.258522,0.605845,0.0125,0.00223365
0.976766,0.297062,0.586688,0.0225,0.00223365
0.982486,0.258515,0.58703,0.0175,0.00223365
0.949476,0.232948,0.55998,0.0175,0.00223365
0.220246,0.595472,0.192016,0.045,0.00329255
0.193269,0.575103,0.202375,0.025,0.00329255
0.211729,0.606373,0.233502,0.0125,0.00329255
0.1844,0.615506,0.186322,0.0225,0.00329255
0.218252,0.631444,0.19722,0.0175,0.00329255
0.254928,0.598474,0.203771,0.0175,0.00329255
0.197382,0.324844,0.195132,0.045,0.00623861
0.163055,0.32337,0.203467,0.025,0.00623861
0.175867,0.34442,0.162476,0.0125,0.00623861
0.180029,0.291449,0.177743,0.0225,0.00623861
0.208077,0.313599,0.162206,0.0175,0.00623861
0.220405,0.353007,0.189955,0.0175,0.00623861
0.191293,0.498564,0.217058,0.045,0.00585087
0.169727,0.472423,0.206981,0.025,0.00585087
0.206345,0.484244,0.178576,0.0125,0.00585087
0.206701,0.462043,0.229205,0.0225,0.00585087
0.22724,0.492836,0.217009,0.0175,0.00585087
0.199255,0.531202,0.20218,0.0175,0.00585087
0.858601,0.677318,0.585725,0.045,0.00445091
0.867586,0.660584,0.615545,0.025,0.00445091
0.823034,0.655544,0.598894,0.0125,0.00445091
0.870965,0.638699,0.577095,0.0225,0.00445091
0.842674,0.658451,0.558978,0.0175,0.00445091
0.833674,0.703322,0.578486,0.0175,0.00445091
0.796584,0.60092,0.573494,0.045,0.00436332
0.796034,0.620423,0.602978,0.025,0.00436332
0.800109,0.572932,0.606912,0.0125,0.00436332
0.835323,0.609702,0.585366,0.0225,0.00436332
0.823197,0.576506,0.568942,0.0175,0.00436332
0.774167,0.574773,0.560694,0.0175,0.00436332
0.738072,0.411468,0.565505,0.045,0.00389066
0.732661,0.386042,0.541541,0.025,0.00389066
0.731142,0.37458,0.58795,0.0125,0.00389066
0.69745,0.407046,0.558505,0.0225,0.00389066
0.714179,0.415538,0.592663,0.0175,0.00389066
0.763903,0.416156,0.591211,0.0175,0.00389066
0.911922,0.391714,0.61396,0.045,0.00405314
0.929866,0.393405,0.644377,0.025,0.00405314
0.924581,0.43332,0.618563,0.0125,0.00405314
0.886535,0.402942,0.644752,0.0225,0.00405314
0.885099,0.415566,0.60791,0.0175,0.00405314
0.921661,0.398016,0.579097,0.0175,0.00405314
0.357706,0.733493,0.235367,0.045,0.00621704
0.339168,0.721953,0.263173,0.025,0.00621704
0.360767,0.764531,0.266023,0.0125,0.00621704
0.319001,0.748251,0.233668,0.0225,0.00621704
0.351326,0.766948,0.22252,0.0175,0.00621704
0.393277,0.741577,0.230969,0.0175,0.00621704
0.395927,0.924591,0.242812,0.045,0.00181337
0.407972,0.910821,0.273066,0.025,0.00181337
0.439375,0.929539,0.242228,0.0125,0.00181337
0.399541,0.954353,0.271447,0.0225,0.00181337
0.406365,0.958131,0.233264,0.0175,0.00181337
0.401637,0.915773,0.207604,0.0175,0.00181337
0.254851,0.74825,0.262733,0.045,0.00480757
0.270536,0.767581,0.237628,0.025,0.00480757
0.254381,0.78963,0.276875,0.0125,0.00480757
0.295147,0.75269,0.271411,0.0225,0.00480757
0.265967,0.751693,0.297224,0.0175,0.00480757
0.220816,0.748572,0.27657,0.0175,0.00480757
0.135663,0.664537,0.311943,0.045,0.0264621
0.129199,0.666205,0.346662,0.025,0.0264621
0.146116,0.625379,0.328371,0.0125,0.0264621
0.170252,0.674962,0.332283,0.0225,0.0264621
0.168051,0.652444,0.300552,0.0175,0.0264621
0.12156,0.643771,0.285113,0.0175,0.0264621
0.617929,0.831547,0.517922,0.045,0.00332876
0.590464,0.830944,0.540178,0.025,0.00332876
0.62094,0.867745,0.542276,0.0125,0.00332876
0.586246,0.852927,0.501867,0.0225,0.00332876
0.624079,0.861543,0.49824,0.0175,0.00332876
0.654255,0.831042,0.523421,0.0175,0.00332876
0.865726,0.632444,0.504404,0.045,0.00112788
0.885247,0.652395,0.526104,0.025,0.00112788
0.837599,0.654295,0.52978,0.0125,0.00112788
0.872141,0.612387,0.540116,0.0225,0.00112788
0.839733,0.611216,0.518502,0.0175,0.00112788
0.840984,0.64088,0.478583,0.0175,0.00112788
0.938346,0.787878,0.544303,0.045,0.000569742
0.943039,0.81937,0.559673,0.025,0.000569742
0.953369,0.779872,0.584586,0.0125,0.000569742
0.977563,0.800355,0.539294,0.0225,0.000569742
0.965553,0.763702,0.544867,0.0175,0.000569742
0.916558,0.75941,0.552356,0.0175,0.000569742
0.938366,0.461888,0.564324,0.045,0.00106288
0.95637,0.466072,0.594463,0.025,0.00106288
0.912529,0.447047,0.596335,0.0125,0.00106288
0.95875,0.426995,0.573581,0.0225,0.00106288
0.923614,0.429449,0.556903,0.0175,0.00106288
0.906644,0.475986,0.552285,0.0175,0.00106288
0.237427,0.876424,0.185321,0.045,0.00349723
0.268395,0.877636,0.202335,0.025,0.00349723
0.263898,0.848261,0.16486,0.0125,0.00349723
0.262725,0.903501,0.166731,0.0225,0.00349723
0.236993,0.88013,0.149112,0.0175,0.00349723
0.213109,0.849383,0.180083,0.0175,0.00349723
0.147532,0.920911,0.192979,0.045,0.00397163
0.124848,0.906357,0.215861,0.025,0.00397163
0.165391,0.925383,0.232647,0.0125,0.00397163
0.12229,0.950005,0.208311,0.0225,0.00397163
0.159947,0.954529,0.199356,0.0175,0.00397163
0.182211,0.912791,0.183954,0.0175,0.00397163
0.336432,0.95506,0.31012,0.045,0.00109002
0.354353,0.965421,0.281458,0.025,0.00109002
0.367762,0.92524,0.303665,0.0125,0.00109002
0.321042,0.936556,0.276363,0.0225,0.00109002
0.324167,0.920833,0.311884,0.0175,0.00109002
0.346381,0.95038,0.345178,0.0175,0.00109002
0.486732,0.955052,0.45809,0.045,0.00198824
0.46142,0.974331,0.442674,0.025,0.00198824
0.474164,0.932846,0.422573,0.0125,0.00198824
0.449444,0.942423,0.471086,0.0225,0.00198824
0.480534,0.919802,0.464725,0.0175,0.00198824
0.519967,0.944239,0.446755,0.0175,0.00198824
0.751195,0.951474,0.516504,0.045,0.000252937
0.76919,0.973127,0.53789,0.025,0.000252937
0.759503,0.987636,0.493357,0.0125,0.000252937
0.725107,0.977541,0.535444,0.0225,0.000252937
0.721972,0.964234,0.498949,0.0175,0.000252937
0.759852,0.935323,0.484658,0.0175,0.000252937
0.955108,0.951734,0.486073,0.045,0.000242518
0.929228,0.948732,0.462172,0.025,0.000242518
0.93025,0.987477,0.490195,0.0125,0.000242518
0.965818,0.971259,0.451104,0.0225,0.000242518
0.974468,0.982531,0.487392,0.0175,0.000242518
0.954815,0.953592,0.522767,0.0175,0.000242518
0.954775,0.798607,0.447803,0.045,0.000542338
0.974348,0.798463,0.41836,0.025,0.000542338
0.931762,0.820217,0.417539,0.0125,0.000542338
0.97749,0.833227,0.445751,0.0225,0.000542338
0.941317,0.83018,0.459929,0.0175,0.000542338
0.921679,0.784677,0.455588,0.0175,0.000542338
