X,Y,Z,r,absv
-0.94327,-0.485442,0.0446396,0.045,0.000806383
-0.955131,-0.512567,0.0253118,0.025,0.000806383
-0.925641,-0.521562,0.061876,0.0125,0.000806383
-0.977181,-0.501567,0.0622111,0.0225,0.000806383
-0.946273,-0.486915,0.0808861,0.0175,0.000806383
-0.909508,-0.472287,0.0507304,0.0175,0.000806383
-0.772523,-0.551191,0.047884,0.045,0.00220607
-0.795492,-0.537144,0.0249685,0.025,0.00220607
-0.749593,-0.540965,0.012077,0.0125,0.00220607
-0.786773,-0.58057,0.0223389,0.0225,0.00220607
-0.750653,-0.578078,0.0367562,0.0175,0.00220607
-0.742742,-0.537587,0.064557,0.0175,0.00220607
-0.668853,-0.627831,0.0446272,0.045,0.00128659
-0.636302,-0.628636,0.0308498,0.025,0.00128659
-0.643631,-0.648623,0.0736787,0.0125,0.00128659
-0.663072,-0.663366,0.0240711,0.0225,0.00128659
-0.683648,-0.658763,0.0568464,0.0175,0.00128659
-0.682442,-0.612512,0.0751341,0.0175,0.00128659
-0.525478,-0.634127,0.0493021,0.045,0.00828583
-0.543497,-0.604286,0.0433982,0.025,0.00828583
-0.509926,-0.617459,0.0119817,0.0125,0.00828583
-0.557905,-0.641829,0.0246458,0.0225,0.00828583
-0.522865,-0.658769,0.0226386,0.0175,0.00828583
-0.489819,-0.640755,0.0551725,0.0175,0.00828583
-0.449221,-0.580269,0.0448618,0.045,0.0125719
-0.460631,-0.548261,0.0546246,0.025,0.0125719
-0.448806,-0.57979,0.0885894,0.0125,0.0125719
-0.416932,-0.554964,0.0508536,0.0225,0.0125719
-0.41821,-0.593053,0.059001,0.0175,0.0125719
-0.462499,-0.61406,0.0505031,0.0175,0.0125719
-0.351454,-0.665432,0.0447931,0.045,0.0055768
-0.351313,-0.658449,0.0794518,0.025,0.0055768
-0.316951,-0.639563,0.0520643,0.0125,0.0055768
-0.371369,-0.629818,0.0521252,0.0225,0.0055768
-0.349063,-0.637826,0.0211886,0.0175,0.0055768
-0.327448,-0.682601,0.0229084,0.0175,0.0055768
-0.261884,-0.714614,0.0449057,0.045,0.0178369
-0.290213,-0.700239,0.0604238,0.025,0.0178369
-0.287046,-0.699018,0.0127166,0.0125,0.0178369
-0.292666,-0.742332,0.0466073,0.0225,0.0178369
-0.266747,-0.738387,0.0177731,0.0175,0.0178369
-0.235241,-0.700389,0.0239809,0.0175,0.0178369
-0.0982542,-0.534745,0.0448713,0.045,0.0257001
-0.0763671,-0.55393,0.0247986,0.025,0.0257001
-0.0612878,-0.511652,0.0413118,0.0125,0.0257001
-0.0736824,-0.557924,0.0689074,0.0225,0.0257001
-0.0863014,-0.521899,0.0767633,0.0175,0.0257001
-0.113341,-0.501558,0.0402931,0.0175,0.0257001
-0.864511,-0.312053,0.0445118,0.045,0.00474773
-0.889315,-0.332624,0.0590575,0.025,0.00474773
-0.847163,-0.328273,0.0812328,0.0125,0.00474773
-0.886388,-0.290364,0.0722567,0.0225,0.00474773
-0.848263,-0.286755,0.0650299,0.0175,0.00474773
-0.830874,-0.319218,0.0315821,0.0175,0.00474773
-0.709906,-0.405359,0.0445404,0.045,0.00562151
-0.738566,-0.39645,0.0258526,0.025,0.00562151
-0.717102,-0.438162,0.0165282,0.0125,0.00562151
-0.743802,-0.421614,0.0620203,0.0225,0.00562151
-0.708557,-0.438152,0.0602829,0.0175,0.00562151
-0.675015,-0.411616,0.0348708,0.0175,0.00562151
-0.654459,-0.475836,0.0513945,0.045,0.00279504
-0.666014,-0.455752,0.0246901,0.025,0.00279504
-0.628197,-0.484116,0.0174205,0.0125,0.00279504
-0.680828,-0.497459,0.0278181,0.0225,0.00279504
-0.649167,-0.511406,0.0457575,0.0175,0.00279504
-0.622585,-0.476798,0.0696455,0.0175,0.00279504
-0.564866,-0.462339,0.0513515,0.045,0.00685565
-0.541557,-0.461527,0.0247807,0.025,0.00685565
-0.52884,-0.482431,0.0658759,0.0125,0.00685565
-0.567447,-0.497289,0.0292015,0.0225,0.00685565
-0.571835,-0.49406,0.0677899,0.0175,0.00685565
-0.564311,-0.44807,0.0852053,0.0175,0.00685565
-0.389887,-0.406363,0.0540113,0.045,0.0202072
-0.392815,-0.386626,0.0248249,0.025,0.0202072
-0.352121,-0.410596,0.0323704,0.0125,0.0202072
-0.403015,-0.429739,0.0223888,0.0225,0.0202072
-0.378975,-0.440954,0.0509385,0.0175,0.0202072
-0.367204,-0.404662,0.0828659,0.0175,0.0202072
-0.368934,-0.502305,0.049798,0.045,0.0264766
-0.360452,-0.525842,0.0248163,0.025,0.0264766
-0.367792,-0.480354,0.0119913,0.0125,0.0264766
-0.327952,-0.50213,0.0435326,0.0225,0.0264766
-0.35014,-0.471202,0.0518931,0.0175,0.0264766
-0.398721,-0.481447,0.0550582,0.0175,0.0264766
-0.176733,-0.36705,0.0448246,0.045,0.0554357
-0.154234,-0.391389,0.0325187,0.025,0.0554357
-0.136563,-0.35295,0.0548273,0.0125,0.0554357
-0.167502,-0.394199,0.0747659,0.0225,0.0554357
-0.173657,-0.355993,0.0793685,0.0175,0.0554357
-0.181597,-0.33153,0.0367832,0.0175,0.0554357
-0.888807,-0.210484,0.0448008,0.045,0.000890468
-0.898051,-0.24167,0.0586548,0.025,0.000890468
-0.852117,-0.22846,0.0603935,0.0125,0.000890468
-0.896171,-0.206305,0.0853847,0.0225,0.000890468
-0.868982,-0.18743,0.0648125,0.0175,0.000890468
-0.866438,-0.201354,0.0171194,0.0175,0.000890468
-0.721186,-0.273472,0.0445108,0.045,0.00373426
-0.756288,-0.277682,0.0447982,0.025,0.00373426
-0.730247,-0.303895,0.0144305,0.0125,0.00373426
-0.731471,-0.304757,0.0696936,0.0225,0.00373426
-0.699837,-0.302848,0.0470137,0.0175,0.00373426
-0.697833,-0.26212,0.018515,0.0175,0.00373426
-0.632767,-0.289377,0.0446968,0.045,0.00543372
-0.657829,-0.308034,0.0281493,0.025,0.00543372
-0.612484,-0.312497,0.0136063,0.0125,0.00543372
-0.635756,-0.327127,0.061571,0.0225,0.00543372
-0.603019,-0.306538,0.0567619,0.0175,0.00543372
-0.60965,-0.263268,0.0331253,0.0175,0.00543372
-0.541499,-0.290076,0.0447969,0.045,0.0275972
-0.526212,-0.31473,0.0245857,0.025,0.0275972
-0.517319,-0.314785,0.0715794,0.0125,0.0275972
-0.564583,-0.324513,0.0446031,0.0225,0.0275972
-0.559392,-0.300393,0.0747702,0.0175,0.0275972
-0.527729,-0.263125,0.06563,0.0175,0.0275972
-0.457595,-0.324622,0.0445442,0.045,0.0182274
-0.442156,-0.294441,0.0345067,0.025,0.0182274
-0.430695,-0.313081,0.0770358,0.0125,0.0182274
-0.421299,-0.332717,0.0262187,0.0225,0.0182274
-0.436776,-0.352072,0.0562949,0.0175,0.0182274
-0.479673,-0.332954,0.072707,0.0175,0.0182274
-0.362139,-0.296812,0.0447712,0.045,0.0282989
-0.331439,-0.306071,0.0298779,0.025,0.0282989
-0.334876,-0.306445,0.0775806,0.0125,0.0282989
-0.360529,-0.337976,0.0401098,0.0225,0.0282989
-0.377003,-0.318744,0.0697323,0.0175,0.0282989
-0.371395,-0.269367,0.0673789,0.0175,0.0282989
-0.227996,-0.266757,0.0447702,0.045,0.0315723
-0.237032,-0.237816,0.0265839,0.025,0.0315723
-0.259752,-0.247203,0.0676105,0.0125,0.0315723
-0.206786,-0.234026,0.0588258,0.0225,0.0315723
-0.220289,-0.263675,0.0802117,0.0175,0.0315723
-0.246773,-0.296869,0.0542938,0.0175,0.0315723
-0.0340824,-0.255089,0.0444965,0.045,0.0359505
-0.0147476,-0.280582,0.0294538,0.025,0.0359505
-0.00251228,-0.234968,0.0218919,0.0125,0.0359505
-0.00171983,-0.264421,0.0686694,0.0225,0.0359505
-0.0172426,-0.229043,0.0635502,0.0175,0.0359505
-0.0543652,-0.227861,0.0304517,0.0175,0.0359505
-0.824676,-0.114671,0.0453663,0.045,0.000776718
-0.828028,-0.143516,0.0655332,0.025,0.000776718
-0.786256,-0.120223,0.0655052,0.0125,0.000776718
-0.835779,-0.103835,0.0838118,0.0225,0.000776718
-0.811808,-0.0840653,0.0602901,0.0175,0.000776718
-0.802777,-0.106752,0.0169454,0.0175,0.000776718
-0.712218,-0.173177,0.044776,0.045,0.00222336
-0.728058,-0.199369,0.0270823,0.025,0.00222336
-0.680873,-0.201882,0.0344803,0.0125,0.00222336
-0.722441,-0.203719,0.0708805,0.0225,0.00222336
-0.690568,-0.181382,0.0728637,0.0175,0.00222336
-0.686132,-0.149116,0.0352578,0.0175,0.00222336
-0.609054,-0.185874,0.044795,0.045,0.00109796
-0.580102,-0.203796,0.0352771,0.025,0.00109796
-0.578791,-0.177575,0.0752551,0.0125,0.00109796
-0.608427,-0.222782,0.0636667,0.0225,0.00109796
-0.621639,-0.189375,0.0787709,0.0175,0.00109796
-0.615678,-0.149977,0.0489832,0.0175,0.00109796
-0.502767,-0.19899,0.0447712,0.045,0.00209211
-0.474623,-0.19128,0.0248093,0.025,0.00209211
-0.468809,-0.195448,0.0720991,0.0125,0.00209211
-0.48259,-0.233787,0.0347306,0.0225,0.00209211
-0.500599,-0.226496,0.0685134,0.0175,0.00209211
-0.519746,-0.180692,0.071732,0.0175,0.00209211
-0.40773,-0.174506,0.0444956,0.045,0.0318418
-0.426901,-0.204212,0.0446998,0.025,0.0318418
-0.382981,-0.205335,0.0257994,0.0125,0.0318418
-0.398662,-0.196959,0.0781463,0.0225,0.0318418
-0.373719,-0.175327,0.0574417,0.0175,0.0318418
-0.39391,-0.154158,0.0172023,0.0175,0.0318418
-0.30408,-0.188853,0.0446062,0.045,0.0628063
-0.322413,-0.212204,0.0254057,0.025,0.0628063
-0.274634,-0.213501,0.0236798,0.0125,0.0628063
-0.308716,-0.224127,0.0658901,0.0225,0.0628063
-0.277459,-0.200857,0.0663371,0.0175,0.0628063
-0.280667,-0.162109,0.0352991,0.0175,0.0628063
-0.105181,-0.15315,0.0449371,0.045,0.0715962
-0.0909545,-0.127759,0.0248635,0.025,0.0715962
-0.125737,-0.11603,0.0555248,0.0125,0.0715962
-0.0745408,-0.134319,0.0655613,0.0225,0.0715962
-0.107683,-0.147949,0.0808773,0.0175,0.0715962
-0.139274,-0.166642,0.0472984,0.0175,0.0715962
-0.897922,-0.018713,0.0477486,0.045,0.00139572
-0.900286,-0.043662,0.0726876,0.025,0.00139572
-0.858188,-0.0220635,0.0657072,0.0125,0.00139572
-0.90583,-0.0012565,0.0845111,0.0225,0.00139572
-0.883347,0.0135227,0.0563181,0.0175,0.00139572
-0.878114,-0.0163635,0.0168917,0.0175,0.00139572
-0.757994,-0.0545044,0.0444574,0.045,0.000658583
-0.746878,-0.0876779,0.0393619,0.025,0.000658583
-0.717942,-0.0569437,0.0618475,0.0125,0.000658583
-0.766685,-0.0776054,0.0777673,0.0225,0.000658583
-0.756007,-0.0401259,0.0778387,0.0175,0.000658583
-0.745309,-0.0220764,0.0327303,0.0175,0.000658583
-0.666812,-0.0769711,0.0447788,0.045,0.00267468
-0.634266,-0.0767671,0.0309686,0.025,0.00267468
-0.648329,-0.0393377,0.0572132,0.0125,0.00267468
-0.639648,-0.0917891,0.0723706,0.0225,0.00267468
-0.671001,-0.070031,0.0802653,0.0175,0.00267468
-0.695913,-0.0550815,0.0398805,0.0175,0.00267468
-0.567183,-0.0593033,0.0442972,0.045,0.00211904
-0.576153,-0.0886027,0.0266599,0.025,0.00211904
-0.544397,-0.0920244,0.0622599,0.0125,0.00211904
-0.598041,-0.0787709,0.0639831,0.0225,0.00211904
-0.568609,-0.0594301,0.0806696,0.0175,0.00211904
-0.535201,-0.0416779,0.0483621,0.0175,0.00211904
-0.481568,-0.0868444,0.0449238,0.045,0.00154631
-0.456966,-0.102509,0.0249399,0.025,0.00154631
-0.443943,-0.083859,0.0670121,0.0125,0.00154631
-0.477379,-0.126528,0.0561673,0.0225,0.00154631
-0.484715,-0.0964862,0.0798828,0.0175,0.00154631
-0.48539,-0.0523394,0.0569568,0.0175,0.00154631
-0.372972,-0.081007,0.0449038,0.045,0.0146688
-0.372779,-0.110137,0.0248685,0.025,0.0146688
-0.344995,-0.108821,0.0637766,0.0125,0.0146688
-0.400133,-0.108576,0.0597696,0.0225,0.0146688
-0.378088,-0.0842708,0.0807948,0.0175,0.0146688
-0.346747,-0.0567975,0.0536301,0.0175,0.0146688
-0.274551,-0.0939512,0.0447578,0.045,0.0350259
-0.301752,-0.116013,0.0399183,0.025,0.0350259
-0.259651,-0.1267,0.0198989,0.0125,0.0350259
-0.273647,-0.123994,0.0733126,0.0225,0.0350259
-0.242757,-0.107363,0.056343,0.0175,0.0350259
-0.254454,-0.0739438,0.0213957,0.0175,0.0350259
-0.0533886,-0.0574532,0.044919,0.045,0.0881089
-0.0552207,-0.0880101,0.0272296,0.025,0.0881089
-0.0142459,-0.0633574,0.0263317,0.0125,0.0881089
-0.0394254,-0.0884151,0.0686916,0.0225,0.0881089
-0.0256869,-0.0519548,0.0678839,0.0175,0.0881089
-0.0476019,-0.0228487,0.0340081,0.0175,0.0881089
-0.836841,0.112996,0.0447083,0.045,0.00115891
-0.840107,0.1102,0.0798011,0.025,0.00115891
-0.796553,0.116996,0.061244,0.0125,0.00115891
-0.84039,0.150677,0.0616279,0.0225,0.00115891
-0.818441,0.141184,0.030857,0.0175,0.00115891
-0.819021,0.0926795,0.0198145,0.0175,0.00115891
-0.747075,0.0896349,0.0445986,0.045,0.00314807
-0.752589,0.0896449,0.0795214,0.025,0.00314807
-0.707583,0.0905816,0.0633608,0.0125,0.00314807
-0.747494,0.128568,0.0588386,0.0225,0.00314807
-0.725,0.114731,0.0301799,0.0175,0.00314807
-0.730176,0.0658962,0.0222181,0.0175,0.00314807
-0.65956,0.0239754,0.0445843,0.045,0.000206617
-0.64057,-0.00503639,0.0376793,0.025,0.000206617
-0.648878,0.00667275,0.0833013,0.0125,0.000206617
-0.684286,-0.00929619,0.0439629,0.0225,0.000206617
-0.687781,0.0216029,0.067453,0.0175,0.000206617
-0.651504,0.0552303,0.0621408,0.0175,0.000206617
-0.538563,0.0581083,0.0445843,0.045,0.00764332
-0.513912,0.0406181,0.0629257,0.025,0.00764332
-0.531899,0.0809593,0.0812711,0.0125,0.00764332
-0.556638,0.0324596,0.07168,0.0225,0.00764332
-0.569466,0.0677446,0.0612319,0.0175,0.00764332
-0.539228,0.0917698,0.0298716,0.0175,0.00764332
-0.437427,0.0367489,0.044632,0.045,0.0173582
-0.441818,0.00233799,0.0378051,0.025,0.0173582
-0.408118,0.0154377,0.069114,0.0125,0.0173582
-0.463111,0.0199649,0.0725129,0.0225,0.0173582
-0.436863,0.0479709,0.0792549,0.0175,0.0173582
-0.409035,0.0595378,0.0396719,0.0175,0.0173582
-0.335843,0.0115566,0.0447025,0.045,0.0260101
-0.334695,-0.017735,0.0249369,0.025,0.0260101
-0.310154,-0.0167274,0.065976,0.0125,0.0260101
-0.36476,-0.0152655,0.0574752,0.0225,0.0260101
-0.343944,0.00870689,0.0800756,0.0175,0.0260101
-0.309861,0.035237,0.0553876,0.0175,0.0260101
-0.151667,0.0214958,0.0446138,0.045,0.0196094
-0.13707,-0.00374135,0.0246134,0.025,0.0196094
-0.120207,0.0408872,0.0212308,0.0125,0.0196094
-0.118504,0.00565823,0.0638016,0.0225,0.0196094
-0.130069,0.0428639,0.0646627,0.0175,0.0196094
-0.16977,0.0523478,0.036221,0.0175,0.0196094
-0.894313,0.213563,0.0448503,0.045,0.00127111
-0.888056,0.214366,0.0796384,0.025,0.00127111
-0.856458,0.234815,0.0501275,0.0125,0.00127111
-0.908801,0.248884,0.0610137,0.0225,0.00127111
-0.892558,0.244563,0.0258533,0.0175,0.00127111
-0.876016,0.198536,0.016754,0.0175,0.00127111
-0.787465,0.204052,0.0444994,0.045,0.00174158
-0.790568,0.219063,0.0763593,0.025,0.00174158
-0.78716,0.247281,0.0378938,0.0125,0.00174158
-0.827325,0.212202,0.0524712,0.0225,0.00174158
-0.809792,0.21458,0.0177476,0.0175,0.00174158
-0.760956,0.205186,0.0190829,0.0175,0.00174158
-0.684126,0.238884,0.0445852,0.045,0.00165
-0.694319,0.269122,0.0598095,0.025,0.00165
-0.691045,0.267363,0.0121263,0.0125,0.00165
-0.725515,0.240688,0.0461332,0.0225,0.00165
-0.704162,0.225096,0.0175034,0.0175,0.00165
-0.65508,0.230187,0.0238315,0.0175,0.00165
-0.584701,0.228251,0.0447569,0.045,0.00283968
-0.575807,0.239588,0.0770425,0.025,0.00283968
-0.547706,0.2511,0.0400928,0.0125,0.00283968
-0.599704,0.266394,0.050982,0.0225,0.00283968
-0.586042,0.252184,0.0173635,0.0175,0.00283968
-0.567888,0.205996,0.0208389,0.0175,0.00283968
-0.464646,0.214305,0.0448093,0.045,0.0105436
-0.459139,0.219076,0.0794056,0.025,0.0105436
-0.436216,0.247343,0.0483728,0.0125,0.0105436
-0.490269,0.243491,0.0593155,0.0225,0.0105436
-0.47341,0.242988,0.024183,0.0175,0.0105436
-0.442259,0.204822,0.0172616,0.0175,0.0105436
-0.357401,0.156843,0.0447474,0.045,0.0103318
-0.355804,0.121934,0.0393794,0.025,0.0103318
-0.335633,0.140075,0.0787688,0.0125,0.0103318
-0.388902,0.138101,0.0641162,0.0225,0.0103318
-0.369269,0.16927,0.0768367,0.0175,0.0103318
-0.331418,0.182678,0.0474691,0.0175,0.0103318
-0.290667,0.0947847,0.0447102,0.045,0.00735847
-0.272912,0.125253,0.0421721,0.025,0.00735847
-0.31532,0.121483,0.0203811,0.0125,0.00735847
-0.303196,0.120962,0.0743161,0.0225,0.00735847
-0.325544,0.0954617,0.0551064,0.0175,0.00735847
-0.301505,0.0702877,0.0195623,0.0175,0.00735847
-0.0496635,0.126956,0.0448246,0.045,0.0353027
-0.0345623,0.152119,0.0251068,0.025,0.0353027
-0.0710759,0.164065,0.0535941,0.0125,0.0353027
-0.0203619,0.146428,0.0667567,0.0225,0.0353027
-0.0541842,0.132765,0.0804731,0.0175,0.0353027
-0.0837235,0.113194,0.0455532,0.0175,0.0353027
-0.83322,0.40101,0.044857,0.045,0.00152414
-0.827543,0.42762,0.0674328,0.025,0.00152414
-0.793159,0.394943,0.0613149,0.0125,0.00152414
-0.813442,0.431931,0.025584,0.0225,0.00152414
-0.80824,0.393811,0.0193772,0.0175,0.00152414
-0.83501,0.364601,0.0494639,0.0175,0.00152414
-0.725029,0.359125,0.0447865,0.045,0.000914004
-0.71846,0.386039,0.0667524,0.025,0.000914004
-0.714753,0.393397,0.0196396,0.0125,0.000914004
-0.759371,0.381728,0.0501249,0.0225,0.000914004
-0.748255,0.364086,0.0172016,0.0175,0.000914004
-0.704061,0.341457,0.0203288,0.0175,0.000914004
-0.63747,0.334028,0.0449123,0.045,0.00439283
-0.641564,0.349703,0.0763374,0.025,0.00439283
-0.597266,0.342991,0.0596012,0.0125,0.00439283
-0.637793,0.37522,0.0402345,0.0225,0.00439283
-0.61631,0.349862,0.0198822,0.0175,0.00439283
-0.6212,0.302665,0.034832,0.0175,0.00439283
-0.483456,0.371582,0.0446577,0.045,0.0023344
-0.46996,0.388901,0.0723689,0.025,0.0023344
-0.459104,0.404021,0.0283118,0.0125,0.0023344
-0.507791,0.403671,0.0544975,0.0225,0.0023344
-0.500442,0.390459,0.0185784,0.0175,0.0023344
-0.467828,0.352919,0.0171356,0.0175,0.0023344
-0.385679,0.347433,0.04461,0.045,0.00534938
-0.403059,0.373009,0.0617517,0.025,0.00534938
-0.357077,0.365325,0.0724361,0.0125,0.00534938
-0.379796,0.383767,0.0255321,0.0225,0.00534938
-0.353623,0.355124,0.0291752,0.0175,0.00534938
-0.3696,0.316454,0.0560884,0.0175,0.00534938
-0.283606,0.313435,0.044836,0.045,0.00682074
-0.28243,0.339474,0.0687231,0.025,0.00682074
-0.241836,0.3169,0.0573188,0.0125,0.00682074
-0.27414,0.349262,0.0262473,0.0225,0.00682074
-0.260331,0.31405,0.0168551,0.0175,0.00682074
-0.275865,0.277577,0.0469122,0.0175,0.00682074
-0.12789,0.210092,0.0447083,0.045,0.0199185
-0.145827,0.190022,0.0676318,0.025,0.0199185
-0.153252,0.183667,0.0208134,0.0125,0.0199185
-0.107832,0.174344,0.0509188,0.0225,0.0199185
-0.11003,0.194031,0.0173572,0.0175,0.0199185
-0.138677,0.234643,0.0195912,0.0175,0.0199185
-0.939311,0.467654,0.0447731,0.045,0.000655695
-0.919971,0.468738,0.0743502,0.025,0.000655695
-0.897592,0.463168,0.0324502,0.0125,0.000655695
-0.926211,0.506374,0.0516939,0.0225,0.000655695
-0.930235,0.489255,0.016916,0.0175,0.000655695
-0.944229,0.441577,0.0193603,0.0175,0.000655695
-0.762836,0.504751,0.0484686,0.045,0.00135183
-0.759356,0.530561,0.0245575,0.025,0.00135183
-0.747138,0.485998,0.0122143,0.0125,0.00135183
-0.796806,0.506765,0.0247875,0.0225,0.00135183
-0.780643,0.474378,0.0392298,0.0175,0.00135183
-0.738479,0.482331,0.064407,0.0175,0.00135183
-0.674812,0.556377,0.0482111,0.045,0.00241337
-0.686149,0.580328,0.0248048,0.025,0.00241337
-0.649368,0.552171,0.0128923,0.0125,0.00241337
-0.702224,0.539042,0.0223877,0.0225,0.00241337
-0.670739,0.521807,0.0375664,0.0175,0.00241337
-0.642698,0.551944,0.0655037,0.0175,0.00241337
-0.585737,0.566729,0.0450659,0.045,0.00323533
-0.56387,0.585854,0.0652159,0.025,0.00323533
-0.553416,0.539879,0.0571865,0.0125,0.00323533
-0.555152,0.58236,0.0218508,0.0225,0.00323533
-0.571992,0.5475,0.0173829,0.0175,0.00323533
-0.606115,0.536955,0.0520159,0.0175,0.00323533
-0.505218,0.619373,0.0479574,0.045,0.001971
-0.53162,0.625297,0.0252012,0.025,0.001971
-0.48704,0.636689,0.0121491,0.0125,0.001971
-0.509255,0.587087,0.0222662,0.0225,0.001971
-0.475843,0.601127,0.0365919,0.0175,0.001971
-0.481404,0.641845,0.0646292,0.0175,0.001971
-0.353117,0.536034,0.0513725,0.045,0.00660761
-0.341634,0.564849,0.034408,0.025,0.00660761
-0.340369,0.522778,0.0116956,0.0125,0.00660761
-0.383836,0.552342,0.0288079,0.0225,0.00660761
-0.377419,0.514411,0.0350363,0.0175,0.00660761
-0.336355,0.504938,0.0614765,0.0175,0.00660761
-0.274849,0.490291,0.0525675,0.045,0.00997844
-0.276791,0.524042,0.0629158,0.025,0.00997844
-0.239991,0.510479,0.0355424,0.0125,0.00997844
-0.293895,0.512917,0.0235149,0.0225,0.00997844
-0.269861,0.482879,0.0172802,0.0175,0.00997844
-0.250066,0.463886,0.0587823,0.0175,0.00997844
-0.16677,0.470524,0.0480404,0.045,0.104775
-0.190707,0.495305,0.0559734,0.025,0.104775
-0.171191,0.495347,0.0123084,0.0125,0.104775
-0.204469,0.458126,0.036046,0.0225,0.104775
-0.170899,0.451075,0.0175492,0.0175,0.104775
-0.131286,0.472476,0.0387099,0.0175,0.104775
-0.85573,-0.504933,0.0539331,0.045,0.00485871
-0.835917,-0.504997,0.0246511,0.025,0.00485871
-0.836357,-0.544101,0.0521858,0.0125,0.00485871
-0.877075,-0.521427,0.022451,0.0225,0.00485871
-0.878737,-0.53253,0.0597698,0.0175,0.00485871
-0.847266,-0.50808,0.0895486,0.0175,0.00485871
-0.744074,-0.735631,0.0494156,0.045,0.00159446
-0.764973,-0.709818,0.0372952,0.025,0.00159446
-0.725938,-0.721459,0.0122306,0.0125,0.00159446
-0.771467,-0.751114,0.0224224,0.0225,0.00159446
-0.734521,-0.762648,0.0269699,0.0175,0.00159446
-0.708993,-0.736,0.0603342,0.0175,0.00159446
-0.577003,-0.709331,0.0446167,0.045,0.00385289
-0.606887,-0.716008,0.0269418,0.025,0.00385289
-0.567333,-0.740182,0.0151686,0.0125,0.00385289
-0.59681,-0.741377,0.0619222,0.0225,0.00385289
-0.558205,-0.737139,0.0586992,0.0175,0.00385289
-0.544359,-0.696242,0.0339848,0.0175,0.00385289
-0.488223,-0.724325,0.0444517,0.045,0.00503617
-0.457168,-0.727721,0.0278974,0.025,0.00503617
-0.457621,-0.725492,0.0756711,0.0125,0.00503617
-0.477825,-0.764381,0.0419713,0.0225,0.00503617
-0.496371,-0.747158,0.0716048,0.0175,0.00503617
-0.501973,-0.69803,0.0661196,0.0175,0.00503617
-0.384546,-0.754877,0.0447655,0.045,0.00600004
-0.405003,-0.732563,0.026501,0.025,0.00600004
-0.425798,-0.763569,0.0563964,0.0125,0.00600004
-0.392267,-0.721016,0.0674059,0.0225,0.00600004
-0.388992,-0.757466,0.0808007,0.0175,0.00600004
-0.382153,-0.791539,0.0452016,0.0175,0.00600004
-0.197107,-0.86682,0.0475368,0.045,0.0177504
-0.164791,-0.877191,0.0574435,0.025,0.0177504
-0.178925,-0.88576,0.0125626,0.0125,0.0177504
-0.169314,-0.837595,0.0379386,0.0225,0.0177504
-0.200821,-0.847193,0.0171071,0.0175,0.0177504
-0.226568,-0.88541,0.0358549,0.0175,0.0177504
-0.0943909,-0.715404,0.0448256,0.045,0.0446472
-0.0761067,-0.713204,0.0750059,0.025,0.0446472
-0.12288,-0.703242,0.0756952,0.0125,0.0446472
-0.0971511,-0.751134,0.0656687,0.0225,0.0446472
-0.125238,-0.734718,0.0442125,0.0175,0.0446472
-0.112879,-0.690432,0.0252138,0.0175,0.0446472
-0.954796,-0.306598,0.0446882,0.045,0.000337471
-0.975088,-0.333551,0.0552582,0.025,0.000337471
-0.927785,-0.336502,0.0616782,0.0125,0.000337471
-0.96445,-0.302165,0.0847617,0.0225,0.000337471
-0.930648,-0.292459,0.0679694,0.0175,0.000337471
-0.927993,-0.304121,0.019679,0.0175,0.000337471
-0.809037,-0.418658,0.0447226,0.045,0.00387603
-0.827531,-0.429029,0.0730143,0.025,0.00387603
-0.791327,-0.398393,0.0791922,0.0125,0.00387603
-0.839292,-0.39143,0.0525998,0.0225,0.00387603
-0.803668,-0.383085,0.0391813,0.0175,0.00387603
-0.773711,-0.422626,0.0354324,0.0175,0.00387603
-0.686625,-0.551281,0.0881834,0.045,0.00564978
-0.69691,-0.582331,0.101604,0.025,0.00564978
-0.727757,-0.545782,0.101985,0.0125,0.00564978
-0.706309,-0.573405,0.0591685,0.0225,0.00564978
-0.707834,-0.534724,0.0636664,0.0175,0.00564978
-0.682622,-0.517962,0.103143,0.0175,0.00564978
-0.607444,-0.562197,0.0448723,0.045,0.00340839
-0.584391,-0.582228,0.0626856,0.025,0.00340839
-0.58133,-0.534659,0.066603,0.0125,0.00340839
-0.621341,-0.568938,0.0833454,0.0225,0.00340839
-0.625708,-0.536207,0.0626479,0.0175,0.00340839
-0.603135,-0.537163,0.018325,0.0175,0.00340839
-0.525445,-0.538239,0.0790424,0.045,0.015953
-0.516136,-0.565299,0.0582796,0.025,0.015953
-0.493923,-0.559862,0.100286,0.0125,0.015953
-0.546755,-0.572182,0.089646,0.0225,0.015953
-0.533566,-0.544705,0.113931,0.0175,0.015953
-0.506842,-0.509161,0.0916281,0.0175,0.015953
-0.425461,-0.538671,0.121269,0.045,0.0151821
-0.455078,-0.557979,0.121181,0.025,0.0151821
-0.413737,-0.57926,0.109975,0.0125,0.0151821
-0.430272,-0.557354,0.157964,0.0225,0.0151821
-0.396493,-0.550819,0.139661,0.0175,0.0151821
-0.401533,-0.529935,0.09479,0.0175,0.0151821
-0.21399,-0.459663,0.0479107,0.045,0.0507766
-0.232595,-0.430571,0.0554921,0.025,0.0507766
-0.21292,-0.434605,0.0120855,0.0125,0.0507766
-0.253252,-0.464336,0.0354448,0.0225,0.0507766
-0.221538,-0.478022,0.0173985,0.0175,0.0507766
-0.178717,-0.464871,0.0390409,0.0175,0.0507766
-0.0723677,-0.341592,0.0446329,0.045,0.0788926
-0.0513005,-0.32445,0.0672678,0.025,0.0788926
-0.0720549,-0.365125,0.0814922,0.0125,0.0788926
-0.0338631,-0.356796,0.0423991,0.0225,0.0788926
-0.0669274,-0.377118,0.0388615,0.0175,0.0788926
-0.10811,-0.350044,0.045644,0.0175,0.0788926
-0.793425,-0.216948,0.0449095,0.045,0.00118349
-0.823137,-0.231147,0.0320416,0.025,0.00118349
-0.814436,-0.234634,0.0789418,0.0125,0.00118349
-0.824623,-0.189843,0.048182,0.0225,0.00118349
-0.795475,-0.194641,0.073601,0.0175,0.00118349
-0.764316,-0.231608,0.0618733,0.0175,0.00118349
-0.685829,-0.342697,0.103805,0.045,0.0125387
-0.714047,-0.346747,0.0828915,0.025,0.0125387
-0.711096,-0.372901,0.122825,0.0125,0.0125387
-0.71668,-0.318233,0.116786,0.0225,0.0125387
-0.690883,-0.33677,0.139362,0.0175,0.0125387
-0.659244,-0.365809,0.114249,0.0175,0.0125387
-0.617219,-0.389517,0.0447426,0.045,0.00528918
-0.641969,-0.407762,0.0621935,0.025,0.00528918
-0.595953,-0.415942,0.0723465,0.0125,0.00528918
-0.626319,-0.370455,0.0804161,0.0225,0.00528918
-0.591197,-0.372476,0.06365,0.0175,0.00528918
-0.590168,-0.399875,0.022138,0.0175,0.00528918
-0.527454,-0.380646,0.051466,0.045,0.0040387
-0.552715,-0.395996,0.070864,0.025,0.0040387
-0.506978,-0.406092,0.0805473,0.0125,0.0040387
-0.534447,-0.358398,0.0857425,0.0225,0.0040387
-0.49998,-0.363781,0.0683695,0.0175,0.0040387
-0.501684,-0.394296,0.0291146,0.0175,0.0040387
-0.456019,-0.384927,0.111015,0.045,0.0219025
-0.46619,-0.414905,0.0952722,0.025,0.0219025
-0.456219,-0.415746,0.142042,0.0125,0.0219025
-0.496978,-0.389862,0.115115,0.0225,0.0219025
-0.472852,-0.374387,0.14152,0.0175,0.0219025
-0.424959,-0.375243,0.128087,0.0175,0.0219025
-0.348075,-0.354194,0.114051,0.045,0.0225677
-0.321366,-0.377039,0.110213,0.025,0.0225677
-0.331534,-0.360718,0.154005,0.0125,0.0225677
-0.361518,-0.392879,0.120495,0.0225,0.0225677
-0.373571,-0.360862,0.13916,0.0175,0.0225677
-0.349408,-0.319443,0.125909,0.0175,0.0225677
-0.12367,-0.241335,0.0449772,0.045,0.0525636
-0.102117,-0.268923,0.0499103,0.025,0.0525636
-0.0829144,-0.225496,0.044181,0.0125,0.0525636
-0.114397,-0.245019,0.0852165,0.0225,0.0525636
-0.119453,-0.211686,0.0656694,0.0175,0.0525636
-0.127819,-0.217859,0.0170185,0.0175,0.0525636
-0.954693,-0.120378,0.0448179,0.045,0.0011497
-0.951074,-0.120354,0.0799875,0.025,0.0011497
-0.913659,-0.133068,0.0530437,0.0125,0.0011497
-0.938997,-0.0841264,0.0573948,0.0225,0.0011497
-0.930008,-0.102982,0.0244948,0.0175,0.0011497
-0.952451,-0.147125,0.0197261,0.0175,0.0011497
-0.762036,-0.147175,0.114795,0.045,0.00251022
-0.79232,-0.165275,0.112499,0.025,0.00251022
-0.781533,-0.143671,0.153783,0.0125,0.00251022
-0.793009,-0.121657,0.104387,0.0225,0.00251022
-0.76276,-0.113032,0.127395,0.0175,0.00251022
-0.732223,-0.151386,0.135853,0.0175,0.00251022
-0.660684,-0.22995,0.105628,0.045,0.00137393
-0.67057,-0.263595,0.110134,0.025,0.00137393
-0.678106,-0.232473,0.14566,0.0125,0.00137393
-0.700543,-0.234499,0.0951755,0.0225,0.00137393
-0.68464,-0.203416,0.112487,0.0175,0.00137393
-0.636346,-0.208744,0.123177,0.0175,0.00137393
-0.559426,-0.222723,0.110038,0.045,0.00206461
-0.58849,-0.241978,0.115916,0.025,0.00206461
-0.567449,-0.220233,0.152956,0.0125,0.00206461
-0.592963,-0.198369,0.109055,0.0225,0.00206461
-0.557845,-0.188716,0.122923,0.0175,0.00206461
-0.524809,-0.2259,0.121935,0.0175,0.00206461
-0.451037,-0.1694,0.122547,0.045,0.0283053
-0.436244,-0.183233,0.151527,0.025,0.0283053
-0.452047,-0.138119,0.153091,0.0125,0.0283053
-0.480359,-0.185237,0.147209,0.0225,0.0283053
-0.483497,-0.153158,0.125302,0.0175,0.0283053
-0.441732,-0.141016,0.101152,0.0175,0.0283053
-0.340196,-0.143106,0.112738,0.045,0.0426395
-0.360726,-0.146021,0.141374,0.025,0.0426395
-0.360702,-0.10474,0.117219,0.0125,0.0426395
-0.378404,-0.154736,0.101621,0.0225,0.0426395
-0.354801,-0.130993,0.0816739,0.0175,0.0426395
-0.311839,-0.12115,0.104747,0.0175,0.0426395
-0.203404,-0.160826,0.0449038,0.045,0.0433201
-0.174165,-0.141431,0.0405561,0.025,0.0433201
-0.216483,-0.119194,0.0420316,0.0125,0.0433201
-0.189915,-0.147147,0.0816417,0.0225,0.0433201
-0.227121,-0.151472,0.0708847,0.0175,0.0433201
-0.232941,-0.166162,0.0237115,0.0175,0.0433201
0.00923061,-0.175173,0.0474482,0.045,0.0673438
0.0404673,-0.188613,0.0571244,0.025,0.0673438
0.0254509,-0.195386,0.012223,0.0125,0.0673438
0.0396031,-0.148579,0.0380118,0.0225,0.0673438
0.0072708,-0.154988,0.01722,0.0175,0.0673438
-0.021876,-0.190814,0.0357124,0.0175,0.0673438
-0.811214,0.026556,0.0448465,0.045,0.00207326
-0.829253,-0.00385026,0.0445585,0.025,0.00207326
-0.800067,0.00520879,0.0813504,0.0125,0.00207326
-0.846574,0.0308876,0.0660532,0.0225,0.00207326
-0.812377,0.047519,0.074582,0.0175,0.00207326
-0.775236,0.0339936,0.0443728,0.0175,0.00207326
-0.716722,-0.0699787,0.122542,0.045,0.00283244
-0.739637,-0.0829751,0.146122,0.025,0.00283244
-0.719746,-0.0402978,0.154517,0.0125,0.00283244
-0.754812,-0.0556486,0.11463,0.0225,0.00283244
-0.721413,-0.0360688,0.110168,0.0175,0.00283244
-0.681105,-0.0612595,0.124854,0.0175,0.00283244
-0.620671,-0.0456123,0.117658,0.045,0.00819206
-0.620023,-0.0778386,0.132185,0.025,0.00819206
-0.58753,-0.0456584,0.146191,0.0125,0.00819206
-0.642397,-0.0456476,0.152967,0.0225,0.00819206
-0.620487,-0.0164154,0.139395,0.0175,0.00819206
-0.596302,-0.0271613,0.0972687,0.0175,0.00819206
-0.521502,-0.013339,0.106397,0.045,0.0170965
-0.539659,-0.0435886,0.10869,0.025,0.0170965
-0.545583,-0.0105872,0.142798,0.0125,0.0170965
-0.558931,-0.00870559,0.0891829,0.0225,0.0170965
-0.539335,0.0182533,0.109381,0.0175,0.0170965
-0.496204,0.00205123,0.12815,0.0175,0.0170965
-0.430824,-0.0323477,0.101304,0.045,0.0122605
-0.456821,-0.0327233,0.125263,0.025,0.0122605
-0.411518,-0.0346692,0.140475,0.0125,0.0122605
-0.438334,0.00618555,0.114629,0.0225,0.0122605
-0.403524,-0.00859034,0.105212,0.0175,0.0122605
-0.404713,-0.0567345,0.0927333,0.0175,0.0122605
-0.307934,-0.0595741,0.120662,0.045,0.0272208
-0.330368,-0.0603611,0.147976,0.025,0.0272208
-0.31322,-0.0181143,0.133532,0.0125,0.0272208
-0.346698,-0.0534358,0.107306,0.0225,0.0272208
-0.314482,-0.0367656,0.0930593,0.0175,0.0272208
-0.272946,-0.0487595,0.117675,0.0175,0.0272208
-0.162439,-0.0709209,0.0447445,0.045,0.0395923
-0.14599,-0.0531646,0.0705153,0.025,0.0395923
-0.137356,-0.0409778,0.0250793,0.0125,0.0395923
-0.184009,-0.0368735,0.0544547,0.0225,0.0395923
-0.18003,-0.0522947,0.0188864,0.0175,0.0395923
-0.149962,-0.0918969,0.0172796,0.0175,0.0395923
-0.955201,0.0851297,0.0446711,0.045,0.000970202
-0.950282,0.0527518,0.0579929,0.025,0.000970202
-0.916816,0.0860624,0.0656051,0.0125,0.000970202
-0.968985,0.0836693,0.0837432,0.0225,0.000970202
-0.951553,0.11399,0.0665519,0.0175,0.000970202
-0.936393,0.104882,0.0200522,0.0175,0.000970202
-0.784284,0.145562,0.112098,0.045,0.00338974
-0.796302,0.113438,0.103519,0.025,0.00338974
-0.797231,0.126818,0.149428,0.0125,0.00338974
-0.825304,0.146907,0.106247,0.0225,0.00338974
-0.805077,0.167333,0.13256,0.0175,0.00338974
-0.75648,0.156718,0.13337,0.0175,0.00338974
-0.674625,0.149548,0.0447474,0.045,0.00311513
-0.681982,0.116621,0.0553163,0.025,0.00311513
-0.656255,0.144804,0.0841496,0.0125,0.00311513
-0.708928,0.1495,0.0680305,0.0225,0.00311513
-0.681638,0.17731,0.0672214,0.0175,0.00311513
-0.642947,0.166803,0.0377663,0.0175,0.00311513
-0.578414,0.138638,0.0447245,0.045,0.00278441
-0.609849,0.124497,0.036861,0.025,0.00278441
-0.590007,0.114317,0.0791714,0.0125,0.00278441
-0.608811,0.162522,0.0597032,0.0225,0.00278441
-0.574258,0.155938,0.0764809,0.0175,0.00278441
-0.545598,0.123671,0.0517324,0.0175,0.00278441
-0.478988,0.125647,0.044816,0.045,0.0159135
-0.466448,0.0977063,0.0624821,0.025,0.0159135
-0.443358,0.139435,0.0660969,0.0125,0.0159135
-0.493948,0.125483,0.08348,0.0225,0.0159135
-0.48421,0.156947,0.0626487,0.0175,0.0159135
-0.464755,0.146448,0.0180814,0.0175,0.0159135
-0.373125,0.0785494,0.0912628,0.045,0.0173556
-0.391654,0.05467,0.109605,0.025,0.0173556
-0.36789,0.0886085,0.133499,0.0125,0.0173556
-0.411066,0.0932102,0.0992807,0.0225,0.0173556
-0.378075,0.113929,0.0982479,0.0175,0.0173556
-0.337289,0.086593,0.0902326,0.0175,0.0173556
-0.247288,-0.00374222,0.0446796,0.045,0.0197805
-0.24042,0.00110761,0.0790209,0.025,0.0197805
-0.210468,0.0197646,0.0467368,0.0125,0.0197805
-0.263242,0.0323713,0.0573297,0.0225,0.0197805
-0.247471,0.0250788,0.0224464,0.0175,0.0197805
-0.228788,-0.0208054,0.0179103,0.0175,0.0197805
0.0320578,-0.0174742,0.0448914,0.045,0.0349552
0.0637633,-0.0136392,0.0600589,0.025,0.0349552
0.0607621,-0.012014,0.012353,0.0125,0.0349552
0.0404233,0.0227835,0.050191,0.0225,0.0349552
0.0211977,0.00697276,0.0202052,0.0175,0.0349552
0.0185434,-0.0426794,0.0218249,0.0175,0.0349552
-0.857587,0.306643,0.0448294,0.045,0.00120069
-0.872433,0.279003,0.0611256,0.025,0.00120069
-0.839956,0.304919,0.084813,0.0125,0.00120069
-0.890303,0.319191,0.066987,0.0225,0.00120069
-0.857123,0.338922,0.0616485,0.0175,0.00120069
-0.822854,0.314122,0.0354642,0.0175,0.00120069
-0.766392,0.285587,0.0748396,0.045,0.00124495
-0.778176,0.262924,0.0992836,0.025,0.00124495
-0.758451,0.304047,0.113681,0.0125,0.00124495
-0.805242,0.295298,0.085569,0.0225,0.00124495
-0.77685,0.320413,0.0765176,0.0175,0.00124495
-0.73293,0.298862,0.0674823,0.0175,0.00124495
-0.683792,0.307118,0.117252,0.045,0.00348318
-0.71598,0.293469,0.122508,0.025,0.00348318
-0.687667,0.3008,0.160352,0.0125,0.00348318
-0.710747,0.337396,0.125939,0.0225,0.00348318
-0.673381,0.335929,0.136914,0.0175,0.00348318
-0.650037,0.294065,0.123594,0.0175,0.00348318
-0.549397,0.310808,0.044488,0.045,0.00462953
-0.537962,0.290525,0.0710931,0.025,0.00462953
-0.525124,0.336588,0.0701543,0.0125,0.00462953
-0.575156,0.314033,0.0768111,0.0225,0.00462953
-0.56545,0.342575,0.0521144,0.0175,0.00462953
-0.531736,0.329228,0.0180524,0.0175,0.00462953
-0.450148,0.295764,0.0794859,0.045,0.0115279
-0.473664,0.272804,0.0925171,0.025,0.0115279
-0.450512,0.301674,0.122815,0.0125,0.0115279
-0.487152,0.31406,0.0833143,0.0225,0.0115279
-0.452437,0.330794,0.0891129,0.0175,0.0115279
-0.413948,0.299618,0.0844573,0.0175,0.0115279
-0.264567,0.208921,0.0445747,0.045,0.00937326
-0.284026,0.187174,0.0645351,0.025,0.00937326
-0.238649,0.195507,0.0771444,0.0125,0.00937326
-0.281808,0.230029,0.0758153,0.0225,0.00937326
-0.246467,0.23615,0.0605743,0.0175,0.00937326
-0.233927,0.203746,0.0249685,0.0175,0.00937326
-0.149563,0.119376,0.0446301,0.045,0.0190622
-0.162804,0.113193,0.0768238,0.025,0.0190622
-0.130728,0.148271,0.071516,0.0125,0.0190622
-0.182105,0.144118,0.0515289,0.0225,0.0190622
-0.149916,0.153362,0.0315986,0.0175,0.0190622
-0.115446,0.117494,0.0311216,0.0175,0.0190622
-0.954758,0.303469,0.0447865,0.045,0.00055683
-0.975004,0.321365,0.0675855,0.025,0.00055683
-0.930511,0.33684,0.0593115,0.0125,0.00055683
-0.973984,0.334563,0.0252352,0.0225,0.00055683
-0.937936,0.3216,0.018079,0.0175,0.00055683
-0.923011,0.285408,0.0487775,0.0175,0.00055683
-0.847637,0.494061,0.0757599,0.045,0.00153589
-0.865153,0.463808,0.0704698,0.025,0.00153589
-0.877614,0.491406,0.107491,0.0125,0.00153589
-0.881703,0.501195,0.0532352,0.0225,0.00153589
-0.866508,0.524868,0.0802065,0.0175,0.00153589
-0.826799,0.506061,0.10354,0.0175,0.00153589
-0.690569,0.445794,0.0442848,0.045,0.00187448
-0.699006,0.446055,0.0786177,0.025,0.00187448
-0.653689,0.45473,0.0660229,0.0125,0.00187448
-0.699291,0.484468,0.0564106,0.0225,0.00187448
-0.672254,0.474005,0.0303671,0.0175,0.00187448
-0.667757,0.4248,0.0245646,0.0175,0.00187448
-0.579521,0.441813,0.0498152,0.045,0.00579332
-0.603667,0.439969,0.0755754,0.025,0.00579332
-0.59816,0.481305,0.0521555,0.0125,0.00579332
-0.616615,0.432535,0.0337921,0.0225,0.00579332
-0.589319,0.454941,0.017309,0.0175,0.00579332
-0.549146,0.462085,0.0457707,0.0175,0.00579332
-0.498363,0.521291,0.0447006,0.045,0.000873056
-0.508887,0.487538,0.0448384,0.025,0.000873056
-0.520073,0.51525,0.08218,0.0125,0.000873056
-0.536869,0.51842,0.0296051,0.0225,0.000873056
-0.522765,0.547443,0.0514572,0.0175,0.000873056
-0.475962,0.540321,0.0667469,0.0175,0.000873056
-0.410156,0.443589,0.0449095,0.045,0.0222346
-0.43616,0.422956,0.0570793,0.025,0.0222346
-0.421862,0.460023,0.0837092,0.0125,0.0222346
-0.446955,0.459565,0.0344509,0.0225,0.0222346
-0.415038,0.479655,0.0442694,0.0175,0.0222346
-0.376532,0.451139,0.0576549,0.0175,0.0222346
-0.214388,0.383789,0.0448132,0.045,0.015962
-0.227711,0.416537,0.045047,0.025,0.015962
-0.252952,0.381606,0.0243065,0.0125,0.015962
-0.239477,0.388617,0.0774622,0.0225,0.015962
-0.235141,0.356179,0.0563023,0.0175,0.015962
-0.204428,0.361317,0.0175036,0.0175,0.015962
-0.0394535,0.239673,0.0446587,0.045,0.021687
-0.044342,0.249682,0.0782133,0.025,0.021687
-0.0299032,0.282315,0.0463681,0.0125,0.021687
-0.0777523,0.2548,0.0494677,0.0225,0.021687
-0.0551124,0.258905,0.0180141,0.0175,0.021687
-0.00973016,0.239158,0.0230657,0.0175,0.021687
-0.949103,0.614037,0.0450249,0.045,0.000653499
-0.975339,0.630836,0.061742,0.025,0.000653499
-0.980203,0.621253,0.0151373,0.0125,0.000653499
-0.977325,0.586655,0.0581603,0.0225,0.000653499
-0.95685,0.584598,0.0250656,0.0175,0.000653499
-0.927269,0.623804,0.0171349,0.0175,0.000653499
-0.845248,0.767596,0.0448303,0.045,0.000649542
-0.860987,0.792112,0.0247989,0.025,0.000649542
-0.875559,0.746699,0.0212288,0.0125,0.000649542
-0.879274,0.781698,0.0638614,0.0225,0.000649542
-0.865853,0.74512,0.064712,0.0175,0.000649542
-0.825567,0.737715,0.0364774,0.0175,0.000649542
-0.679584,0.81786,0.047821,0.045,0.00166777
-0.691402,0.850471,0.0546647,0.025,0.00166777
-0.671208,0.841789,0.0121875,0.0125,0.00166777
-0.718269,0.822166,0.0335517,0.0225,0.00166777
-0.689716,0.801507,0.0169188,0.0175,0.00166777
-0.646056,0.804704,0.0405533,0.0175,0.00166777
-0.605409,0.870246,0.0448141,0.045,0.00152221
-0.636503,0.86922,0.0280184,0.025,0.00152221
-0.625571,0.833864,0.0583161,0.0125,0.00152221
-0.634823,0.887417,0.0684509,0.0225,0.00152221
-0.604701,0.866093,0.0809701,0.0175,0.00152221
-0.576322,0.847801,0.0444329,0.0175,0.00152221
-0.449988,0.78533,0.0500565,0.045,0.00197527
-0.42682,0.778256,0.0243037,0.025,0.00197527
-0.471958,0.788658,0.0123897,0.0125,0.00197527
-0.433412,0.820582,0.0358701,0.0225,0.00197527
-0.470142,0.815564,0.0478895,0.0175,0.00197527
-0.480993,0.768733,0.0607,0.0175,0.00197527
-0.351591,0.767315,0.0444565,0.045,0.0157291
-0.377188,0.783237,0.0259815,0.025,0.0157291
-0.370486,0.736238,0.0201725,0.0125,0.0157291
-0.387654,0.764196,0.0646684,0.0225,0.0157291
-0.359531,0.737248,0.0633752,0.0175,0.0157291
-0.32111,0.749518,0.03425,0.0175,0.0157291
-0.11248,0.653008,0.0446281,0.045,0.0502898
-0.1119,0.649291,0.0797828,0.025,0.0502898
-0.0761686,0.630552,0.0540997,0.0125,0.0502898
-0.090166,0.68349,0.0617052,0.0225,0.0502898
-0.0829146,0.665851,0.0277193,0.0175,0.0502898
-0.114201,0.628632,0.0171896,0.0175,0.0502898
-0.95502,-0.642437,0.0448046,0.045,0.000312368
-0.973627,-0.67245,0.0465329,0.025,0.000312368
-0.937198,-0.669741,0.0156609,0.0125,0.000312368
-0.936738,-0.668926,0.0709364,0.0225,0.000312368
-0.91872,-0.643991,0.0470131,0.0175,0.000312368
-0.94958,-0.618215,0.0177174,0.0175,0.000312368
-0.834347,-0.708375,0.044838,0.045,0.000526775
-0.859375,-0.688472,0.0599197,0.025,0.000526775
-0.854677,-0.687331,0.0123368,0.0125,0.000526775
-0.870378,-0.728878,0.0452554,0.0225,0.000526775
-0.843413,-0.730197,0.0171499,0.0175,0.000526775
-0.804701,-0.699913,0.0248499,0.0175,0.000526775
-0.669734,-0.788781,0.0494509,0.045,0.00100492
-0.704727,-0.793301,0.0517004,0.025,0.00100492
-0.687551,-0.762674,0.0192275,0.0125,0.00100492
-0.682046,-0.817596,0.0223057,0.0225,0.00100492
-0.653614,-0.791492,0.0169271,0.0175,0.00100492
-0.648182,-0.759475,0.0546158,0.0175,0.00100492
-0.542967,-0.795612,0.0445023,0.045,0.00324411
-0.573388,-0.778675,0.0383663,0.025,0.00324411
-0.570512,-0.82526,0.0279258,0.0125,0.00324411
-0.568346,-0.799902,0.0770023,0.0225,0.00324411
-0.543552,-0.826716,0.0634018,0.0175,0.00324411
-0.519279,-0.81278,0.0222727,0.0175,0.00324411
-0.371245,-0.862304,0.0448055,0.045,0.0155548
-0.392033,-0.848702,0.0699618,0.025,0.0155548
-0.350348,-0.827243,0.0605081,0.0125,0.0155548
-0.395282,-0.832586,0.0287493,0.0225,0.0155548
-0.358453,-0.840407,0.0186926,0.0175,0.0155548
-0.337359,-0.87648,0.0456899,0.0175,0.0155548
-0.287046,-0.817687,0.0543594,0.045,0.0323355
-0.305699,-0.822383,0.0246942,0.025,0.0323355
-0.311068,-0.781539,0.0489935,0.0125,0.0323355
-0.266853,-0.80109,0.0221801,0.0225,0.0323355
-0.267863,-0.787032,0.058513,0.0175,0.0323355
-0.297051,-0.812911,0.0893895,0.0175,0.0323355
-0.0802965,-0.932238,0.0448189,0.045,0.00721332
-0.112326,-0.945354,0.0520368,0.025,0.00721332
-0.0764431,-0.954349,0.0823522,0.0125,0.00721332
-0.100867,-0.906358,0.0698363,0.0225,0.00721332
-0.0625887,-0.913633,0.0706126,0.0175,0.00721332
-0.0479383,-0.948271,0.0380459,0.0175,0.00721332
0.0465803,-0.587883,0.0449085,0.045,0.13056
0.0790816,-0.594041,0.0324287,0.025,0.13056
0.0676026,-0.610595,0.0758075,0.0125,0.13056
0.0477784,-0.624867,0.0262137,0.0225,0.13056
0.0270804,-0.61572,0.0579418,0.0175,0.13056
0.034416,-0.569262,0.0741536,0.0175,0.13056
-0.915129,-0.400131,0.0448141,0.045,0.000554023
-0.944155,-0.40227,0.0648871,0.025,0.000554023
-0.908496,-0.433177,0.0726795,0.0125,0.000554023
-0.909837,-0.378357,0.0796944,0.0225,0.000554023
-0.882526,-0.398891,0.0609543,0.0175,0.000554023
-0.89952,-0.423645,0.0212882,0.0175,0.000554023
-0.763459,-0.640451,0.0446444,0.045,0.00159576
-0.797063,-0.636799,0.0342788,0.025,0.00159576
-0.773378,-0.676464,0.0219021,0.0125,0.00159576
-0.788747,-0.658715,0.0719521,0.0225,0.00159576
-0.75336,-0.671158,0.0613819,0.0175,0.00159576
-0.731988,-0.643554,0.0259384,0.0175,0.00159576
-0.6565,-0.706615,0.0862217,0.045,0.00288966
-0.671403,-0.675773,0.0949779,0.025,0.00288966
-0.697909,-0.708482,0.0722838,0.0125,0.00288966
-0.675617,-0.71004,0.122849,0.0225,0.00288966
-0.673281,-0.73759,0.0953851,0.0175,0.00288966
-0.650298,-0.72279,0.0538191,0.0175,0.00288966
-0.537116,-0.742619,0.118189,0.045,0.00675838
-0.569966,-0.732085,0.110445,0.025,0.00675838
-0.549603,-0.716142,0.150679,0.0125,0.00675838
-0.535972,-0.706433,0.0979891,0.0225,0.00675838
-0.512068,-0.717605,0.126669,0.0175,0.00675838
-0.523285,-0.761965,0.146196,0.0175,0.00675838
-0.435976,-0.661463,0.0812693,0.045,0.0109052
-0.439676,-0.658683,0.11632,0.025,0.0109052
-0.449066,-0.700695,0.0954809,0.0125,0.0109052
-0.401123,-0.673572,0.100174,0.0225,0.0109052
-0.416264,-0.688888,0.0676945,0.0175,0.0109052
-0.459863,-0.668968,0.0543793,0.0175,0.0109052
-0.194781,-0.641583,0.0447569,0.045,0.038107
-0.22499,-0.65058,0.0607716,0.025,0.038107
-0.196419,-0.618575,0.0819113,0.0125,0.038107
-0.224717,-0.614772,0.0345719,0.0225,0.038107
-0.187075,-0.606317,0.0400794,0.0175,0.038107
-0.159553,-0.645144,0.0545708,0.0175,0.038107
-0.069602,-0.438178,0.0512514,0.045,0.0715971
-0.0464906,-0.419415,0.0321774,0.025,0.0715971
-0.0668327,-0.457868,0.012301,0.0125,0.0715971
-0.0897035,-0.410136,0.0282656,0.0225,0.0715971
-0.102103,-0.446064,0.036881,0.0175,0.0715971
-0.069464,-0.472967,0.0630711,0.0175,0.0715971
-0.955286,-0.235558,0.0994015,0.045,0.00106373
-0.975404,-0.250422,0.124388,0.025,0.00106373
-0.93533,-0.272748,0.110854,0.0125,0.00106373
-0.941708,-0.224436,0.136961,0.0225,0.00106373
-0.919661,-0.231346,0.105577,0.0175,0.00106373
-0.945347,-0.246621,0.0658036,0.0175,0.00106373
-0.784611,-0.340268,0.0900288,0.045,0.0100782
-0.806333,-0.345915,0.0627108,0.025,0.0100782
-0.815017,-0.368419,0.104011,0.0125,0.0100782
-0.816989,-0.314461,0.0921364,0.0225,0.0100782
-0.798784,-0.331138,0.12229,0.0175,0.0100782
-0.762555,-0.362594,0.109136,0.0175,0.0100782
-0.76171,-0.476889,0.0966406,0.045,0.00257947
-0.793301,-0.487627,0.0849474,0.025,0.00257947
-0.761138,-0.520601,0.0978223,0.0125,0.00257947
-0.787336,-0.482936,0.128664,0.0225,0.00257947
-0.749047,-0.490171,0.128076,0.0175,0.00257947
-0.7276,-0.481932,0.0839498,0.0175,0.00257947
-0.605565,-0.50703,0.121192,0.045,0.00903593
-0.6241,-0.537065,0.119111,0.025,0.00903593
-0.600912,-0.527139,0.159747,0.0125,0.00903593
-0.643723,-0.501177,0.136307,0.0225,0.00903593
-0.610903,-0.484895,0.149592,0.0175,0.00903593
-0.56979,-0.500322,0.126209,0.0175,0.00903593
-0.473713,-0.462144,0.0444803,0.045,0.00974968
-0.49709,-0.450003,0.0680622,0.025,0.00974968
-0.458272,-0.423728,0.0585626,0.0125,0.00974968
-0.500821,-0.436926,0.0258269,0.0225,0.00974968
-0.462914,-0.440302,0.0174376,0.0175,0.00974968
-0.43831,-0.471557,0.0473173,0.0175,0.00974968
-0.385165,-0.458589,0.127037,0.045,0.0370031
-0.403702,-0.475936,0.151643,0.025,0.0370031
-0.379324,-0.436859,0.164537,0.0125,0.0370031
-0.422863,-0.441758,0.130823,0.0225,0.0370031
-0.389688,-0.422636,0.123576,0.0175,0.0370031
-0.349268,-0.451639,0.123419,0.0175,0.0370031
-0.281592,-0.3526,0.0447464,0.045,0.00969348
-0.256368,-0.367891,0.0252548,0.025,0.00969348
-0.26159,-0.381454,0.0708212,0.0125,0.00969348
-0.295985,-0.387684,0.0279912,0.0225,0.00969348
-0.304825,-0.373642,0.0632537,0.0175,0.00969348
-0.280306,-0.332023,0.075159,0.0175,0.00969348
0.0423717,-0.217519,0.120704,0.045,0.120388
0.0735293,-0.234126,0.122554,0.025,0.120388
0.0681414,-0.192711,0.145863,0.0125,0.120388
0.0436279,-0.241505,0.154495,0.0225,0.120388
0.0262121,-0.206771,0.151499,0.0175,0.120388
0.0325617,-0.184722,0.107357,0.0175,0.120388
-0.887486,-0.141941,0.10323,0.045,0.0015449
-0.921145,-0.152758,0.103443,0.025,0.0015449
-0.89911,-0.14539,0.145248,0.0125,0.0015449
-0.912836,-0.109233,0.105745,0.0225,0.0015449
-0.878125,-0.112899,0.123079,0.0175,0.0015449
-0.856526,-0.157137,0.115903,0.0175,0.0015449
-0.75544,-0.259584,0.126112,0.045,0.00267329
-0.783961,-0.240494,0.117621,0.025,0.00267329
-0.781138,-0.259323,0.161496,0.0125,0.00267329
-0.750085,-0.220181,0.137834,0.0225,0.00267329
-0.737449,-0.251803,0.156784,0.0175,0.00267329
-0.751199,-0.294769,0.135811,0.0175,0.00267329
-0.59549,-0.310651,0.123934,0.045,0.024818
-0.618152,-0.337616,0.126991,0.025,0.024818
-0.614546,-0.306424,0.163069,0.0125,0.024818
-0.633271,-0.29884,0.111609,0.0225,0.024818
-0.607253,-0.27684,0.130525,0.0175,0.024818
-0.565683,-0.301072,0.143162,0.0175,0.024818
-0.497095,-0.303119,0.124524,0.045,0.0318583
-0.526937,-0.318998,0.134883,0.025,0.0318583
-0.485126,-0.336299,0.150376,0.0125,0.0318583
-0.50935,-0.287761,0.161031,0.0225,0.0318583
-0.472535,-0.293539,0.149625,0.0175,0.0318583
-0.468356,-0.314849,0.104866,0.0175,0.0318583
-0.426246,-0.256433,0.0939493,0.045,0.0262014
-0.444956,-0.227886,0.0847321,0.025,0.0262014
-0.457121,-0.251473,0.124521,0.0125,0.0262014
-0.411206,-0.22288,0.113098,0.0225,0.0262014
-0.413287,-0.25888,0.127877,0.0175,0.0262014
-0.435373,-0.291812,0.0978319,0.0175,0.0262014
-0.322169,-0.264082,0.118193,0.045,0.0378392
-0.338226,-0.250193,0.146464,0.025,0.0378392
-0.305366,-0.284297,0.153143,0.0125,0.0378392
-0.299449,-0.232963,0.133495,0.0225,0.0378392
-0.285816,-0.265825,0.117589,0.0175,0.0378392
-0.32128,-0.298162,0.104491,0.0175,0.0378392
-0.0395861,-0.091362,0.136055,0.045,0.252515
-0.0660814,-0.114682,0.134017,0.025,0.252515
-0.0239655,-0.125974,0.114364,0.0125,0.252515
-0.0371801,-0.118283,0.167491,0.0225,0.252515
-0.0071628,-0.10247,0.148316,0.0175,0.252515
-0.020574,-0.0731992,0.110391,0.0175,0.252515
-0.955199,-0.0403366,0.115867,0.045,0.00126056
-0.975136,-0.035844,0.144717,0.025,0.00126056
-0.932325,-0.0146047,0.142832,0.0125,0.00126056
-0.977552,-0.00559917,0.112341,0.0225,0.00126056
-0.941242,-0.0110872,0.0992933,0.0175,0.00126056
-0.922166,-0.0555852,0.11074,0.0175,0.00126056
-0.822355,-0.0416498,0.105583,0.045,0.0019614
-0.853483,-0.0507217,0.0914856,0.025,0.0019614
-0.851686,-0.0395333,0.137952,0.0125,0.0019614
-0.842902,-0.00768464,0.0936262,0.0225,0.0019614
-0.820019,-0.0109506,0.125002,0.0175,0.0019614
-0.801859,-0.0567213,0.132093,0.0175,0.0019614
-0.66238,-0.140601,0.112261,0.045,0.00334115
-0.691364,-0.159984,0.118112,0.025,0.00334115
-0.648775,-0.178121,0.130139,0.0125,0.00334115
-0.675784,-0.134647,0.151037,0.0225,0.00334115
-0.63861,-0.135711,0.139391,0.0175,0.00334115
-0.632863,-0.145998,0.0910571,0.0175,0.00334115
-0.566006,-0.128671,0.106731,0.045,0.0100769
-0.59262,-0.151765,0.103838,0.025,0.0100769
-0.601117,-0.109344,0.124229,0.0125,0.0100769
-0.587428,-0.121283,0.0720147,0.0225,0.0100769
-0.570858,-0.0945478,0.0950233,0.0175,0.0100769
-0.549526,-0.113418,0.135813,0.0175,0.0100769
-0.493081,-0.0881691,0.14708,0.045,0.023418
-0.483803,-0.120007,0.159339,0.025,0.023418
-0.530242,-0.1087,0.157573,0.0125,0.023418
-0.494114,-0.115999,0.116369,0.0225,0.023418
-0.518468,-0.0859436,0.121089,0.0175,0.023418
-0.510442,-0.0597612,0.162623,0.0175,0.023418
-0.512226,-0.0845547,0.234441,0.045,0.0132277
-0.536583,-0.0787358,0.209483,0.025,0.0132277
-0.550865,-0.0946348,0.25227,0.0125,0.0132277
-0.52777,-0.0463348,0.238488,0.0225,0.0132277
-0.516947,-0.0700227,0.267479,0.0175,0.0132277
-0.501875,-0.114943,0.252313,0.0175,0.0132277
-0.172038,-0.10146,0.128543,0.045,0.0715526
-0.177666,-0.136364,0.128562,0.025,0.0715526
-0.134531,-0.120034,0.141219,0.0125,0.0715526
-0.183356,-0.113939,0.166423,0.0225,0.0715526
-0.157642,-0.0858584,0.158113,0.0175,0.0715526
-0.149017,-0.0801136,0.109455,0.0175,0.0715526
0.0348177,-0.0977983,0.0849581,0.045,0.0405068
0.0306392,-0.12495,0.107215,0.025,0.0405068
0.0184669,-0.0810966,0.12192,0.0125,0.0405068
-0.0038613,-0.112475,0.0822577,0.0225,0.0405068
0.00690242,-0.0751381,0.0792792,0.0175,0.0405068
0.0555253,-0.0674868,0.0865091,0.0175,0.0405068
-0.903256,0.130106,0.102482,0.045,0.00178149
-0.90732,0.112013,0.132584,0.025,0.00178149
-0.917754,0.158687,0.132238,0.0125,0.00178149
-0.942388,0.11683,0.105829,0.0225,0.00178149
-0.930749,0.150651,0.0903566,0.0175,0.00178149
-0.881702,0.158424,0.0933451,0.0175,0.00178149
-0.78706,0.0508909,0.133142,0.045,0.0058532
-0.795605,0.0222198,0.114302,0.025,0.0058532
-0.80268,0.0215875,0.161599,0.0125,0.0058532
-0.82715,0.0522808,0.122671,0.0225,0.0058532
-0.811587,0.0649211,0.156089,0.0175,0.0058532
-0.762731,0.0564362,0.160112,0.0175,0.0058532
-0.688298,0.0149508,0.129135,0.045,0.00452584
-0.70853,-0.00506945,0.150108,0.025,0.00452584
-0.676326,0.0240246,0.170206,0.0125,0.00452584
-0.721718,0.0363384,0.141152,0.0225,0.00452584
-0.685879,0.0506619,0.135758,0.0175,0.00452584
-0.65198,0.0162927,0.12373,0.0175,0.00452584
-0.592912,0.0542412,0.123736,0.045,0.00467805
-0.608589,0.0226439,0.126152,0.025,0.00467805
-0.635396,0.0620001,0.130622,0.0125,0.00467805
-0.607744,0.0429446,0.0867073,0.0225,0.00467805
-0.606745,0.0791527,0.101085,0.0175,0.00467805
-0.589281,0.0819555,0.147585,0.0175,0.00467805
-0.481966,0.0657787,0.122628,0.045,0.0234307
-0.516691,0.0625701,0.116806,0.025,0.0234307
-0.500974,0.0637632,0.161962,0.0125,0.0234307
-0.499911,0.103148,0.123181,0.0225,0.0234307
-0.470184,0.0915025,0.14553,0.0175,0.0234307
-0.457494,0.0438373,0.13905,0.0175,0.0234307
-0.286875,0.0332499,0.120173,0.045,0.0315101
-0.293542,0.0108422,0.146696,0.025,0.0315101
-0.320597,0.0500462,0.142382,0.0125,0.0315101
-0.316274,0.00629643,0.108863,0.0225,0.0315101
-0.314274,0.0438623,0.0986869,0.0175,0.0315101
-0.276408,0.0684645,0.119565,0.0175,0.0315101
-0.0620718,0.0371113,0.0448551,0.045,0.0402096
-0.0721702,0.0640772,0.06537,0.025,0.0402096
-0.0521906,0.0257913,0.0859248,0.0125,0.0402096
-0.0301305,0.0627579,0.0512394,0.0225,0.0402096
-0.0283158,0.0239386,0.0483208,0.0175,0.0402096
-0.0726539,0.00196509,0.0431923,0.0175,0.0402096
-0.955387,0.213697,0.109896,0.045,0.00156912
-0.957954,0.178493,0.107888,0.025,0.00156912
-0.923116,0.19751,0.134574,0.0125,0.00156912
-0.977922,0.19933,0.14159,0.0225,0.00156912
-0.953181,0.229422,0.142651,0.0175,0.00156912
-0.928975,0.237197,0.0998884,0.0175,0.00156912
-0.839285,0.239028,0.122818,0.045,0.00168558
-0.868322,0.224568,0.136879,0.025,0.00168558
-0.843968,0.256776,0.162512,0.0125,0.00168558
-0.87214,0.263193,0.11538,0.0225,0.00168558
-0.83583,0.275264,0.122769,0.0175,0.00168558
-0.803964,0.238433,0.13292,0.0175,0.00168558
-0.724682,0.221323,0.122459,0.045,0.00439722
-0.7244,0.194339,0.0996165,0.025,0.00439722
-0.726402,0.184792,0.146439,0.0125,0.00439722
-0.763526,0.20965,0.11388,0.0225,0.00439722
-0.750326,0.222366,0.148272,0.0175,0.00439722
-0.701429,0.231506,0.149023,0.0175,0.00439722
-0.632446,0.232094,0.120574,0.045,0.00676089
-0.656527,0.20633,0.123087,0.025,0.00676089
-0.623117,0.209957,0.157118,0.0125,0.00676089
-0.664168,0.244635,0.144136,0.0225,0.00676089
-0.626618,0.253704,0.14928,0.0175,0.00676089
-0.595877,0.231532,0.117055,0.0175,0.00676089
-0.52627,0.18529,0.103452,0.045,0.00650951
-0.545861,0.166744,0.126305,0.025,0.00650951
-0.51064,0.194284,0.143293,0.0125,0.00650951
-0.557428,0.208689,0.117609,0.0225,0.00650951
-0.521392,0.220904,0.109186,0.0175,0.00650951
-0.490468,0.184519,0.0952283,0.0175,0.00650951
-0.374313,0.249332,0.0449095,0.045,0.00451173
-0.381162,0.224983,0.0696122,0.025,0.00451173
-0.338258,0.246119,0.069449,0.0125,0.00451173
-0.388178,0.267689,0.0793997,0.0225,0.00451173
-0.361063,0.281655,0.0551416,0.0175,0.00451173
-0.349515,0.25083,0.017839,0.0175,0.00451173
-0.241659,0.143796,0.10186,0.045,0.0109963
-0.252713,0.14955,0.134946,0.025,0.0109963
-0.207202,0.159262,0.123905,0.0125,0.0109963
-0.25372,0.183235,0.106084,0.0225,0.0109963
-0.224151,0.170375,0.0841972,0.0175,0.0109963
-0.216114,0.121415,0.0878408,0.0175,0.0109963
0.031023,0.183877,0.0448561,0.045,0.0303657
0.0616459,0.167328,0.0386617,0.025,0.0303657
0.0508073,0.206058,0.0127764,0.0125,0.0303657
0.061372,0.201588,0.0668565,0.0225,0.0303657
0.0311698,0.219861,0.0503441,0.0175,0.0303657
0.00149916,0.18998,0.0238537,0.0175,0.0303657
-0.955118,0.39116,0.0890961,0.045,0.000940294
-0.973951,0.377464,0.1157,0.025,0.000940294
-0.930892,0.395999,0.125182,0.0125,0.000940294
-0.977013,0.421011,0.107759,0.0225,0.000940294
-0.941279,0.424641,0.092636,0.0175,0.000940294
-0.922539,0.382207,0.0746597,0.0175,0.000940294
-0.764147,0.429457,0.0969305,0.045,0.00208641
-0.79487,0.420809,0.112139,0.025,0.00208641
-0.763395,0.446792,0.137073,0.0125,0.00208641
-0.791713,0.459933,0.0914475,0.0225,0.00208641
-0.753422,0.46424,0.0972784,0.0175,0.00208641
-0.729273,0.421495,0.105321,0.0175,0.00208641
-0.656518,0.484574,0.117888,0.045,0.00302549
-0.690526,0.477275,0.124227,0.025,0.00302549
-0.671125,0.515929,0.144647,0.0125,0.00302549
-0.680625,0.505253,0.0912429,0.0225,0.00302549
-0.647362,0.518076,0.106988,0.0175,0.00302549
-0.627146,0.486681,0.139862,0.0175,0.00302549
-0.569942,0.507549,0.110484,0.045,0.00270888
-0.56594,0.542664,0.111442,0.025,0.00270888
-0.562137,0.52024,0.0693683,0.0125,0.00270888
-0.606102,0.526131,0.102362,0.0225,0.00270888
-0.593077,0.493044,0.0864138,0.0175,0.00270888
-0.547225,0.480303,0.100915,0.0175,0.00270888
-0.491178,0.448743,0.101452,0.045,0.00525741
-0.525241,0.445644,0.1104,0.025,0.00525741
-0.507796,0.489193,0.101088,0.0125,0.00525741
-0.514563,0.445936,0.0673346,0.0225,0.00525741
-0.482397,0.467533,0.0715379,0.0175,0.00525741
-0.462906,0.466063,0.117287,0.0175,0.00525741
-0.305335,0.405727,0.0489368,0.045,0.0218586
-0.280948,0.411775,0.0738102,0.025,0.0218586
-0.313157,0.445866,0.0644363,0.0125,0.0218586
-0.320343,0.395567,0.0862235,0.0225,0.0218586
-0.340413,0.411419,0.0568187,0.0175,0.0218586
-0.312691,0.42225,0.016954,0.0175,0.0218586
-0.118362,0.394766,0.0491095,0.045,0.037486
-0.146013,0.382935,0.0305231,0.025,0.037486
-0.119541,0.418359,0.012306,0.0125,0.037486
-0.105968,0.365702,0.0222693,0.0225,0.037486
-0.0859317,0.397427,0.032795,0.0175,0.037486
-0.110597,0.427552,0.0637647,0.0175,0.037486
-0.955249,0.533054,0.105886,0.045,0.000618569
-0.92113,0.529865,0.0971823,0.025,0.000618569
-0.932846,0.533032,0.143445,0.0125,0.000618569
-0.944078,0.493142,0.106855,0.0225,0.000618569
-0.969286,0.510628,0.130887,0.0175,0.000618569
-0.974029,0.559534,0.123095,0.0175,0.000618569
-0.867942,0.575767,0.0446558,0.045,0.0006462
-0.871219,0.581911,0.0793186,0.025,0.0006462
-0.829585,0.591962,0.0580332,0.0125,0.0006462
-0.879289,0.615128,0.0510306,0.0225,0.0006462
-0.855324,0.602263,0.0231212,0.0175,0.0006462
-0.845957,0.553459,0.0254453,0.0175,0.0006462
-0.765474,0.682877,0.0441189,0.045,0.00241859
-0.798249,0.687298,0.031619,0.025,0.00241859
-0.786928,0.706756,0.0738175,0.0125,0.00241859
-0.767954,0.718622,0.0232661,0.0225,0.00241859
-0.746728,0.712016,0.055275,0.0175,0.00241859
-0.752509,0.666413,0.074299,0.0175,0.00241859
-0.666648,0.729125,0.0447683,0.045,0.00200326
-0.691717,0.714492,0.0649537,0.025,0.00200326
-0.688138,0.76217,0.063708,0.0125,0.00200326
-0.702241,0.726788,0.0236401,0.0225,0.00200326
-0.675909,0.755427,0.0213704,0.0175,0.00200326
-0.637645,0.750228,0.0527371,0.0175,0.00200326
-0.567182,0.775226,0.044425,0.045,0.00217025
-0.594141,0.763931,0.0643148,0.025,0.00217025
-0.5815,0.809993,0.0667575,0.0125,0.00217025
-0.60302,0.781502,0.0245508,0.0225,0.00217025
-0.571733,0.804717,0.0235801,0.0175,0.00217025
-0.534496,0.789684,0.0529467,0.0175,0.00217025
-0.412658,0.69346,0.0446835,0.045,0.0083636
-0.438792,0.694961,0.068448,0.025,0.0083636
-0.402884,0.72638,0.0717628,0.0125,0.0083636
-0.441346,0.720775,0.0324497,0.0225,0.0083636
-0.402847,0.723873,0.027252,0.0175,0.0083636
-0.376636,0.686965,0.0478873,0.0175,0.0083636
-0.18557,0.73267,0.0448074,0.045,0.0296273
-0.189422,0.751175,0.0746858,0.025,0.0296273
-0.193607,0.773958,0.0328419,0.0125,0.0296273
-0.225685,0.734793,0.0550541,0.0225,0.0296273
-0.211042,0.735353,0.018943,0.0175,0.0296273
-0.161322,0.734865,0.0172892,0.0175,0.0296273
-0.0701571,0.562479,0.0446367,0.045,0.0491657
-0.0555781,0.544213,0.0711659,0.025,0.0491657
-0.082398,0.582418,0.0815838,0.0125,0.0491657
-0.0969956,0.534221,0.0587763,0.0225,0.0491657
-0.105778,0.569886,0.0457535,0.0175,0.0491657
-0.0660981,0.597203,0.033332,0.0175,0.0491657
-0.869326,-0.606101,0.0444517,0.045,0.00173434
-0.851153,-0.630028,0.0258168,0.025,0.00173434
-0.83352,-0.615367,0.0677885,0.0125,0.00173434
-0.87934,-0.64434,0.0569531,0.0225,0.00173434
-0.876445,-0.612708,0.0795325,0.0175,0.00173434
-0.861313,-0.571943,0.0553618,0.0175,0.00173434
-0.850599,-0.797027,0.0446463,0.045,0.00085338
-0.852161,-0.831259,0.0359467,0.025,0.00085338
-0.859728,-0.818752,0.0814859,0.0125,0.00085338
-0.88979,-0.807752,0.0364135,0.0225,0.00085338
-0.878043,-0.782306,0.0634922,0.0175,0.00085338
-0.828607,-0.778225,0.0672918,0.0175,0.00085338
-0.692309,-0.880385,0.0448313,0.045,0.00107643
-0.661157,-0.897104,0.0446148,0.025,0.00107643
-0.66186,-0.849729,0.038084,0.0125,0.00107643
-0.675467,-0.879401,0.0827012,0.0225,0.00107643
-0.696526,-0.851133,0.0660805,0.0175,0.00107643
-0.710149,-0.860957,0.019252,0.0175,0.00107643
-0.608749,-0.853326,0.063633,0.045,0.00237761
-0.588055,-0.873042,0.0428238,0.025,0.00237761
-0.568527,-0.851285,0.0806763,0.0125,0.00237761
-0.606059,-0.891831,0.0787624,0.0225,0.00237761
-0.608161,-0.858959,0.0995902,0.0175,0.00237761
-0.608522,-0.817553,0.0720146,0.0175,0.00237761
-0.463087,-0.84271,0.0447292,0.045,0.00305772
-0.477223,-0.861585,0.0710715,0.025,0.00305772
-0.487281,-0.873943,0.0259757,0.0125,0.00305772
-0.439123,-0.875493,0.0530807,0.0225,0.00305772
-0.445686,-0.860086,0.0178913,0.0175,0.00305772
-0.478064,-0.822316,0.0180881,0.0175,0.00305772
-0.356891,-0.805928,0.11333,0.045,0.0206019
-0.366606,-0.837064,0.126975,0.025,0.0206019
-0.34335,-0.805981,0.154913,0.0125,0.0206019
-0.393618,-0.802254,0.132208,0.0225,0.0206019
-0.365422,-0.775372,0.131177,0.0175,0.0206019
-0.324013,-0.790396,0.108055,0.0175,0.0206019
-0.101035,-0.62488,0.0452509,0.045,0.0142897
-0.0735415,-0.633965,0.0249639,0.025,0.0142897
-0.091626,-0.589887,0.0207664,0.0125,0.0142897
-0.0656085,-0.613429,0.0634879,0.0225,0.0142897
-0.0993841,-0.594013,0.0644733,0.0175,0.0142897
-0.135448,-0.614807,0.0372334,0.0175,0.0142897
-0.95514,-0.363682,0.127458,0.045,0.00121295
-0.944628,-0.394706,0.114152,0.025,0.00121295
-0.916405,-0.356514,0.108466,0.0125,0.00121295
-0.930746,-0.383216,0.154699,0.0225,0.00121295
-0.932203,-0.344774,0.148467,0.0175,0.00121295
-0.963002,-0.331407,0.111756,0.0175,0.00121295
-0.849061,-0.565409,0.121665,0.045,0.00145053
-0.822043,-0.542656,0.120132,0.025,0.00145053
-0.86393,-0.527456,0.137508,0.0125,0.00145053
-0.828834,-0.565015,0.157851,0.0225,0.00145053
-0.867276,-0.569141,0.152959,0.0175,0.00145053
-0.8821,-0.565715,0.105593,0.0175,0.00145053
-0.765786,-0.598763,0.123916,0.045,0.00424793
-0.77215,-0.633541,0.12386,0.025,0.00424793
-0.744182,-0.615351,0.15813,0.0125,0.00424793
-0.798027,-0.60728,0.148548,0.0225,0.00424793
-0.770972,-0.579892,0.154607,0.0175,0.00424793
-0.734845,-0.57926,0.12041,0.0175,0.00424793
-0.583164,-0.654624,0.114935,0.045,0.00796936
-0.561626,-0.678288,0.129972,0.025,0.00796936
-0.542371,-0.640842,0.10729,0.0125,0.00796936
-0.573113,-0.64228,0.153215,0.0225,0.00796936
-0.578423,-0.619274,0.12221,0.0175,0.00796936
-0.587773,-0.644001,0.080065,0.0175,0.00796936
-0.503078,-0.607187,0.132856,0.045,0.0224187
-0.491325,-0.588422,0.16042,0.025,0.0224187
-0.52717,-0.570713,0.134171,0.0125,0.0224187
-0.525891,-0.615583,0.16644,0.0225,0.0224187
-0.538786,-0.613524,0.129722,0.0175,0.0224187
-0.503937,-0.600285,0.0967783,0.0175,0.0224187
-0.313736,-0.582897,0.0446768,0.045,0.0161393
-0.31468,-0.547555,0.044945,0.025,0.0161393
-0.349423,-0.571301,0.0222169,0.0125,0.0161393
-0.337266,-0.569617,0.0761207,0.0225,0.0161393
-0.343469,-0.60145,0.054513,0.0175,0.0161393
-0.310843,-0.607371,0.0174253,0.0175,0.0161393
-0.215873,-0.432915,0.133677,0.045,0.0702983
-0.225001,-0.463716,0.118913,0.025,0.0702983
-0.199154,-0.464284,0.15915,0.0125,0.0702983
-0.250963,-0.446927,0.150738,0.0225,0.0702983
-0.222503,-0.427626,0.169075,0.0175,0.0702983
-0.183258,-0.417339,0.140283,0.0175,0.0702983
-0.0366106,-0.274338,0.131808,0.045,0.0745272
-0.0571203,-0.269065,0.16012,0.025,0.0745272
-0.0448996,-0.313851,0.148616,0.0125,0.0745272
-0.0132338,-0.271988,0.165966,0.0225,0.0745272
-0.00681656,-0.294979,0.135161,0.0175,0.0745272
-0.0421463,-0.2923,0.100237,0.0175,0.0745272
-0.852583,-0.255059,0.118272,0.045,0.00324777
-0.83431,-0.262762,0.147542,0.025,0.00324777
-0.844772,-0.217006,0.138357,0.0125,0.00324777
-0.878441,-0.259163,0.150416,0.0225,0.00324777
-0.882131,-0.233966,0.120916,0.0175,0.00324777
-0.844397,-0.235121,0.0885153,0.0175,0.00324777
-0.719591,-0.374604,0.190499,0.045,0.0148323
-0.696655,-0.401465,0.19205,0.025,0.0148323
-0.728554,-0.400512,0.156427,0.0125,0.0148323
-0.686456,-0.36628,0.167015,0.0225,0.0148323
-0.723324,-0.356328,0.159241,0.0175,0.0148323
-0.756254,-0.37322,0.192488,0.0175,0.0148323
-0.689703,-0.431726,0.127813,0.045,0.00977601
-0.661861,-0.451005,0.117655,0.025,0.00977601
-0.662703,-0.404409,0.106903,0.0125,0.00977601
-0.65962,-0.429187,0.156226,0.0225,0.00977601
-0.684033,-0.400631,0.145868,0.0175,0.00977601
-0.715007,-0.412933,0.108931,0.0175,0.00977601
-0.599149,-0.415975,0.129632,0.045,0.0140003
-0.577408,-0.442443,0.138393,0.025,0.0140003
-0.571858,-0.421262,0.0958715,0.0125,0.0140003
-0.564553,-0.400796,0.146705,0.0225,0.0140003
-0.584955,-0.384656,0.117688,0.0175,0.0140003
-0.62365,-0.412009,0.10254,0.0175,0.0140003
-0.50735,-0.454073,0.136962,0.045,0.0233259
-0.483515,-0.465206,0.113341,0.025,0.0233259
-0.469186,-0.436088,0.148473,0.0125,0.0233259
-0.488131,-0.487954,0.151155,0.0225,0.0233259
-0.500033,-0.457562,0.172448,0.0175,0.0233259
-0.519835,-0.420625,0.145643,0.0175,0.0233259
-0.428259,-0.413798,0.191966,0.045,0.0319775
-0.417278,-0.422739,0.224362,0.025,0.0319775
-0.433573,-0.378372,0.21705,0.0125,0.0319775
-0.46042,-0.426644,0.214756,0.0225,0.0319775
-0.46095,-0.398279,0.188037,0.0175,0.0319775
-0.416486,-0.388647,0.167908,0.0175,0.0319775
-0.125589,-0.307047,0.10803,0.045,0.0954811
-0.150176,-0.32653,0.124337,0.025,0.0954811
-0.114132,-0.348846,0.102194,0.0125,0.0954811
-0.113291,-0.315941,0.14661,0.0225,0.0954811
-0.0904523,-0.313361,0.115138,0.0175,0.0954811
-0.115204,-0.304673,0.0728664,0.0175,0.0954811
-0.955341,-0.125547,0.159454,0.045,0.00100033
-0.945752,-0.157066,0.146624,0.025,0.00100033
-0.924949,-0.141267,0.186689,0.0125,0.00100033
-0.977568,-0.155524,0.177512,0.0225,0.00100033
-0.964794,-0.122861,0.194503,0.0175,0.00100033
-0.936718,-0.0943529,0.16494,0.0175,0.00100033
-0.828326,-0.110262,0.163014,0.045,0.00123094
-0.796772,-0.0970282,0.171915,0.025,0.00123094
-0.809423,-0.0972393,0.125791,0.0125,0.00123094
-0.831155,-0.0692283,0.16821,0.0225,0.00123094
-0.850451,-0.0905306,0.141891,0.0175,0.00123094
-0.838183,-0.138744,0.142,0.0175,0.00123094
-0.682938,-0.292218,0.181777,0.045,0.0054326
-0.660856,-0.307655,0.158884,0.025,0.0054326
-0.668333,-0.260544,0.155396,0.0125,0.0054326
-0.643978,-0.289516,0.195692,0.0225,0.0054326
-0.671855,-0.262593,0.199791,0.0175,0.0054326
-0.714661,-0.274237,0.177274,0.0175,0.0054326
-0.616006,-0.221343,0.182945,0.045,0.00287853
-0.587472,-0.210294,0.200658,0.025,0.00287853
-0.582877,-0.246896,0.170216,0.0125,0.00287853
-0.594934,-0.193899,0.160108,0.0225,0.00287853
-0.613988,-0.225183,0.146804,0.0175,0.00287853
-0.634046,-0.25335,0.182572,0.0175,0.00287853
-0.462608,-0.240793,0.180651,0.045,0.0349546
-0.450476,-0.230154,0.212109,0.025,0.0349546
-0.483972,-0.203878,0.190312,0.0125,0.0349546
-0.487143,-0.255107,0.210848,0.0225,0.0349546
-0.498554,-0.243317,0.1755,0.0175,0.0349546
-0.461687,-0.225433,0.147286,0.0175,0.0349546
-0.510884,-0.195829,0.241707,0.045,0.050422
-0.494653,-0.174283,0.218853,0.025,0.050422
-0.527813,-0.156013,0.248078,0.0125,0.050422
-0.478382,-0.177715,0.259989,0.0225,0.050422
-0.512432,-0.186411,0.276834,0.0175,0.050422
-0.546037,-0.205758,0.245667,0.0175,0.050422
-0.0539446,-0.188036,0.110047,0.045,0.0983345
-0.0737479,-0.201818,0.084204,0.025,0.0983345
-0.0319233,-0.222536,0.094643,0.0125,0.0983345
-0.0778235,-0.218364,0.125172,0.0225,0.0983345
-0.0414516,-0.20991,0.136324,0.0175,0.0983345
-0.0203361,-0.173189,0.110234,0.0175,0.0983345
0.138752,-0.176817,0.124094,0.045,0.16519
0.117287,-0.166303,0.0980421,0.025,0.16519
0.103762,-0.20301,0.125558,0.0125,0.16519
0.110923,-0.1498,0.138735,0.0225,0.16519
0.125219,-0.180723,0.157659,0.0175,0.16519
0.156285,-0.208472,0.130459,0.0175,0.16519
-0.930336,0.0466652,0.124659,0.045,0.0016877
-0.923446,0.0593472,0.156934,0.025,0.0016877
-0.94542,0.0877086,0.125306,0.0125,0.0016877
-0.963212,0.0411986,0.149316,0.0225,0.0016877
-0.964058,0.049711,0.111296,0.0175,0.0016877
-0.919116,0.0567991,0.0911711,0.0175,0.0016877
-0.774219,-0.0277662,0.180067,0.045,0.00353447
-0.783886,-0.0490794,0.206568,0.025,0.00353447
-0.742872,-0.0580478,0.183658,0.0125,0.00353447
-0.756833,-0.0150621,0.215494,0.0225,0.00353447
-0.74066,-0.0136665,0.180065,0.0175,0.00353447
-0.768724,-0.0337572,0.144235,0.0175,0.00353447
-0.698761,-0.10136,0.204693,0.045,0.00337415
-0.670042,-0.121513,0.200322,0.025,0.00337415
-0.664395,-0.0743382,0.205816,0.0125,0.00337415
-0.683215,-0.112026,0.241616,0.0225,0.00337415
-0.699872,-0.0779764,0.232567,0.0175,0.00337415
-0.713069,-0.0740085,0.184764,0.0175,0.00337415
-0.580847,-0.00710011,0.188146,0.045,0.0122062
-0.552037,-0.0243105,0.177018,0.025,0.0122062
-0.577119,0.00135598,0.145401,0.0125,0.0122062
-0.547976,0.0181386,0.189279,0.0225,0.0122062
-0.584505,0.0282326,0.180195,0.0175,0.0122062
-0.616374,-0.0099568,0.179219,0.0175,0.0122062
-0.484917,-0.00988579,0.190423,0.045,0.0154204
-0.456245,0.00031653,0.208418,0.025,0.0154204
-0.45312,-0.0380607,0.180047,0.0125,0.0154204
-0.461539,0.0149655,0.166872,0.0225,0.0154204
-0.482147,-0.0157526,0.154605,0.0175,0.0154204
-0.504914,-0.0407011,0.191132,0.0175,0.0154204
-0.406411,-0.0467291,0.239779,0.045,0.105116
-0.407068,-0.014353,0.225589,0.025,0.105116
-0.418537,-0.0517459,0.198062,0.0125,0.105116
-0.44471,-0.0310314,0.242132,0.0225,0.105116
-0.435426,-0.0683524,0.235831,0.0175,0.105116
-0.386511,-0.0766722,0.232202,0.0175,0.105116
0.00697327,-0.00975037,0.131301,0.045,0.288627
0.0382237,-0.00225857,0.146041,0.025,0.288627
0.0208837,0.0272868,0.112666,0.0125,0.288627
0.00169059,0.0160896,0.163287,0.0225,0.288627
-0.0186238,0.0160988,0.13003,0.0175,0.288627
-0.00289916,-0.0173577,0.096737,0.0175,0.288627
-0.955508,0.138775,0.175184,0.045,0.000978842
-0.921828,0.149024,0.178441,0.025,0.000978842
-0.94843,0.168225,0.143639,0.0125,0.000978842
-0.953328,0.172986,0.198499,0.0225,0.000978842
-0.981577,0.1641,0.173165,0.0175,0.000978842
-0.973715,0.121826,0.148143,0.0175,0.000978842
-0.854272,0.163032,0.169958,0.045,0.00113161
-0.828283,0.179288,0.187574,0.025,0.00113161
-0.830028,0.183672,0.139979,0.0125,0.00113161
-0.865216,0.202112,0.178424,0.0225,0.00113161
-0.874149,0.182126,0.146182,0.0175,0.00113161
-0.854106,0.136627,0.144408,0.0175,0.00113161
-0.716108,0.102829,0.151693,0.045,0.00717243
-0.712842,0.0726661,0.169846,0.025,0.00717243
-0.679371,0.0837858,0.137543,0.0125,0.00717243
-0.692273,0.108916,0.185064,0.0225,0.00717243
-0.687828,0.125696,0.150172,0.0175,0.00717243
-0.720161,0.109829,0.115852,0.0175,0.00717243
-0.619119,0.13996,0.127306,0.045,0.00614553
-0.586374,0.140324,0.113978,0.025,0.00614553
-0.619776,0.167846,0.093624,0.0125,0.00614553
-0.597373,0.171025,0.144064,0.0225,0.00614553
-0.635328,0.171573,0.135239,0.0175,0.00614553
-0.651522,0.13008,0.113078,0.0175,0.00614553
-0.425179,0.16617,0.113414,0.045,0.0158135
-0.418765,0.198256,0.100021,0.025,0.0158135
-0.457798,0.174701,0.0855617,0.0125,0.0158135
-0.445276,0.194968,0.135448,0.0225,0.0158135
-0.458064,0.159066,0.127311,0.0175,0.0158135
-0.427572,0.132925,0.0979538,0.0175,0.0158135
-0.326772,0.198417,0.118328,0.045,0.00720376
-0.306993,0.227602,0.115674,0.025,0.00720376
-0.320988,0.205601,0.0755796,0.0125,0.00720376
-0.351142,0.231661,0.113892,0.0225,0.00720376
-0.357632,0.196172,0.099155,0.0175,0.00720376
-0.321059,0.163624,0.107991,0.0175,0.00720376
-0.20339,0.0628386,0.104575,0.045,0.0287811
-0.204073,0.0901943,0.126963,0.025,0.0287811
-0.194522,0.0466183,0.144208,0.0125,0.0287811
-0.165137,0.078046,0.109494,0.0225,0.0287811
-0.174619,0.0405409,0.104782,0.0175,0.0287811
-0.223607,0.0322461,0.102255,0.0175,0.0287811
0.104896,-0.0466318,0.120036,0.045,0.263924
0.0844169,-0.0742648,0.128224,0.025,0.263924
0.0904452,-0.0396987,0.160725,0.0125,0.263924
0.065273,-0.0378797,0.111539,0.0225,0.263924
0.0920057,-0.012966,0.125082,0.0175,0.263924
0.136165,-0.0338562,0.134494,0.0175,0.263924
-0.952992,0.308993,0.134381,0.045,0.00167361
-0.933044,0.335129,0.147381,0.025,0.00167361
-0.944665,0.335984,0.100995,0.0125,0.00167361
-0.977001,0.340887,0.145565,0.0225,0.00167361
-0.982662,0.317355,0.115021,0.0175,0.00167361
-0.946732,0.283544,0.10863,0.0175,0.00167361
-0.806467,0.352675,0.120465,0.045,0.000670678
-0.80396,0.338231,0.152638,0.025,0.000670678
-0.770797,0.32738,0.119928,0.0125,0.000670678
-0.781701,0.375725,0.144425,0.0225,0.000670678
-0.777376,0.369293,0.106233,0.0175,0.000670678
-0.811025,0.338063,0.0870629,0.0175,0.000670678
-0.672427,0.396138,0.119051,0.045,0.00484283
-0.666378,0.414856,0.148429,0.025,0.00484283
-0.692556,0.434578,0.113597,0.0125,0.00484283
-0.703712,0.391027,0.14577,0.0225,0.00484283
-0.706592,0.39279,0.106945,0.0175,0.00484283
-0.663432,0.401709,0.0838649,0.0175,0.00484283
-0.584556,0.376192,0.111012,0.045,0.0125746
-0.567736,0.386864,0.140222,0.025,0.0125746
-0.560746,0.411037,0.0995493,0.0125,0.0125746
-0.606572,0.405738,0.130014,0.0225,0.0125746
-0.603325,0.400544,0.091527,0.0175,0.0125746
-0.572449,0.363726,0.0786392,0.0175,0.0125746
-0.489668,0.35898,0.133278,0.045,0.0101826
-0.50709,0.365569,0.163329,0.025,0.0101826
-0.511348,0.396446,0.127053,0.0125,0.0101826
-0.528226,0.34394,0.13086,0.0225,0.0101826
-0.50783,0.359913,0.101746,0.0175,0.0101826
-0.463275,0.377296,0.115447,0.0175,0.0101826
-0.327064,0.294274,0.120471,0.045,0.013063
-0.358815,0.308917,0.125711,0.025,0.013063
-0.325725,0.312905,0.160014,0.0125,0.013063
-0.326348,0.334095,0.108956,0.0225,0.013063
-0.297214,0.31442,0.125774,0.0175,0.013063
-0.308875,0.267651,0.138089,0.0175,0.013063
-0.196745,0.273363,0.0478268,0.045,0.0303069
-0.205715,0.298601,0.0247492,0.025,0.0303069
-0.172336,0.266749,0.0121485,0.0125,0.0303069
-0.22618,0.259312,0.0222354,0.0225,0.0303069
-0.196556,0.23865,0.0368732,0.0175,0.0303069
-0.165089,0.265341,0.0646651,0.0175,0.0303069
-0.947756,0.452345,0.159883,0.045,0.000962965
-0.933289,0.484296,0.155433,0.025,0.000962965
-0.945763,0.459124,0.116725,0.0125,0.000962965
-0.977526,0.48098,0.156344,0.0225,0.000962965
-0.978886,0.44449,0.142729,0.0175,0.000962965
-0.936961,0.418679,0.149879,0.0175,0.000962965
-0.87763,0.557145,0.14439,0.045,0.00144987
-0.844867,0.567072,0.135557,0.025,0.00144987
-0.872796,0.547543,0.102,0.0125,0.00144987
-0.878205,0.595571,0.128838,0.0225,0.00144987
-0.905599,0.56829,0.123932,0.0175,0.00144987
-0.894377,0.524442,0.144581,0.0175,0.00144987
-0.756289,0.593974,0.0535374,0.045,0.00211719
-0.724994,0.600234,0.0687503,0.025,0.00211719
-0.736752,0.624786,0.0294257,0.0125,0.00211719
-0.759468,0.625883,0.0798142,0.0225,0.00211719
-0.778122,0.622057,0.0458121,0.0175,0.00211719
-0.765566,0.581197,0.0203608,0.0175,0.00211719
-0.596112,0.664631,0.0448036,0.045,0.00172438
-0.575546,0.693217,0.0479462,0.025,0.00172438
-0.608758,0.692471,0.0135388,0.0125,0.00172438
-0.614879,0.693021,0.0684795,0.0225,0.00172438
-0.632225,0.668921,0.0432403,0.0175,0.00172438
-0.600606,0.640234,0.0177001,0.0175,0.00172438
-0.505351,0.709047,0.0499249,0.045,0.00203457
-0.489555,0.684769,0.0701986,0.025,0.00203457
-0.471687,0.693545,0.0267102,0.0125,0.00203457
-0.474217,0.726394,0.0711033,0.0225,0.00203457
-0.485161,0.73527,0.0347686,0.0175,0.00203457
-0.522134,0.706931,0.0173082,0.0175,0.00203457
-0.334146,0.632485,0.0503283,0.045,0.0185156
-0.312806,0.644328,0.0247482,0.025,0.0185156
-0.357776,0.632523,0.0135294,0.0125,0.0185156
-0.338998,0.673394,0.0456728,0.0225,0.0185156
-0.36696,0.647699,0.0544296,0.0175,0.0185156
-0.351432,0.600443,0.0552803,0.0175,0.0185156
-0.213568,0.560775,0.0447454,0.045,0.0164842
-0.230044,0.54888,0.0736776,0.025,0.0164842
-0.227602,0.596087,0.0663922,0.0125,0.0164842
-0.254221,0.557246,0.0374257,0.0225,0.0164842
-0.230561,0.584832,0.0233565,0.0175,0.0164842
-0.183811,0.581821,0.0401003,0.0175,0.0164842
-0.167258,0.411977,0.122169,0.045,0.089004
-0.187401,0.42356,0.0955211,0.025,0.089004
-0.204717,0.425744,0.140051,0.0125,0.089004
-0.162212,0.452844,0.117354,0.0225,0.089004
-0.162227,0.433427,0.151144,0.0175,0.089004
-0.171638,0.384797,0.146501,0.0175,0.089004
-0.943268,0.772112,0.0447826,0.045,0.000205704
-0.975172,0.772318,0.0295493,0.025,0.000205704
-0.941731,0.74271,0.0124463,0.0125,0.000205704
-0.967134,0.742648,0.0615473,0.0225,0.000205704
-0.92878,0.740333,0.0550389,0.0175,0.000205704
-0.909735,0.780159,0.0321012,0.0175,0.000205704
-0.955009,0.951982,0.0463142,0.045,0.000359569
-0.927799,0.936976,0.0631786,0.025,0.000359569
-0.930931,0.932087,0.0157045,0.0125,0.000359569
-0.922357,0.977525,0.0460056,0.0225,0.000359569
-0.948421,0.973061,0.0173788,0.0175,0.000359569
-0.982538,0.937994,0.0264004,0.0175,0.000359569
-0.841982,0.946701,0.0441456,0.045,0.000270573
-0.815012,0.953239,0.0660514,0.025,0.000270573
-0.855995,0.977088,0.072302,0.0125,0.000270573
-0.845319,0.923156,0.0781053,0.0225,0.000270573
-0.874721,0.939179,0.0581668,0.0175,0.000270573
-0.860142,0.967883,0.0202388,0.0175,0.000270573
-0.679955,0.95481,0.0449095,0.045,0.0030723
-0.648644,0.971125,0.0430545,0.025,0.0030723
-0.671493,0.96995,0.0850552,0.0125,0.0030723
-0.649683,0.928573,0.0555841,0.0225,0.0030723
-0.685452,0.930016,0.0709868,0.0175,0.0030723
-0.713692,0.966853,0.0530838,0.0175,0.0030723
-0.552844,0.953117,0.0447493,0.045,0.00224034
-0.533664,0.923728,0.049037,0.025,0.00224034
-0.571907,0.930489,0.0769528,0.0125,0.00224034
-0.569089,0.922237,0.0223615,0.0225,0.00224034
-0.588917,0.950266,0.0408,0.0175,0.00224034
-0.560293,0.981293,0.0671246,0.0175,0.00224034
-0.368977,0.944582,0.0448799,0.045,0.0110966
-0.346415,0.923563,0.0275834,0.025,0.0110966
-0.348311,0.920917,0.0753004,0.0125,0.0110966
-0.38663,0.907767,0.0376841,0.0225,0.0110966
-0.391569,0.929918,0.0693654,0.0175,0.0110966
-0.363925,0.971279,0.0696134,0.0175,0.0110966
-0.0227041,0.655904,0.0451546,0.045,0.0756534
0.00606843,0.640594,0.058857,0.025,0.0756534
0.00601795,0.651998,0.0124087,0.0125,0.0756534
0.0045436,0.684892,0.0568172,0.0225,0.0756534
-0.0189212,0.686462,0.0257417,0.0175,0.0756534
-0.0462008,0.645422,0.0189242,0.0175,0.0756534
-0.95241,-0.739315,0.0447283,0.045,0.00172054
-0.948155,-0.714705,0.069753,0.025,0.00172054
-0.978718,-0.750605,0.0777873,0.0125,0.00172054
-0.923749,-0.751692,0.0720068,0.0225,0.00172054
-0.949645,-0.774449,0.0538352,0.0175,0.00172054
-0.981538,-0.749609,0.0248386,0.0175,0.00172054
-0.918468,-0.945463,0.0446205,0.045,0.000403735
-0.940114,-0.921028,0.0310427,0.025,0.000403735
-0.955137,-0.946824,0.0684109,0.0125,0.000403735
-0.914231,-0.909769,0.0652775,0.0225,0.000403735
-0.912239,-0.945595,0.080484,0.0175,0.000403735
-0.921217,-0.981968,0.0477518,0.0175,0.000403735
-0.751007,-0.950878,0.0443459,0.045,0.00106925
-0.751224,-0.916699,0.0353035,0.025,0.00106925
-0.785449,-0.945269,0.0179873,0.0125,0.00106925
-0.77558,-0.929598,0.0700762,0.0225,0.00106925
-0.781515,-0.965932,0.0572949,0.0175,0.00106925
-0.747461,-0.981674,0.0246225,0.0175,0.00106925
-0.615955,-0.955305,0.0569992,0.045,0.00142075
-0.645439,-0.954795,0.0374942,0.025,0.00142075
-0.611858,-0.92175,0.0292541,0.0125,0.00142075
-0.61004,-0.976508,0.0218681,0.0225,0.00142075
-0.583654,-0.954482,0.0402374,0.0175,0.00142075
-0.601336,-0.931039,0.0803962,0.0175,0.00142075
-0.461449,-0.949883,0.0521021,0.045,0.00220275
-0.484274,-0.974007,0.0642283,0.025,0.00220275
-0.501331,-0.935987,0.0407541,0.0125,0.00220275
-0.469859,-0.977573,0.0224164,0.0225,0.00220275
-0.463582,-0.939454,0.0172927,0.0175,0.00220275
-0.456807,-0.91422,0.059629,0.0175,0.00220275
-0.282181,-0.947577,0.0448999,0.045,0.00624361
-0.256626,-0.960543,0.0656083,0.025,0.00624361
-0.25198,-0.964487,0.0181704,0.0125,0.00624361
-0.252334,-0.91925,0.0499469,0.0225,0.00624361
-0.273181,-0.925274,0.0175764,0.0175,0.00624361
-0.304937,-0.963434,0.0208017,0.0175,0.00624361
-0.0791521,-0.842072,0.044755,0.045,0.0198095
-0.0838164,-0.812473,0.0259888,0.025,0.0198095
-0.0969722,-0.812844,0.0719702,0.0125,0.0198095
-0.0465547,-0.81693,0.0496626,0.0225,0.0198095
-0.062072,-0.840152,0.0768422,0.0175,0.0198095
-0.102709,-0.864567,0.0617566,0.0175,0.0198095
-0.144862,-0.486085,0.104282,0.045,0.0576009
-0.150739,-0.501895,0.135355,0.025,0.0576009
-0.181772,-0.509084,0.0996791,0.0125,0.0576009
-0.128798,-0.524303,0.103967,0.0225,0.0576009
-0.145547,-0.506073,0.0738688,0.0175,0.0576009
-0.164028,-0.461275,0.0851205,0.0175,0.0576009
-0.955128,-0.56349,0.0875778,0.045,0.000772491
-0.921213,-0.5728,0.0911994,0.025,0.000772491
-0.93187,-0.526505,0.0856521,0.0125,0.000772491
-0.943875,-0.56072,0.127383,0.0225,0.000772491
-0.968553,-0.537049,0.108689,0.0175,0.000772491
-0.97355,-0.547244,0.0602523,0.0175,0.000772491
-0.866783,-0.770045,0.1285,0.045,0.00281443
-0.888233,-0.745944,0.114043,0.025,0.00281443
-0.907256,-0.786424,0.130983,0.0125,0.00281443
-0.88211,-0.745255,0.157983,0.0225,0.00281443
-0.874809,-0.783383,0.161404,0.0175,0.00281443
-0.858856,-0.80475,0.119405,0.0175,0.00281443
-0.769243,-0.834683,0.0539351,0.045,0.00159093
-0.791584,-0.861742,0.0496046,0.025,0.00159093
-0.805457,-0.824523,0.076247,0.0125,0.00159093
-0.794669,-0.827072,0.0220864,0.0225,0.00159093
-0.780996,-0.800846,0.0474629,0.0175,0.00159093
-0.753112,-0.82043,0.0837112,0.0175,0.00159093
-0.536687,-0.834167,0.125446,0.045,0.00310679
-0.555064,-0.806987,0.138621,0.025,0.00310679
-0.578941,-0.843794,0.119577,0.0125,0.00310679
-0.547185,-0.84194,0.164792,0.0225,0.00310679
-0.545221,-0.867983,0.135868,0.0175,0.00310679
-0.53411,-0.848207,0.0915905,0.0175,0.00310679
-0.45082,-0.778035,0.105808,0.045,0.00310611
-0.462926,-0.806206,0.123411,0.025,0.00310611
-0.470422,-0.762679,0.141759,0.0125,0.00310611
-0.490283,-0.785327,0.0954035,0.0225,0.00310611
-0.473467,-0.750357,0.0990224,0.0175,0.00310611
-0.426201,-0.752162,0.114438,0.0175,0.00310611
-0.241484,-0.780408,0.122012,0.045,0.0563779
-0.254816,-0.805811,0.142675,0.025,0.0563779
-0.283391,-0.785071,0.110413,0.0125,0.0563779
-0.238947,-0.817055,0.102794,0.0225,0.0563779
-0.246176,-0.782646,0.0859848,0.0175,0.0563779
-0.24973,-0.744817,0.118099,0.0175,0.0563779
-0.111539,-0.402489,0.121992,0.045,0.174791
-0.141921,-0.416474,0.110531,0.025,0.174791
-0.134501,-0.413118,0.157661,0.0125,0.174791
-0.140752,-0.37314,0.119992,0.0225,0.174791
-0.112579,-0.375855,0.146782,0.0175,0.174791
-0.0839403,-0.416248,0.141967,0.0175,0.174791
-0.952129,-0.28652,0.17893,0.045,0.00181612
-0.975126,-0.299389,0.2025,0.025,0.00181612
-0.951586,-0.330001,0.174281,0.0125,0.00181612
-0.932342,-0.296627,0.213931,0.0225,0.00181612
-0.918478,-0.300342,0.177699,0.0175,0.00181612
-0.951008,-0.287756,0.142226,0.0175,0.00181612
-0.863961,-0.460622,0.131448,0.045,0.00401609
-0.881969,-0.459707,0.101036,0.025,0.00401609
-0.900816,-0.438519,0.13955,0.0125,0.00401609
-0.855301,-0.425653,0.110931,0.0225,0.00401609
-0.858311,-0.429573,0.149587,0.0175,0.00401609
-0.87159,-0.475205,0.164298,0.0175,0.00401609
-0.703411,-0.561514,0.176638,0.045,0.00675431
-0.721703,-0.542306,0.153261,0.025,0.00675431
-0.730869,-0.536626,0.199857,0.0125,0.00675431
-0.685129,-0.524706,0.171187,0.0225,0.00675431
-0.687276,-0.544674,0.204585,0.0175,0.00675431
-0.713614,-0.586752,0.201314,0.0175,0.00675431
-0.615768,-0.58855,0.165461,0.045,0.00824166
-0.638726,-0.586723,0.138635,0.025,0.00824166
-0.653829,-0.603781,0.180688,0.0125,0.00824166
-0.636854,-0.552902,0.167295,0.0225,0.00824166
-0.62502,-0.574288,0.197648,0.0175,0.00824166
-0.602596,-0.616823,0.18488,0.0175,0.00824166
-0.534352,-0.530954,0.174709,0.045,0.011847
-0.557593,-0.546522,0.153086,0.025,0.011847
-0.55389,-0.562339,0.198071,0.0125,0.011847
-0.571703,-0.51353,0.179186,0.0225,0.011847
-0.54553,-0.519559,0.207423,0.0175,0.011847
-0.504643,-0.543527,0.192296,0.0175,0.011847
-0.381411,-0.614777,0.141026,0.045,0.085819
-0.413267,-0.612979,0.125796,0.025,0.085819
-0.403348,-0.650317,0.153992,0.0125,0.085819
-0.408422,-0.596782,0.16682,0.0225,0.085819
-0.379267,-0.6206,0.176893,0.0175,0.085819
-0.353978,-0.63906,0.138232,0.0175,0.085819
-0.224537,-0.328654,0.110476,0.045,0.065891
-0.256062,-0.343124,0.117318,0.025,0.065891
-0.240388,-0.307799,0.145495,0.0125,0.065891
-0.25448,-0.306686,0.0920489,0.0225,0.065891
-0.221881,-0.292438,0.107958,0.0175,0.065891
-0.193405,-0.326825,0.129905,0.0175,0.065891
-0.375791,-0.218261,0.267482,0.045,0.0347518
-0.391921,-0.186981,0.27086,0.025,0.0347518
-0.352325,-0.189655,0.244166,0.0125,0.0347518
-0.402034,-0.212401,0.235927,0.0225,0.0347518
-0.367496,-0.230367,0.234171,0.0175,0.0347518
-0.34233,-0.230017,0.277084,0.0175,0.0347518
-0.892721,-0.197184,0.173614,0.045,0.00219713
-0.905718,-0.229535,0.179488,0.025,0.00219713
-0.902346,-0.199102,0.21623,0.0125,0.00219713
-0.934094,-0.196484,0.171047,0.0225,0.00219713
-0.911391,-0.16823,0.185366,0.0175,0.00219713
-0.863006,-0.179755,0.186389,0.0175,0.00219713
-0.803102,-0.200445,0.174178,0.045,0.00434284
-0.826285,-0.185595,0.151996,0.025,0.00434284
-0.8411,-0.221225,0.180254,0.0125,0.00434284
-0.824005,-0.170377,0.193613,0.0225,0.00434284
-0.812006,-0.203975,0.209296,0.0175,0.00434284
-0.789893,-0.234619,0.17694,0.0175,0.00434284
-0.615641,-0.350528,0.201262,0.045,0.0123103
-0.638133,-0.350238,0.173985,0.025,0.0123103
-0.631868,-0.39102,0.198172,0.0125,0.0123103
-0.654152,-0.343225,0.214764,0.0225,0.0123103
-0.626779,-0.363937,0.233217,0.0175,0.0123103
-0.584513,-0.369033,0.207476,0.0175,0.0123103
-0.518889,-0.368179,0.183922,0.045,0.0328271
-0.53066,-0.365569,0.217158,0.025,0.0328271
-0.541345,-0.404824,0.192011,0.0125,0.0328271
-0.492287,-0.386607,0.209834,0.0225,0.0328271
-0.501199,-0.398322,0.17375,0.0175,0.0328271
-0.536258,-0.3708,0.15165,0.0175,0.0328271
-0.423991,-0.326423,0.17135,0.045,0.0186025
-0.419449,-0.305421,0.143274,0.025,0.0186025
-0.416425,-0.286297,0.187008,0.0125,0.0186025
-0.383636,-0.32336,0.162362,0.0225,0.0186025
-0.3992,-0.32592,0.197999,0.0175,0.0186025
-0.448943,-0.326634,0.19832,0.0175,0.0186025
-0.161931,-0.203041,0.116216,0.045,0.0324217
-0.156512,-0.179813,0.142314,0.025,0.0324217
-0.167985,-0.224842,0.15364,0.0125,0.0324217
-0.122566,-0.205123,0.129053,0.0225,0.0324217
-0.144542,-0.235007,0.117107,0.0175,0.0324217
-0.191423,-0.222494,0.106125,0.0175,0.0324217
-0.331683,-0.193517,0.18655,0.045,0.0421914
-0.326777,-0.206882,0.218912,0.025,0.0421914
-0.309825,-0.163211,0.209271,0.0125,0.0421914
-0.362106,-0.181003,0.211781,0.0225,0.0421914
-0.345831,-0.16015,0.183162,0.0175,0.0421914
-0.308229,-0.183251,0.160196,0.0175,0.0421914
-0.954678,-0.0509043,0.209593,0.045,0.00161169
-0.958801,-0.081287,0.227197,0.025,0.00161169
-0.918486,-0.0563458,0.233531,0.0125,0.00161169
-0.970477,-0.0434347,0.247187,0.0225,0.00161169
-0.945066,-0.0209897,0.227971,0.0175,0.00161169
-0.930197,-0.0399879,0.184462,0.0175,0.00161169
-0.861345,0.00927639,0.168599,0.045,0.00177491
-0.89452,0.0176945,0.177463,0.025,0.00177491
-0.858944,0.0305708,0.206721,0.0125,0.00177491
-0.870254,0.0475308,0.155333,0.0225,0.00177491
-0.835841,0.0352462,0.168881,0.0175,0.00177491
-0.836033,-0.0119074,0.18474,0.0175,0.00177491
-0.702792,-0.188201,0.182308,0.045,0.00676731
-0.702457,-0.221959,0.171808,0.025,0.00676731
-0.74282,-0.203988,0.190121,0.0125,0.00676731
-0.716486,-0.191008,0.143278,0.0225,0.00676731
-0.729353,-0.166282,0.170514,0.0175,0.00676731
-0.708191,-0.172535,0.215102,0.0175,0.00676731
-0.614357,-0.0768309,0.233925,0.045,0.00956546
-0.635525,-0.105104,0.235519,0.025,0.00956546
-0.615203,-0.0893081,0.275831,0.0125,0.00956546
-0.652945,-0.0650842,0.243504,0.0225,0.00956546
-0.619992,-0.0492071,0.25695,0.0175,0.00956546
-0.578687,-0.0721673,0.241403,0.0175,0.00956546
-0.56249,-0.0901461,0.308558,0.045,0.0237571
-0.562245,-0.0687613,0.280405,0.025,0.0237571
-0.584968,-0.110724,0.277192,0.0125,0.0237571
-0.596609,-0.0665945,0.308391,0.0225,0.0237571
-0.594217,-0.103648,0.320226,0.0175,0.0237571
-0.549225,-0.123965,0.314066,0.0175,0.0237571
-0.456212,-0.119829,0.294968,0.045,0.0283025
-0.481367,-0.135714,0.31407,0.025,0.0283025
-0.436177,-0.137397,0.329645,0.0125,0.0283025
-0.470074,-0.094049,0.324327,0.0225,0.0283025
-0.433383,-0.0967806,0.311478,0.0175,0.0283025
-0.426408,-0.132665,0.277734,0.0175,0.0283025
-0.101995,-0.0290709,0.11896,0.045,0.176851
-0.105407,-0.053189,0.144586,0.025,0.176851
-0.113457,-0.00722373,0.155069,0.0125,0.176851
-0.141525,-0.0412522,0.121745,0.0225,0.176851
-0.129,-0.00532138,0.113328,0.0175,0.176851
-0.0795317,-0.000280013,0.114902,0.0175,0.176851
-0.0220442,0.0839376,0.118796,0.045,0.0277504
-0.0418316,0.112935,0.122993,0.025,0.0277504
-0.00518216,0.105605,0.152836,0.0125,0.0277504
-0.00494468,0.115787,0.0984985,0.0225,0.0277504
0.0141557,0.0873374,0.117061,0.0175,0.0277504
-0.0155265,0.0550605,0.140559,0.0175,0.0277504
-0.893149,0.113498,0.234062,0.045,0.00147583
-0.927815,0.106615,0.233117,0.025,0.00147583
-0.900376,0.0822488,0.263791,0.0125,0.00147583
-0.91284,0.136098,0.262702,0.0225,0.00147583
-0.877356,0.120355,0.266133,0.0175,0.00147583
-0.863609,0.0928027,0.227058,0.0175,0.00147583
-0.803128,0.0955276,0.210287,0.045,0.00355529
-0.82567,0.1214,0.218801,0.025,0.00355529
-0.781042,0.12325,0.235903,0.0125,0.00355529
-0.79904,0.127138,0.183776,0.0225,0.00355529
-0.770388,0.104269,0.196997,0.0175,0.00355529
-0.785211,0.0706536,0.230542,0.0175,0.00355529
-0.636626,0.0739422,0.199726,0.045,0.0188134
-0.668144,0.0612667,0.189931,0.025,0.0188134
-0.666306,0.103484,0.212332,0.0125,0.0188134
-0.647028,0.0890825,0.16256,0.0225,0.0188134
-0.627656,0.108014,0.190579,0.0175,0.0188134
-0.622294,0.0819296,0.232601,0.0175,0.0188134
-0.556251,0.142238,0.191323,0.045,0.00825476
-0.548277,0.110742,0.205268,0.025,0.00825476
-0.581133,0.137851,0.227018,0.0125,0.00825476
-0.582701,0.113505,0.177409,0.0225,0.00825476
-0.591182,0.150668,0.185518,0.0175,0.00825476
-0.552968,0.17652,0.204128,0.0175,0.00825476
-0.486971,0.0756626,0.216825,0.045,0.0137848
-0.485765,0.084822,0.250952,0.025,0.0137848
-0.450507,0.0992377,0.22203,0.0125,0.0137848
-0.504027,0.113089,0.222034,0.0225,0.0137848
-0.482872,0.101436,0.191449,0.0175,0.0137848
-0.464671,0.0553451,0.195851,0.0175,0.0137848
-0.409166,0.0837479,0.173061,0.045,0.0258445
-0.398784,0.107997,0.14952,0.025,0.0258445
-0.445072,0.1058,0.161357,0.0125,0.0258445
-0.401373,0.119661,0.192252,0.0225,0.0258445
-0.429408,0.094202,0.201452,0.0175,0.0258445
-0.432185,0.0552088,0.170681,0.0175,0.0258445
0.0361376,0.0941725,0.0497198,0.045,0.0381115
0.0370166,0.0793869,0.081823,0.025,0.0381115
0.0782085,0.0928465,0.0615851,0.0125,0.0381115
0.0356764,0.123639,0.0788786,0.0225,0.0381115
0.0535177,0.125692,0.0442921,0.0175,0.0381115
0.0502851,0.0839751,0.01738,0.0175,0.0381115
-0.952991,0.248027,0.201795,0.045,0.00348466
-0.924118,0.246547,0.222145,0.025,0.00348466
-0.935587,0.288145,0.201517,0.0125,0.00348466
-0.962368,0.259529,0.240506,0.0225,0.00348466
-0.977494,0.274277,0.207757,0.0175,0.00348466
-0.957781,0.255466,0.166133,0.0175,0.00348466
-0.868266,0.309813,0.169768,0.045,0.00201133
-0.898324,0.291744,0.174242,0.025,0.00201133
-0.87093,0.300595,0.212435,0.0125,0.00201133
-0.898918,0.33571,0.180187,0.0225,0.00201133
-0.861601,0.338583,0.191048,0.0175,0.00201133
-0.833033,0.301005,0.175339,0.0175,0.00201133
-0.763462,0.285005,0.172969,0.045,0.00409057
-0.775057,0.311087,0.193831,0.025,0.00409057
-0.739187,0.283499,0.209314,0.0125,0.00409057
-0.740613,0.319083,0.167029,0.0225,0.00409057
-0.727794,0.282289,0.166229,0.0175,0.00409057
-0.762655,0.248505,0.177109,0.0175,0.00409057
-0.619494,0.319923,0.178515,0.045,0.0104703
-0.654665,0.323091,0.180251,0.025,0.0104703
-0.627682,0.350731,0.208455,0.0125,0.0104703
-0.632215,0.350323,0.153359,0.0225,0.0104703
-0.599245,0.349852,0.174132,0.0175,0.0104703
-0.5943,0.309847,0.203289,0.0175,0.0104703
-0.553861,0.27327,0.136592,0.045,0.00796156
-0.537242,0.287032,0.164599,0.025,0.00796156
-0.517167,0.291604,0.12143,0.0125,0.00796156
-0.564172,0.313188,0.140947,0.0225,0.00796156
-0.559369,0.294146,0.107286,0.0175,0.00796156
-0.544472,0.246988,0.112693,0.0175,0.00796156
-0.396939,0.367073,0.131348,0.045,0.00976521
-0.42158,0.371167,0.156369,0.025,0.00976521
-0.380276,0.394889,0.160693,0.0125,0.00976521
-0.420276,0.400285,0.122915,0.0225,0.00976521
-0.382065,0.396632,0.116181,0.0175,0.00976521
-0.362727,0.353707,0.132257,0.0175,0.00976521
-0.198329,0.220038,0.119839,0.045,0.0125576
-0.180335,0.219441,0.0894105,0.025,0.0125576
-0.22269,0.241625,0.0906313,0.0125,0.0125576
-0.175415,0.254405,0.116282,0.0225,0.0125576
-0.210819,0.25185,0.132369,0.0175,0.0125576
-0.231104,0.206517,0.129479,0.0175,0.0125576
-0.116012,0.307046,0.0684071,0.045,0.010847
-0.127496,0.33183,0.0908534,0.025,0.010847
-0.0940605,0.343616,0.0587496,0.0125,0.010847
-0.14674,0.328753,0.0509919,0.0225,0.010847
-0.115441,0.314379,0.0327575,0.0175,0.010847
-0.0829561,0.291935,0.0630227,0.0175,0.010847
-0.874698,0.411371,0.123961,0.045,0.00077643
-0.863389,0.38514,0.144795,0.025,0.00077643
-0.840175,0.426944,0.145829,0.0125,0.00077643
-0.891764,0.414834,0.161585,0.0225,0.00077643
-0.880625,0.444204,0.138518,0.0175,0.00077643
-0.858837,0.429562,0.0962571,0.0175,0.00077643
-0.738481,0.631296,0.144637,0.045,0.00417033
-0.748584,0.614916,0.174295,0.025,0.00417033
-0.774067,0.652342,0.15889,0.0125,0.00417033
-0.767056,0.602561,0.135891,0.0225,0.00417033
-0.763058,0.637176,0.118439,0.0175,0.00417033
-0.727193,0.665613,0.137932,0.0175,0.00417033
-0.676091,0.648019,0.0823002,0.045,0.00356571
-0.710095,0.649543,0.0727401,0.025,0.00356571
-0.689778,0.688483,0.0916714,0.0125,0.00356571
-0.679291,0.662966,0.0437635,0.0225,0.00356571
-0.653277,0.67388,0.0706505,0.0175,0.00356571
-0.659325,0.651727,0.114783,0.0175,0.00356571
-0.593287,0.615895,0.120859,0.045,0.0111545
-0.624228,0.631742,0.127304,0.025,0.0111545
-0.58921,0.65714,0.106902,0.0125,0.0111545
-0.617477,0.613884,0.0872507,0.0225,0.0111545
-0.578764,0.618349,0.0875715,0.0175,0.0111545
-0.559238,0.622151,0.133171,0.0175,0.0111545
-0.418447,0.602579,0.0648384,0.045,0.0139529
-0.445425,0.615085,0.0839649,0.025,0.0139529
-0.412776,0.587575,0.105523,0.0125,0.0139529
-0.407409,0.63796,0.083415,0.0225,0.0139529
-0.384481,0.607081,0.0771263,0.0175,0.0139529
-0.407891,0.568436,0.0563052,0.0175,0.0139529
-0.327985,0.458442,0.118136,0.045,0.0189776
-0.357693,0.474112,0.107096,0.025,0.0189776
-0.342156,0.48297,0.151454,0.0125,0.0189776
-0.319322,0.495978,0.102816,0.0225,0.0189776
-0.301758,0.478796,0.133065,0.0175,0.0189776
-0.321173,0.434655,0.145299,0.0175,0.0189776
-0.141739,0.584177,0.0941677,0.045,0.0649814
-0.150602,0.550058,0.0968735,0.025,0.0649814
-0.140784,0.574488,0.136802,0.0125,0.0649814
-0.182474,0.580647,0.101021,0.0225,0.0649814
-0.15911,0.608642,0.114776,0.0175,0.0649814
-0.111171,0.602578,0.102943,0.0175,0.0649814
-0.938767,0.702143,0.107028,0.045,0.000632852
-0.967318,0.681319,0.108152,0.025,0.000632852
-0.951323,0.700606,0.148891,0.0125,0.000632852
-0.97316,0.725145,0.104424,0.0225,0.000632852
-0.940186,0.734949,0.122736,0.0175,0.000632852
-0.905463,0.699324,0.122288,0.0175,0.000632852
-0.869928,0.681764,0.053112,0.045,0.00176345
-0.897054,0.663052,0.0659217,0.025,0.00176345
-0.902625,0.710109,0.0594318,0.0125,0.00176345
-0.894882,0.670024,0.0221561,0.0225,0.00176345
-0.875496,0.70374,0.0246335,0.0175,0.00176345
-0.850149,0.709406,0.0670655,0.0175,0.00176345
-0.756788,0.773733,0.0599785,0.045,0.00198132
-0.768615,0.799291,0.0386026,0.025,0.00198132
-0.733621,0.80957,0.069543,0.0125,0.00198132
-0.733281,0.775658,0.025884,0.0225,0.00198132
-0.72098,0.767498,0.0619514,0.0175,0.00198132
-0.756634,0.770152,0.0965456,0.0175,0.00198132
-0.527042,0.847976,0.0827074,0.045,0.00290989
-0.557329,0.830155,0.0865975,0.025,0.00290989
-0.522621,0.823809,0.118886,0.0125,0.00290989
-0.552635,0.868879,0.107744,0.0225,0.00290989
-0.513851,0.866791,0.110938,0.0175,0.00290989
-0.492385,0.837008,0.0773648,0.0175,0.00290989
-0.438261,0.865683,0.0886793,0.045,0.00690771
-0.459169,0.884484,0.0672471,0.025,0.00690771
-0.419833,0.905165,0.0849253,0.0125,0.00690771
-0.424644,0.862895,0.0496208,0.0225,0.00690771
-0.402565,0.864189,0.0817082,0.0175,0.00690771
-0.428415,0.870125,0.123798,0.0175,0.00690771
-0.277929,0.94981,0.0447483,0.045,0.00645103
-0.244019,0.947346,0.0350504,0.025,0.00645103
-0.272027,0.979113,0.0128265,0.0125,0.00645103
-0.255235,0.977631,0.0654768,0.0225,0.00645103
-0.291713,0.982553,0.0526778,0.0175,0.00645103
-0.309345,0.944036,0.026591,0.0175,0.00645103
-0.0790653,0.759534,0.0449095,0.045,0.112302
-0.0653106,0.728312,0.0541818,0.025,0.112302
-0.0375305,0.767189,0.0562567,0.0125,0.112302
-0.0823645,0.754238,0.0858951,0.0225,0.112302
-0.0754026,0.787865,0.0674691,0.0175,0.112302
-0.0707168,0.78329,0.0181526,0.0175,0.112302
0.0836506,0.585264,0.123161,0.045,0.210448
0.0875479,0.61678,0.138704,0.025,0.210448
0.0507512,0.610272,0.108852,0.0125,0.210448
0.0610057,0.58682,0.157853,0.0225,0.210448
0.0513107,0.568635,0.124777,0.0175,0.210448
0.084178,0.574804,0.0879433,0.0175,0.210448
-0.945122,-0.846491,0.0449095,0.045,0.00297896
-0.967713,-0.834927,0.0695244,0.025,0.00297896
-0.924097,-0.815421,0.0673843,0.0125,0.00297896
-0.965545,-0.813258,0.0308657,0.0225,0.00297896
-0.928345,-0.822268,0.0235371,0.0175,0.00297896
-0.912393,-0.863034,0.0471727,0.0175,0.00297896
-0.840199,-0.910792,0.0719423,0.045,0.0018732
-0.837277,-0.882157,0.0514124,0.025,0.0018732
-0.864283,-0.879538,0.090799,0.0125,0.0018732
-0.809657,-0.886462,0.0858705,0.0225,0.0018732
-0.834055,-0.907623,0.107681,0.0175,0.0018732
-0.868966,-0.931543,0.0815256,0.0175,0.0018732
-0.685232,-0.940086,0.111749,0.045,0.00130032
-0.664572,-0.932306,0.139364,0.025,0.00130032
-0.711957,-0.933532,0.145739,0.0125,0.00130032
-0.676951,-0.974488,0.133352,0.0225,0.00130032
-0.710459,-0.966084,0.115315,0.0175,0.00130032
-0.7113,-0.921045,0.094201,0.0175,0.00130032
-0.539441,-0.912453,0.0765276,0.045,0.0014559
-0.506436,-0.900837,0.0815998,0.025,0.0014559
-0.540634,-0.869065,0.0711823,0.0125,0.0014559
-0.534451,-0.900825,0.116007,0.0225,0.0014559
-0.566747,-0.89657,0.0946147,0.0175,0.0014559
-0.561822,-0.91147,0.0474052,0.0175,0.0014559
-0.37176,-0.955221,0.0447111,0.045,0.00755539
-0.355271,-0.928563,0.0610647,0.025,0.00755539
-0.357682,-0.928248,0.0132987,0.0125,0.00755539
-0.398152,-0.923814,0.0506993,0.0225,0.00755539
-0.397277,-0.94765,0.0198798,0.0175,0.00755539
-0.360084,-0.980675,0.0209248,0.0175,0.00755539
-0.181335,-0.955176,0.0449152,0.045,0.0106085
-0.193631,-0.968563,0.0752406,0.025,0.0106085
-0.205546,-0.923787,0.0633817,0.0125,0.0106085
-0.218963,-0.97152,0.0389324,0.0225,0.0106085
-0.20467,-0.939614,0.0217137,0.0175,0.0106085
-0.159316,-0.926698,0.0375605,0.0175,0.0106085
-0.212116,-0.549492,0.0459414,0.045,0.0573877
-0.222119,-0.572217,0.0711114,0.025,0.0573877
-0.175912,-0.560276,0.067974,0.0125,0.0573877
-0.219589,-0.529095,0.0812525,0.0225,0.0573877
-0.191885,-0.520673,0.0551695,0.0175,0.0573877
-0.189412,-0.552771,0.0172402,0.0175,0.0573877
-0.955044,-0.467935,0.139309,0.045,0.000725974
-0.959078,-0.455299,0.106536,0.025,0.000725974
-0.929707,-0.432398,0.136542,0.0125,0.000725974
-0.92533,-0.482953,0.114605,0.0225,0.000725974
-0.921417,-0.473321,0.152163,0.0175,0.000725974
-0.962443,-0.453752,0.172386,0.0175,0.000725974
-0.869224,-0.68033,0.12821,0.045,0.00227373
-0.872212,-0.65743,0.10144,0.025,0.00227373
-0.882001,-0.64237,0.145767,0.0125,0.00227373
-0.833987,-0.658913,0.123921,0.0225,0.00227373
-0.849776,-0.670861,0.157487,0.0175,0.00227373
-0.893648,-0.693709,0.152177,0.0175,0.00227373
-0.716783,-0.766044,0.129439,0.045,0.00262804
-0.694382,-0.789176,0.114841,0.025,0.00262804
-0.678757,-0.761453,0.150545,0.0125,0.00262804
-0.716935,-0.801433,0.151033,0.0225,0.00262804
-0.72051,-0.765482,0.165644,0.0175,0.00262804
-0.716525,-0.729369,0.131659,0.0175,0.00262804
-0.618043,-0.781455,0.122198,0.045,0.00392507
-0.605588,-0.778082,0.155114,0.025,0.00392507
-0.650313,-0.793875,0.148973,0.0125,0.00392507
-0.602318,-0.817566,0.135138,0.0225,0.00392507
-0.633539,-0.812868,0.112293,0.0175,0.00392507
-0.645907,-0.765314,0.104505,0.0175,0.00392507
-0.54847,-0.775839,0.201322,0.045,0.0158529
-0.545461,-0.741884,0.191942,0.025,0.0158529
-0.568292,-0.75256,0.232589,0.0125,0.0158529
-0.515042,-0.75912,0.219261,0.0225,0.0158529
-0.538704,-0.785825,0.234936,0.0175,0.0158529
-0.577614,-0.797655,0.206283,0.0175,0.0158529
-0.34726,-0.716905,0.11884,0.045,0.0112298
-0.323618,-0.701483,0.0975512,0.025,0.0112298
-0.36911,-0.686821,0.0958171,0.0125,0.0112298
-0.332247,-0.682693,0.136809,0.0225,0.0112298
-0.368783,-0.695993,0.139443,0.0175,0.0112298
-0.37753,-0.736598,0.112061,0.0175,0.0112298
-0.299299,-0.435564,0.0751562,0.045,0.0387905
-0.289506,-0.469093,0.0806266,0.025,0.0387905
-0.292164,-0.439518,0.118121,0.0125,0.0387905
-0.332344,-0.458486,0.085226,0.0225,0.0387905
-0.326008,-0.421415,0.0954411,0.0175,0.0387905
-0.282051,-0.403561,0.080474,0.0175,0.0387905
-0.311184,-0.422255,0.16946,0.045,0.0181499
-0.326019,-0.419213,0.137512,0.025,0.0181499
-0.336276,-0.457661,0.164047,0.0125,0.0181499
-0.348477,-0.404459,0.172821,0.0225,0.0181499
-0.332389,-0.429274,0.198202,0.0175,0.0181499
-0.288218,-0.447081,0.183821,0.0175,0.0181499
-0.868763,-0.341321,0.13771,0.045,0.00569785
-0.85026,-0.35939,0.113602,0.025,0.00569785
-0.836918,-0.314657,0.124018,0.0125,0.00569785
-0.836402,-0.359924,0.15575,0.0225,0.00569785
-0.851049,-0.325018,0.165012,0.0175,0.00569785
-0.888475,-0.31038,0.135686,0.0175,0.00569785
-0.791024,-0.408861,0.147185,0.045,0.00468037
-0.799142,-0.44306,0.150999,0.025,0.00468037
-0.769364,-0.422857,0.182505,0.0125,0.00468037
-0.822972,-0.412988,0.173282,0.0225,0.00468037
-0.794409,-0.386593,0.175781,0.0175,0.00468037
-0.759242,-0.391516,0.140938,0.0175,0.00468037
-0.6342,-0.520157,0.225964,0.045,0.00717637
-0.658061,-0.542587,0.239287,0.025,0.00717637
-0.613985,-0.542223,0.257853,0.0125,0.00717637
-0.652962,-0.503028,0.258725,0.0225,0.00717637
-0.615574,-0.498631,0.248651,0.0175,0.00717637
-0.602047,-0.525437,0.208984,0.0175,0.00717637
-0.606611,-0.493727,0.310202,0.045,0.0255482
-0.608256,-0.510445,0.341311,0.025,0.0255482
-0.565615,-0.505108,0.320315,0.0125,0.0255482
-0.599761,-0.466896,0.341055,0.0225,0.0255482
-0.582777,-0.46654,0.305981,0.0175,0.0255482
-0.595904,-0.504623,0.276786,0.0175,0.0255482
-0.511788,-0.534378,0.261482,0.045,0.029859
-0.541517,-0.553432,0.263267,0.025,0.029859
-0.513225,-0.558512,0.225041,0.0125,0.029859
-0.503774,-0.571585,0.277918,0.0225,0.029859
-0.480363,-0.55128,0.254287,0.0175,0.029859
-0.500216,-0.508723,0.237862,0.0175,0.029859
-0.449304,-0.288427,0.255304,0.045,0.104423
-0.483266,-0.292479,0.264258,0.025,0.104423
-0.449922,-0.296088,0.298356,0.0125,0.104423
-0.464943,-0.252261,0.268193,0.0225,0.104423
-0.428678,-0.265179,0.274255,0.0175,0.104423
-0.420413,-0.311071,0.256916,0.0175,0.104423
-0.351417,-0.283733,0.206244,0.045,0.0615321
-0.362232,-0.28126,0.239813,0.025,0.0615321
-0.340279,-0.243714,0.219916,0.0125,0.0615321
-0.389122,-0.266562,0.207725,0.0225,0.0615321
-0.360625,-0.257519,0.182727,0.0175,0.0615321
-0.318126,-0.282094,0.190783,0.0175,0.0615321
-0.955276,-0.180562,0.23568,0.045,0.00205743
-0.9675,-0.212824,0.243406,0.025,0.00205743
-0.92631,-0.198537,0.263073,0.0125,0.00205743
-0.977568,-0.179248,0.270609,0.0225,0.00205743
-0.945605,-0.158348,0.262846,0.0175,0.00205743
-0.924614,-0.169046,0.219029,0.0175,0.00205743
-0.889045,-0.108911,0.229161,0.045,0.00230018
-0.896209,-0.138252,0.210783,0.025,0.00230018
-0.854078,-0.134867,0.233166,0.0125,0.00230018
-0.905101,-0.137746,0.254251,0.0225,0.00230018
-0.877375,-0.11197,0.263504,0.0175,0.00230018
-0.863083,-0.0831633,0.225545,0.0175,0.00230018
-0.646842,-0.266648,0.260061,0.045,0.022162
-0.632499,-0.244971,0.284028,0.025,0.022162
-0.62648,-0.23512,0.237614,0.0125,0.022162
-0.67269,-0.235212,0.267959,0.0225,0.022162
-0.667307,-0.252539,0.23347,0.0175,0.022162
-0.632127,-0.287714,0.233799,0.0175,0.022162
-0.567739,-0.143297,0.195254,0.045,0.0154677
-0.553501,-0.175281,0.19032,0.025,0.0154677
-0.525986,-0.140345,0.207924,0.0125,0.0154677
-0.569934,-0.165316,0.230313,0.0225,0.0154677
-0.563718,-0.126945,0.227526,0.0175,0.0154677
-0.560274,-0.110378,0.180743,0.0175,0.0154677
-0.541291,-0.246787,0.309151,0.045,0.0436918
-0.536697,-0.215899,0.325728,0.025,0.0436918
-0.580557,-0.227592,0.310658,0.0125,0.0436918
-0.549189,-0.251142,0.349616,0.0225,0.0436918
-0.567706,-0.269147,0.320432,0.0175,0.0436918
-0.552448,-0.255221,0.275174,0.0175,0.0436918
-0.398087,-0.254569,0.364248,0.045,0.194025
-0.389096,-0.232009,0.338554,0.025,0.194025
-0.426935,-0.221745,0.365947,0.0125,0.194025
-0.37342,-0.224918,0.379453,0.0225,0.194025
-0.403267,-0.241825,0.397949,0.0175,0.194025
-0.428324,-0.274594,0.37014,0.0175,0.194025
-0.422682,-0.150921,0.217714,0.045,0.0420987
-0.435817,-0.175687,0.239257,0.025,0.0420987
-0.465903,-0.151444,0.211068,0.0125,0.0420987
-0.425795,-0.187006,0.197541,0.0225,0.0420987
-0.431713,-0.151563,0.182458,0.0175,0.0420987
-0.427999,-0.114628,0.215579,0.0175,0.0420987
-0.273088,-0.0857964,0.199157,0.045,0.0562508
-0.283321,-0.10752,0.173208,0.025,0.0562508
-0.261314,-0.0666638,0.161636,0.0125,0.0562508
-0.241815,-0.110853,0.188532,0.0225,0.0562508
-0.238802,-0.0735755,0.199491,0.0175,0.0562508
-0.282534,-0.0513475,0.207762,0.0175,0.0562508
-0.946902,0.0407887,0.219954,0.045,0.00087084
-0.924655,0.0521246,0.244985,0.025,0.00087084
-0.960329,0.0808545,0.231221,0.0125,0.00087084
-0.962304,0.0322486,0.257485,0.0225,0.00087084
-0.982749,0.0426776,0.225989,0.0175,0.00087084
-0.954704,0.0532583,0.186284,0.0175,0.00087084
-0.808482,0.0152588,0.25066,0.045,0.00484732
-0.815528,-0.019293,0.248106,0.025,0.00484732
-0.773316,-0.00571065,0.266026,0.0125,0.00484732
-0.824217,0.0013544,0.286407,0.0225,0.00484732
-0.796628,0.0285847,0.282392,0.0175,0.00484732
-0.782719,0.0364658,0.235281,0.0175,0.00484732
-0.689679,-0.00576591,0.217248,0.045,0.0054594
-0.689914,-0.0369029,0.233994,0.025,0.0054594
-0.682201,-0.0362504,0.186797,0.0125,0.0054594
-0.651049,-0.0163775,0.227917,0.0225,0.0054594
-0.661685,0.00237252,0.195451,0.0175,0.0054594
-0.71086,0.008203,0.190673,0.0175,0.0054594
-0.609894,0.0217419,0.267821,0.045,0.0604078
-0.617801,0.030609,0.301121,0.025,0.0604078
-0.572548,0.0350417,0.286286,0.0125,0.0604078
-0.61781,0.0623709,0.270138,0.0225,0.0604078
-0.591344,0.0453003,0.247184,0.0175,0.0604078
-0.587725,-0.003896,0.253636,0.0175,0.0604078
-0.42449,0.0354385,0.271264,0.045,0.0738377
-0.396144,0.0283404,0.251361,0.025,0.0738377
-0.416435,0.0715116,0.24789,0.0125,0.0738377
-0.390099,0.0482316,0.29056,0.0225,0.0738377
-0.424863,0.0658284,0.291297,0.0175,0.0738377
-0.459213,0.0439142,0.262752,0.0175,0.0738377
-0.393373,-0.0878029,0.161111,0.045,0.0509319
-0.378087,-0.104382,0.188341,0.025,0.0509319
-0.353415,-0.0994303,0.147669,0.0125,0.0509319
-0.370902,-0.0608945,0.183242,0.0225,0.0509319
-0.37545,-0.0608017,0.144537,0.0175,0.0509319
-0.402362,-0.0989106,0.127261,0.0175,0.0509319
-0.365861,0.000757217,0.154157,0.045,0.0701535
-0.334657,-0.0068188,0.168953,0.025,0.0701535
-0.346446,0.0390674,0.162397,0.0125,0.0701535
-0.369334,0.00113608,0.195467,0.0225,0.0701535
-0.387851,0.0246904,0.170546,0.0175,0.0701535
-0.374946,0.0179408,0.122977,0.0175,0.0701535
-0.955198,0.0904627,0.294998,0.045,0.00198309
-0.932015,0.0637948,0.293831,0.025,0.00198309
-0.925795,0.0982433,0.326422,0.0125,0.00198309
-0.966295,0.0608916,0.321853,0.0225,0.00198309
-0.970361,0.0993224,0.326882,0.0175,0.00198309
-0.951571,0.126655,0.289803,0.0175,0.00198309
-0.829498,0.241315,0.219609,0.045,0.00169397
-0.794162,0.242074,0.218748,0.025,0.00169397
-0.818384,0.279389,0.201187,0.0125,0.00169397
-0.81495,0.260851,0.253157,0.0225,0.00169397
-0.847455,0.269731,0.233577,0.0175,0.00169397
-0.854917,0.24181,0.193083,0.0175,0.00169397
-0.756751,0.178031,0.195306,0.045,0.00276432
-0.735713,0.20579,0.189239,0.025,0.00276432
-0.749818,0.179102,0.15214,0.0125,0.00276432
-0.779607,0.211288,0.1858,0.0225,0.00276432
-0.78729,0.174404,0.175832,0.0175,0.00276432
-0.752303,0.14196,0.189912,0.0175,0.00276432
-0.597963,0.233014,0.20348,0.045,0.0139719
-0.585239,0.237844,0.236111,0.025,0.0139719
-0.56842,0.201445,0.210039,0.0125,0.0139719
-0.563432,0.255905,0.201949,0.0225,0.0139719
-0.57464,0.229288,0.175783,0.0175,0.0139719
-0.616495,0.205326,0.187989,0.0175,0.0139719
-0.462681,0.258863,0.160336,0.045,0.0152111
-0.495919,0.258841,0.172388,0.025,0.0152111
-0.460544,0.270077,0.202551,0.0125,0.0152111
-0.478663,0.297034,0.157816,0.0225,0.0152111
-0.44172,0.288012,0.166337,0.0175,0.0152111
-0.433052,0.23912,0.16941,0.0175,0.0152111
-0.47593,0.329048,0.217054,0.045,0.0306137
-0.448874,0.30971,0.229054,0.025,0.0306137
-0.44955,0.32212,0.18287,0.0125,0.0306137
-0.444516,0.35385,0.22786,0.0225,0.0306137
-0.468976,0.35928,0.198011,0.0175,0.0306137
-0.501819,0.322426,0.191837,0.0175,0.0306137
-0.118554,0.13828,0.126617,0.045,0.0728058
-0.101132,0.11326,0.108716,0.025,0.0728058
-0.0985842,0.158487,0.0933705,0.0125,0.0728058
-0.0794063,0.135937,0.14006,0.0225,0.0728058
-0.100768,0.168367,0.136789,0.0175,0.0728058
-0.145895,0.160948,0.117205,0.0175,0.0728058
-0.0400152,0.185839,0.117612,0.045,0.212902
-0.00489873,0.183501,0.120983,0.025,0.212902
-0.0233877,0.190522,0.077436,0.0125,0.212902
-0.0236428,0.223712,0.121646,0.0225,0.212902
-0.0541946,0.214033,0.0994732,0.0175,0.212902
-0.064553,0.165374,0.0994708,0.0175,0.212902
-0.95514,0.373626,0.202183,0.045,0.00201099
-0.936797,0.378541,0.232005,0.025,0.00201099
-0.924329,0.342602,0.203015,0.0125,0.00201099
-0.92188,0.397187,0.194608,0.0225,0.00201099
-0.937165,0.370487,0.170686,0.0175,0.00201099
-0.975669,0.345661,0.190079,0.0175,0.00201099
-0.807006,0.480664,0.156658,0.045,0.0018336
-0.812971,0.512674,0.142882,0.025,0.0018336
-0.848863,0.481083,0.143997,0.0125,0.0018336
-0.822409,0.505915,0.185707,0.0225,0.0018336
-0.829738,0.467818,0.18202,0.0175,0.0018336
-0.808367,0.446884,0.14227,0.0175,0.0018336
-0.729731,0.543265,0.122858,0.045,0.00280671
-0.722022,0.512959,0.139353,0.025,0.00280671
-0.686125,0.541425,0.125622,0.0125,0.00280671
-0.725432,0.550002,0.163538,0.0225,0.00280671
-0.714854,0.574227,0.134903,0.0175,0.00280671
-0.721909,0.555821,0.0892251,0.0175,0.00280671
-0.593938,0.661143,0.198256,0.045,0.0127456
-0.592193,0.633325,0.220008,0.025,0.0127456
-0.577677,0.62805,0.174742,0.0125,0.0127456
-0.556219,0.658871,0.215311,0.0225,0.0127456
-0.564463,0.670413,0.179013,0.0175,0.0127456
-0.61269,0.667169,0.16724,0.0175,0.0127456
-0.501576,0.567917,0.121326,0.045,0.00575942
-0.482218,0.597369,0.118531,0.025,0.00575942
-0.489585,0.570909,0.079377,0.0125,0.00575942
-0.525672,0.599641,0.109848,0.0225,0.00575942
-0.529156,0.562625,0.0981665,0.0175,0.00575942
-0.493673,0.532479,0.115695,0.0175,0.00575942
-0.374351,0.359235,0.217947,0.045,0.048125
-0.367286,0.392408,0.227929,0.025,0.048125
-0.370704,0.382697,0.181222,0.0125,0.048125
-0.409529,0.381018,0.220542,0.0225,0.048125
-0.401468,0.353251,0.194413,0.0175,0.048125
-0.355413,0.3348,0.19809,0.0175,0.048125
-0.276127,0.372958,0.131564,0.045,0.0158427
-0.245342,0.376155,0.148655,0.025,0.0158427
-0.285541,0.372188,0.174264,0.0125,0.0158427
-0.26118,0.335436,0.140916,0.0225,0.0158427
-0.298713,0.345925,0.140734,0.0175,0.0158427
-0.306197,0.394049,0.130584,0.0175,0.0158427
-0.95527,0.543036,0.195234,0.045,0.000909693
-0.936101,0.540597,0.224842,0.025,0.000909693
-0.914466,0.533395,0.1828,0.0125,0.000909693
-0.937144,0.57942,0.203383,0.0225,0.000909693
-0.943254,0.564088,0.168079,0.0175,0.000909693
-0.963508,0.518658,0.169007,0.0175,0.000909693
-0.8228,0.625543,0.104591,0.045,0.00229867
-0.798886,0.650177,0.0961499,0.025,0.00229867
-0.83096,0.637038,0.0631937,0.0125,0.00229867
-0.838483,0.66334,0.111234,0.0225,0.00229867
-0.858025,0.632207,0.0982882,0.0175,0.00229867
-0.829583,0.592014,0.0911829,0.0175,0.00229867
-0.768936,0.714119,0.127497,0.045,0.00445915
-0.735026,0.720952,0.134806,0.025,0.00445915
-0.750084,0.725128,0.0896034,0.0125,0.00445915
-0.763823,0.754703,0.134244,0.0225,0.00445915
-0.788184,0.738489,0.108507,0.0175,0.00445915
-0.785067,0.688891,0.106205,0.0175,0.00445915
-0.626279,0.795453,0.117466,0.045,0.00257216
-0.599211,0.78351,0.136823,0.025,0.00257216
-0.591125,0.796355,0.0914675,0.0125,0.00257216
-0.606127,0.82729,0.13476,0.0225,0.00257216
-0.622625,0.826874,0.0994561,0.0175,0.00257216
-0.642219,0.782926,0.0868234,0.0175,0.00257216
-0.398335,0.793896,0.124484,0.045,0.0192369
-0.375181,0.771566,0.109811,0.025,0.0192369
-0.421904,0.762217,0.105684,0.0125,0.0192369
-0.392279,0.803917,0.084714,0.0225,0.0192369
-0.42585,0.806603,0.104324,0.0175,0.0192369
-0.423376,0.789667,0.151036,0.0175,0.0192369
-0.200584,0.646951,0.0664864,0.045,0.00871292
-0.233617,0.634993,0.0625047,0.025,0.00871292
-0.221284,0.655003,0.104158,0.0125,0.00871292
-0.225351,0.677736,0.0539296,0.0225,0.00871292
-0.195406,0.680857,0.0786751,0.0175,0.00871292
-0.173443,0.637523,0.0893875,0.0175,0.00871292
-0.128696,0.710781,0.111075,0.045,0.0892327
-0.118238,0.693226,0.139927,0.025,0.0892327
-0.0862326,0.719813,0.116343,0.0125,0.0892327
-0.131288,0.735405,0.144327,0.0225,0.0892327
-0.121186,0.74629,0.108297,0.0175,0.0892327
-0.118581,0.708698,0.0758144,0.0175,0.0892327
-0.287839,0.495458,0.247294,0.045,0.0709962
-0.302697,0.467524,0.263072,0.025,0.0709962
-0.309459,0.473693,0.216128,0.0125,0.0709962
-0.263005,0.462434,0.243904,0.0225,0.0709962
-0.268102,0.490306,0.217147,0.0175,0.0709962
-0.302062,0.524419,0.229717,0.0175,0.0709962
-0.946546,0.862454,0.0448084,0.045,0.00104016
-0.917385,0.867379,0.0254322,0.025,0.00104016
-0.952551,0.899677,0.0226517,0.0125,0.00104016
-0.91987,0.886683,0.0653061,0.0225,0.00104016
-0.958724,0.889692,0.0656599,0.0175,0.00104016
-0.981768,0.857375,0.0356676,0.0175,0.00104016
-0.753395,0.894955,0.0447636,0.045,0.0029971
-0.776708,0.921372,0.0476986,0.025,0.0029971
-0.740773,0.918834,0.0791581,0.0125,0.0029971
-0.739408,0.92845,0.0247347,0.0225,0.0029971
-0.717831,0.90271,0.0444994,0.0175,0.0029971
-0.744384,0.867292,0.0672037,0.0175,0.0029971
-0.714061,0.951381,0.131255,0.045,0.00352406
-0.683181,0.942065,0.116775,0.025,0.00352406
-0.683661,0.977116,0.149312,0.0125,0.00352406
-0.695096,0.92335,0.1552,0.0225,0.00352406
-0.716706,0.953356,0.167506,0.0175,0.00352406
-0.733072,0.98282,0.130914,0.0175,0.00352406
-0.614727,0.951284,0.109385,0.045,0.00407836
-0.592208,0.944563,0.135799,0.025,0.00407836
-0.591259,0.987723,0.115212,0.0125,0.00407836
-0.630983,0.963887,0.14538,0.0225,0.00407836
-0.635165,0.981372,0.110803,0.0175,0.00407836
-0.609558,0.959787,0.0740152,0.0175,0.00407836
-0.45814,0.955367,0.0445442,0.045,0.0057818
-0.436678,0.970506,0.068212,0.025,0.0057818
-0.477567,0.950945,0.0834744,0.0125,0.0057818
-0.433083,0.926842,0.061193,0.0225,0.0057818
-0.470253,0.921601,0.0507191,0.0175,0.0057818
-0.492541,0.962818,0.034004,0.0175,0.0057818
-0.126706,0.945801,0.0449057,0.045,0.028406
-0.110304,0.973112,0.0602373,0.025,0.028406
-0.114179,0.972448,0.0125713,0.0125,0.028406
-0.153573,0.976758,0.0511163,0.0225,0.028406
-0.153126,0.952351,0.0207379,0.0175,0.028406
-0.115216,0.92014,0.021252,0.0175,0.028406
-0.0145235,0.831211,0.120131,0.045,0.0962002
-0.0112696,0.861184,0.138599,0.025,0.0962002
-0.0444217,0.82942,0.151997,0.0125,0.0962002
0.0106999,0.825221,0.152483,0.0225,0.0962002
-0.0146066,0.799431,0.137881,0.0175,0.0962002
-0.0421802,0.817146,0.100452,0.0175,0.0962002
-0.955112,-0.750458,0.13376,0.045,0.00186952
-0.935762,-0.762812,0.160648,0.025,0.00186952
-0.9233,-0.774658,0.116018,0.0125,0.00186952
-0.922966,-0.725245,0.140806,0.0225,0.00186952
-0.938317,-0.733884,0.106043,0.0175,0.00186952
-0.975188,-0.767229,0.107959,0.0175,0.00186952
-0.952727,-0.953998,0.127062,0.045,0.000513577
-0.953342,-0.918648,0.12686,0.025,0.000513577
-0.987651,-0.942364,0.103451,0.0125,0.000513577
-0.977013,-0.940101,0.157654,0.0225,0.000513577
-0.982902,-0.972151,0.136279,0.0175,0.000513577
-0.949295,-0.978844,0.100213,0.0175,0.000513577
-0.771394,-0.955691,0.131477,0.045,0.0015446
-0.804242,-0.951622,0.119051,0.025,0.0015446
-0.797565,-0.95281,0.166395,0.0125,0.0015446
-0.780808,-0.915374,0.129328,0.0225,0.0015446
-0.75905,-0.932551,0.156719,0.0175,0.0015446
-0.755712,-0.981948,0.151841,0.0175,0.0015446
-0.590508,-0.955119,0.1428,0.045,0.00505563
-0.623625,-0.962084,0.153033,0.025,0.00505563
-0.599287,-0.927758,0.175767,0.0125,0.00505563
-0.616935,-0.929732,0.123413,0.0225,0.00505563
-0.581072,-0.920688,0.135695,0.0175,0.00505563
-0.558221,-0.957476,0.160179,0.0175,0.00505563
-0.495158,-0.951448,0.144378,0.045,0.0107005
-0.524688,-0.933183,0.151039,0.025,0.0107005
-0.48712,-0.927528,0.180094,0.0125,0.0107005
-0.492869,-0.913967,0.126809,0.0225,0.0107005
-0.463385,-0.933751,0.142873,0.0175,0.0107005
-0.476926,-0.976894,0.163616,0.0175,0.0107005
-0.407079,-0.955233,0.127048,0.045,0.00356998
-0.39372,-0.926315,0.111707,0.025,0.00356998
-0.387161,-0.932526,0.158675,0.0125,0.00356998
-0.367652,-0.961947,0.11613,0.0225,0.00356998
-0.385453,-0.975759,0.147929,0.0175,0.00356998
-0.432285,-0.959881,0.153374,0.0175,0.00356998
-0.0310602,-0.954899,0.120045,0.045,0.0456664
-0.0576656,-0.934187,0.130683,0.025,0.0456664
-0.0162861,-0.932552,0.154611,0.0125,0.0456664
-0.0276253,-0.917418,0.102663,0.0225,0.0456664
0.00174377,-0.940112,0.114545,0.0175,0.0456664
-0.01291,-0.982282,0.136499,0.0175,0.0456664
-0.0444355,-0.768297,0.107408,0.045,0.108062
-0.0257402,-0.738344,0.109217,0.025,0.108062
-0.0605812,-0.745653,0.141157,0.0125,0.108062
-0.0129793,-0.772846,0.134027,0.0225,0.108062
-0.0485385,-0.788418,0.137463,0.0175,0.108062
-0.0800854,-0.774899,0.101449,0.0175,0.108062
-0.949329,-0.651207,0.155532,0.045,0.00159413
-0.973455,-0.677033,0.156525,0.025,0.00159413
-0.988058,-0.631745,0.161349,0.0125,0.00159413
-0.965361,-0.657044,0.117748,0.0225,0.00159413
-0.95461,-0.622932,0.133224,0.0175,0.00159413
-0.93884,-0.626173,0.180296,0.0175,0.00159413
-0.868835,-0.856025,0.153892,0.045,0.00175049
-0.866648,-0.881721,0.129706,0.025,0.00175049
-0.909038,-0.872786,0.149974,0.0125,0.00175049
-0.878568,-0.841085,0.116464,0.0225,0.00175049
-0.894642,-0.830595,0.150381,0.0175,0.00175049
-0.877801,-0.856272,0.189522,0.0175,0.00175049
-0.740531,-0.862231,0.134249,0.045,0.00111836
-0.751618,-0.848417,0.164847,0.025,0.00111836
-0.706046,-0.841914,0.15187,0.0125,0.00111836
-0.752429,-0.82293,0.128536,0.0225,0.00111836
-0.722877,-0.840923,0.110599,0.0175,0.00111836
-0.715058,-0.887484,0.126282,0.0175,0.00111836
-0.49538,-0.871356,0.196136,0.045,0.00752648
-0.48967,-0.884463,0.163801,0.025,0.00752648
-0.491052,-0.914611,0.200904,0.0125,0.00752648
-0.531255,-0.883455,0.179242,0.0225,0.00752648
-0.521411,-0.886126,0.216855,0.0175,0.00752648
-0.475005,-0.871149,0.226711,0.0175,0.00752648
-0.450871,-0.764774,0.195427,0.045,0.0296092
-0.441882,-0.791202,0.17373,0.025,0.0296092
-0.425527,-0.79179,0.218671,0.0125,0.0296092
-0.477328,-0.796376,0.199913,0.0225,0.0296092
-0.464678,-0.772697,0.228162,0.0175,0.0296092
-0.431015,-0.739347,0.21301,0.0175,0.0296092
-0.20079,-0.685466,0.122812,0.045,0.0546343
-0.220988,-0.714041,0.127863,0.025,0.0546343
-0.227034,-0.688388,0.0879521,0.0125,0.0546343
-0.183593,-0.718377,0.104377,0.0225,0.0546343
-0.183081,-0.681693,0.0912349,0.0175,0.0546343
-0.208817,-0.649773,0.119409,0.0175,0.0546343
-0.173653,-0.570355,0.124457,0.045,0.0495076
-0.195162,-0.549412,0.143132,0.025,0.0495076
-0.186417,-0.538453,0.0974051,0.0125,0.0495076
-0.213063,-0.581911,0.118798,0.0225,0.0495076
-0.184733,-0.58268,0.0920483,0.0175,0.0495076
-0.141349,-0.564309,0.108028,0.0175,0.0495076
-0.95524,-0.367148,0.217785,0.045,0.00211885
-0.954437,-0.391786,0.243129,0.025,0.00211885
-0.945006,-0.40483,0.198091,0.0125,0.00211885
-0.916524,-0.371646,0.231913,0.0225,0.00211885
-0.926925,-0.36419,0.195103,0.0175,0.00211885
-0.976127,-0.363134,0.187825,0.0175,0.00211885
-0.871973,-0.527456,0.199649,0.045,0.00242374
-0.904317,-0.541624,0.201419,0.025,0.00242374
-0.894007,-0.504305,0.229499,0.0125,0.00242374
-0.897757,-0.507037,0.17441,0.0225,0.00242374
-0.868651,-0.491489,0.195143,0.0175,0.00242374
-0.845053,-0.524059,0.224423,0.0175,0.00242374
-0.783674,-0.519835,0.18489,0.045,0.00631805
-0.801128,-0.54955,0.192786,0.025,0.00631805
-0.755483,-0.545386,0.206451,0.0125,0.00631805
-0.79997,-0.516988,0.222904,0.0225,0.00631805
-0.765796,-0.502285,0.211298,0.0175,0.00631805
-0.75399,-0.51331,0.164244,0.0175,0.00631805
-0.614808,-0.711797,0.178555,0.045,0.0121274
-0.642906,-0.710753,0.157121,0.025,0.0121274
-0.649416,-0.703353,0.203922,0.0125,0.0121274
-0.622193,-0.672729,0.16681,0.0225,0.0121274
-0.609191,-0.684262,0.201691,0.0175,0.0121274
-0.60598,-0.73365,0.206741,0.0175,0.0121274
-0.57687,-0.699722,0.258899,0.045,0.0200384
-0.577749,-0.676556,0.232205,0.025,0.0200384
-0.561427,-0.661999,0.27474,0.0125,0.0200384
-0.540194,-0.699004,0.239583,0.0225,0.0200384
-0.546035,-0.703725,0.277824,0.0175,0.0200384
-0.593755,-0.700544,0.291521,0.0175,0.0200384
-0.362678,-0.52532,0.190179,0.045,0.089276
-0.361537,-0.491129,0.199106,0.025,0.089276
-0.324727,-0.519237,0.211042,0.0125,0.089276
-0.342543,-0.503762,0.161048,0.0225,0.089276
-0.334283,-0.54,0.172766,0.0175,0.089276
-0.362813,-0.556133,0.210193,0.0175,0.089276
-0.376317,-0.314363,0.300908,0.045,0.0980882
-0.389423,-0.345391,0.290158,0.025,0.0980882
-0.369446,-0.31642,0.257768,0.0125,0.0980882
-0.346315,-0.34297,0.300386,0.0225,0.0980882
-0.342384,-0.305256,0.291391,0.0175,0.0980882
-0.385007,-0.279631,0.292653,0.0175,0.0980882
-0.35562,-0.37122,0.234601,0.045,0.0272972
-0.389399,-0.379683,0.240715,0.025,0.0272972
-0.378769,-0.354426,0.201516,0.0125,0.0272972
-0.365206,-0.406351,0.214786,0.0225,0.0272972
-0.341214,-0.378446,0.201963,0.0175,0.0272972
-0.338268,-0.338934,0.232048,0.0175,0.0272972
-0.864441,-0.276511,0.213883,0.045,0.00337493
-0.885412,-0.304852,0.211241,0.025,0.00337493
-0.860335,-0.29849,0.251468,0.0125,0.00337493
-0.901546,-0.26824,0.230423,0.0225,0.00337493
-0.867141,-0.255201,0.24327,0.0175,0.00337493
-0.828109,-0.272906,0.21801,0.0175,0.00337493
-0.790213,-0.319387,0.183258,0.045,0.00632839
-0.820314,-0.330125,0.198379,0.025,0.00632839
-0.77954,-0.352178,0.210154,0.0125,0.00632839
-0.795469,-0.300083,0.219569,0.0225,0.00632839
-0.761549,-0.311799,0.204373,0.0175,0.00632839
-0.766092,-0.336367,0.161352,0.0175,0.00632839
-0.624447,-0.432063,0.237156,0.045,0.00584594
-0.63302,-0.43882,0.270784,0.025,0.00584594
-0.631452,-0.393308,0.256167,0.0125,0.00584594
-0.665668,-0.434039,0.241119,0.0225,0.00584594
-0.645884,-0.410171,0.217504,0.0175,0.00584594
-0.596462,-0.413741,0.221952,0.0175,0.00584594
-0.525754,-0.452109,0.228489,0.045,0.0222848
-0.558094,-0.466376,0.229265,0.025,0.0222848
-0.541893,-0.444023,0.268321,0.0125,0.0222848
-0.554061,-0.423537,0.218436,0.0225,0.0222848
-0.521448,-0.417495,0.238897,0.0175,0.0222848
-0.495264,-0.458837,0.247857,0.0175,0.0222848
-0.377597,-0.413284,0.31942,0.045,0.434452
-0.382644,-0.448276,0.31912,0.025,0.434452
-0.351526,-0.42928,0.288163,0.0125,0.434452
-0.349288,-0.431862,0.343341,0.0225,0.434452
-0.34362,-0.400339,0.321139,0.0175,0.434452
-0.383298,-0.38724,0.294138,0.0175,0.434452
-0.458119,-0.206875,0.317402,0.045,0.0687483
-0.423163,-0.201581,0.317185,0.025,0.0687483
-0.449685,-0.181343,0.282913,0.0125,0.0687483
-0.449022,-0.171685,0.337342,0.0225,0.0687483
-0.480363,-0.178153,0.315103,0.0175,0.0687483
-0.480868,-0.22293,0.293428,0.0175,0.0687483
-0.21262,-0.187291,0.244164,0.045,0.276959
-0.205617,-0.218835,0.258514,0.025,0.276959
-0.169057,-0.190609,0.246097,0.0125,0.276959
-0.20754,-0.18338,0.285123,0.0225,0.276959
-0.196627,-0.157648,0.257966,0.0175,0.276959
-0.204892,-0.172787,0.211302,0.0175,0.276959
-0.948368,-0.100513,0.296169,0.045,0.00588434
-0.972909,-0.125409,0.290885,0.025,0.00588434
-0.980143,-0.0929363,0.325246,0.0125,0.00588434
-0.977595,-0.0863203,0.270419,0.0225,0.00588434
-0.958586,-0.065598,0.2974,0.0175,0.00588434
-0.927113,-0.0924466,0.325033,0.0175,0.00588434
-0.835441,-0.0710526,0.290295,0.045,0.00635154
-0.868997,-0.0793333,0.297737,0.025,0.00635154
-0.837222,-0.0778748,0.333455,0.0125,0.00635154
-0.856265,-0.0369939,0.30148,0.0225,0.00635154
-0.818982,-0.0449362,0.309583,0.0175,0.00635154
-0.803976,-0.0896869,0.293861,0.0175,0.00635154
-0.748801,-0.0589914,0.266012,0.045,0.00732041
-0.747111,-0.0913452,0.280168,0.025,0.00732041
-0.706357,-0.0692542,0.268394,0.0125,0.00732041
-0.743661,-0.0562194,0.307057,0.0225,0.00732041
-0.728441,-0.032384,0.280243,0.0175,0.00732041
-0.738452,-0.0456907,0.233363,0.0175,0.00732041
-0.673141,-0.0219612,0.313881,0.045,0.0131789
-0.659069,-0.0542255,0.317195,0.025,0.0131789
-0.706695,-0.0498696,0.316668,0.0125,0.0131789
-0.669905,-0.0398734,0.276633,0.0225,0.0131789
-0.698588,-0.0162987,0.288476,0.0175,0.0131789
-0.694653,-0.00195654,0.335951,0.0175,0.0131789
-0.562459,-0.0074358,0.343621,0.045,0.208066
-0.533924,-0.0182745,0.361461,0.025,0.208066
-0.534068,0.0258209,0.342939,0.0125,0.208066
-0.565229,0.00438676,0.383261,0.0225,0.208066
-0.577642,0.0244961,0.352272,0.0175,0.208066
-0.567385,0.00281876,0.308685,0.0175,0.208066
-0.297561,-0.0597744,0.2881,0.045,0.0729112
-0.262208,-0.0601936,0.287903,0.025,0.0729112
-0.284849,-0.0224726,0.26914,0.0125,0.0729112
-0.282997,-0.0400406,0.321525,0.0225,0.0729112
-0.31482,-0.0305036,0.301151,0.0175,0.0729112
-0.322453,-0.0589905,0.261086,0.0175,0.0729112
-0.235756,-0.0150871,0.240541,0.045,0.0844722
-0.222799,-0.0340779,0.213681,0.025,0.0844722
-0.243263,0.00810616,0.204234,0.0125,0.0844722
-0.196934,-0.00315611,0.232218,0.0225,0.0844722
-0.226189,0.0198919,0.243694,0.0175,0.0844722
-0.269722,-0.00366997,0.248661,0.0175,0.0844722
-0.220369,0.0596695,0.193208,0.045,0.00740686
-0.201406,0.0415036,0.216881,0.025,0.00740686
-0.191226,0.0363324,0.170436,0.0125,0.00740686
-0.186016,0.0807253,0.202968,0.0225,0.00740686
-0.202996,0.0792587,0.167921,0.0175,0.00740686
-0.242498,0.049088,0.165852,0.0175,0.00740686
-0.838565,0.084424,0.299145,0.045,0.00388687
-0.859709,0.0609548,0.315023,0.025,0.00388687
-0.841562,0.0967906,0.340985,0.0125,0.00388687
-0.877632,0.0982976,0.299117,0.0225,0.00388687
-0.845471,0.119945,0.303089,0.0175,0.00388687
-0.803347,0.0935072,0.304361,0.0175,0.00388687
-0.808127,0.164142,0.271064,0.045,0.00488038
-0.831029,0.177261,0.24754,0.025,0.00488038
-0.828434,0.197459,0.290816,0.0125,0.00488038
-0.790733,0.195609,0.250424,0.0225,0.00488038
-0.785232,0.18682,0.287991,0.0175,0.00488038
-0.812701,0.148566,0.304026,0.0175,0.00488038
-0.66731,0.170362,0.19661,0.045,0.0106737
-0.667963,0.17714,0.161917,0.025,0.0106737
-0.7045,0.153154,0.181338,0.0125,0.0106737
-0.6883,0.205386,0.189435,0.0225,0.0106737
-0.696356,0.178869,0.216834,0.0175,0.0106737
-0.666666,0.138966,0.215686,0.0175,0.0106737
-0.55342,0.295736,0.259202,0.045,0.0161135
-0.578,0.314319,0.241867,0.025,0.0161135
-0.536761,0.335725,0.253209,0.0125,0.0161135
-0.546383,0.293878,0.218388,0.0225,0.0161135
-0.519342,0.295253,0.246417,0.0175,0.0161135
-0.538011,0.299903,0.292296,0.0175,0.0161135
-0.458169,0.158255,0.196482,0.045,0.0190465
-0.487116,0.154157,0.176599,0.025,0.0190465
-0.492226,0.1684,0.22197,0.0125,0.0190465
-0.468728,0.194451,0.179246,0.0225,0.0190465
-0.453553,0.18938,0.214781,0.0175,0.0190465
-0.446706,0.141699,0.227215,0.0175,0.0190465
-0.372253,0.183712,0.194139,0.045,0.0250023
-0.397247,0.183874,0.219145,0.025,0.0250023
-0.363174,0.217411,0.220491,0.0125,0.0250023
-0.403091,0.209147,0.183147,0.0225,0.0250023
-0.365146,0.21449,0.176049,0.0175,0.0250023
-0.335794,0.17941,0.195616,0.0175,0.0250023
-0.313235,0.114635,0.147717,0.045,0.0187699
-0.283275,0.11742,0.166282,0.025,0.0187699
-0.305794,0.157422,0.152857,0.0125,0.0187699
-0.321895,0.118008,0.18812,0.0225,0.0187699
-0.342643,0.133032,0.158751,0.0175,0.0187699
-0.322491,0.125568,0.113883,0.0175,0.0187699
-0.912259,0.31133,0.250497,0.045,0.00298308
-0.883351,0.290975,0.250402,0.025,0.00298308
-0.896663,0.311796,0.291351,0.0125,0.00298308
-0.922145,0.272672,0.261749,0.0225,0.00298308
-0.93791,0.305488,0.275654,0.0175,0.00298308
-0.917371,0.347025,0.257548,0.0175,0.00298308
-0.817533,0.400634,0.195472,0.045,0.00187419
-0.834419,0.430038,0.205486,0.025,0.00187419
-0.823385,0.397433,0.238692,0.0125,0.00187419
-0.790126,0.42913,0.207945,0.0225,0.00187419
-0.787401,0.39062,0.21327,0.0175,0.00187419
-0.826802,0.365104,0.196791,0.0175,0.00187419
-0.723619,0.457349,0.182059,0.045,0.00587275
-0.734561,0.432129,0.20429,0.025,0.00587275
-0.76472,0.467497,0.19302,0.0125,0.00587275
-0.743541,0.427663,0.161068,0.0225,0.00587275
-0.744368,0.465861,0.153389,0.0175,0.00587275
-0.719081,0.493591,0.186048,0.0175,0.00587275
-0.619606,0.54143,0.177027,0.045,0.00926952
-0.625554,0.552697,0.210007,0.025,0.00926952
-0.661008,0.530929,0.186413,0.0125,0.00926952
-0.612648,0.51068,0.203947,0.0225,0.00926952
-0.627973,0.507097,0.168296,0.0175,0.00926952
-0.634638,0.550397,0.144721,0.0175,0.00926952
-0.532567,0.497318,0.191593,0.045,0.00992554
-0.524693,0.519229,0.2182,0.025,0.00992554
-0.490749,0.489738,0.201903,0.0125,0.00992554
-0.51571,0.532149,0.176714,0.0225,0.00992554
-0.510662,0.496199,0.162543,0.0175,0.00992554
-0.53321,0.460668,0.189078,0.0175,0.00992554
-0.430044,0.516942,0.103212,0.045,0.00663253
-0.403265,0.539769,0.0997747,0.025,0.00663253
-0.403915,0.51065,0.137711,0.0125,0.00663253
-0.398183,0.498584,0.0840658,0.0225,0.00663253
-0.422665,0.481827,0.109335,0.0175,0.00663253
-0.456136,0.513071,0.12879,0.0175,0.00663253
-0.189838,0.320667,0.123826,0.045,0.0577495
-0.161957,0.342341,0.125522,0.025,0.0577495
-0.193526,0.342652,0.16145,0.0125,0.0577495
-0.159145,0.302592,0.145038,0.0225,0.0577495
-0.19729,0.299192,0.152256,0.0175,0.0577495
-0.226021,0.326937,0.122596,0.0175,0.0577495
-0.0474472,0.40297,0.113868,0.045,0.131338
-0.0388982,0.417765,0.0829155,0.025,0.131338
-0.0630311,0.443817,0.114952,0.0125,0.131338
-0.0116489,0.423572,0.117448,0.0225,0.131338
-0.0393442,0.420544,0.144698,0.0175,0.131338
-0.0797809,0.395721,0.129742,0.0175,0.131338
-0.869694,0.640291,0.179585,0.045,0.00255616
-0.8877,0.656771,0.205163,0.025,0.00255616
-0.8535,0.680845,0.181962,0.0125,0.00255616
-0.901625,0.661088,0.163256,0.0225,0.00255616
-0.866496,0.656332,0.147067,0.0175,0.00255616
-0.834129,0.631857,0.175847,0.0175,0.00255616
-0.794111,0.680776,0.206449,0.045,0.00280949
-0.810335,0.698636,0.23229,0.025,0.00280949
-0.77193,0.672289,0.24317,0.0125,0.00280949
-0.775875,0.717624,0.211779,0.0225,0.00280949
-0.758089,0.684212,0.202504,0.0175,0.00280949
-0.788519,0.644887,0.200903,0.0175,0.00280949
-0.574373,0.721597,0.116221,0.045,0.00461116
-0.570158,0.697555,0.141799,0.025,0.00461116
-0.561415,0.684748,0.096555,0.0125,0.00461116
-0.534848,0.721025,0.128719,0.0225,0.00461116
-0.547444,0.72687,0.0923052,0.0175,0.00461116
-0.596783,0.723128,0.0871446,0.0175,0.00461116
-0.428758,0.702891,0.137004,0.045,0.0122253
-0.408997,0.729519,0.149272,0.025,0.0122253
-0.388208,0.687149,0.141519,0.0125,0.0122253
-0.410488,0.722643,0.105463,0.0225,0.0122253
-0.417298,0.684346,0.107853,0.0175,0.0122253
-0.43751,0.670071,0.151012,0.0175,0.0122253
-0.252652,0.791269,0.0797539,0.045,0.0400867
-0.229703,0.770465,0.096798,0.025,0.0400867
-0.255662,0.75176,0.061249,0.0125,0.0400867
-0.216431,0.790675,0.059594,0.0225,0.0400867
-0.251826,0.792423,0.043381,0.0175,0.0400867
-0.289196,0.790053,0.0761363,0.0175,0.0400867
-0.324496,0.555223,0.134048,0.045,0.0126513
-0.350518,0.571466,0.116468,0.025,0.0126513
-0.322454,0.597467,0.145171,0.0125,0.0126513
-0.309985,0.570705,0.0984318,0.0225,0.0126513
-0.290788,0.568849,0.132296,0.0175,0.0126513
-0.317872,0.550784,0.169914,0.0175,0.0126513
-0.266392,0.625854,0.124194,0.045,0.0944286
-0.301189,0.631742,0.126311,0.025,0.0944286
-0.276854,0.62309,0.166566,0.0125,0.0944286
-0.273506,0.665974,0.131839,0.0225,0.0944286
-0.243924,0.64474,0.145724,0.0175,0.0944286
-0.245652,0.596749,0.132727,0.0175,0.0944286
-0.954148,0.618051,0.134564,0.045,0.000834219
-0.975034,0.601905,0.158083,0.025,0.000834219
-0.93271,0.618736,0.172675,0.0125,0.000834219
-0.977218,0.646084,0.154581,0.0225,0.000834219
-0.940417,0.650778,0.142651,0.0175,0.000834219
-0.920619,0.610204,0.121749,0.0175,0.000834219
-0.850778,0.857471,0.0466194,0.045,0.000604181
-0.857279,0.871649,0.0783477,0.025,0.000604181
-0.823368,0.891275,0.0509186,0.0125,0.000604181
-0.878001,0.888519,0.0429245,0.0225,0.000604181
-0.850108,0.879136,0.0173761,0.0175,0.000604181
-0.820876,0.841714,0.0322105,0.0175,0.000604181
-0.674998,0.87069,0.119697,0.045,0.00284968
-0.676725,0.841715,0.139882,0.025,0.00284968
-0.703965,0.879334,0.151299,0.0125,0.00284968
-0.706083,0.846403,0.106945,0.0225,0.00284968
-0.705861,0.885373,0.10717,0.0175,0.00284968
-0.664694,0.905233,0.126813,0.0175,0.00284968
-0.52318,0.926055,0.127854,0.045,0.00933531
-0.509779,0.938944,0.097783,0.025,0.00933531
-0.557131,0.933166,0.101223,0.0125,0.00933531
-0.523683,0.9675,0.128766,0.0225,0.00933531
-0.550564,0.943765,0.144025,0.0175,0.00933531
-0.542132,0.895498,0.135409,0.0175,0.00933531
-0.323383,0.951238,0.122087,0.045,0.0715118
-0.301701,0.974857,0.136988,0.025,0.0715118
-0.323085,0.986123,0.0957163,0.0125,0.0715118
-0.345134,0.977494,0.145673,0.0225,0.0715118
-0.356718,0.961773,0.111947,0.0175,0.0715118
-0.322252,0.933407,0.0899814,0.0175,0.0715118
-0.234325,0.871291,0.0445042,0.045,0.0233728
-0.262713,0.87834,0.0643649,0.025,0.0233728
-0.225607,0.855843,0.0844771,0.0125,0.0233728
-0.229058,0.907254,0.0644459,0.0225,0.0233728
-0.2014,0.88092,0.0566793,0.0175,0.0233728
-0.218355,0.839761,0.0344643,0.0175,0.0233728
-0.154181,0.829866,0.0446224,0.045,0.0288728
-0.127344,0.813232,0.0605314,0.025,0.0288728
-0.134414,0.859603,0.0698719,0.0125,0.0288728
-0.166196,0.815966,0.0817861,0.0225,0.0288728
-0.177472,0.849199,0.0648403,0.0175,0.0288728
-0.155367,0.85813,0.0211756,0.0175,0.0288728
0.107382,0.692606,0.124231,0.045,0.131742
0.117425,0.725523,0.132328,0.025,0.131742
0.0938424,0.718107,0.0913853,0.0125,0.131742
0.0765496,0.712442,0.143588,0.0225,0.131742
0.0727728,0.686514,0.114739,0.0175,0.131742
0.116061,0.670217,0.0964211,0.0175,0.131742
-0.955413,-0.834414,0.165526,0.045,0.0016779
-0.943624,-0.830966,0.19868,0.025,0.0016779
-0.922931,-0.863324,0.17018,0.0125,0.0016779
-0.923336,-0.808167,0.166471,0.0225,0.0016779
-0.931507,-0.833591,0.138088,0.0175,0.0016779
-0.970889,-0.862478,0.147556,0.0175,0.0016779
-0.804438,-0.902498,0.195307,0.045,0.00224788
-0.785222,-0.929626,0.207344,0.025,0.00224788
-0.771704,-0.908067,0.166847,0.0125,0.00224788
-0.773091,-0.888431,0.218507,0.0225,0.00224788
-0.787622,-0.87141,0.186603,0.0175,0.00224788
-0.823627,-0.897565,0.164364,0.0175,0.00224788
-0.651373,-0.863317,0.143913,0.045,0.00163153
-0.624427,-0.885669,0.13898,0.025,0.00163153
-0.616102,-0.844215,0.161335,0.0125,0.00163153
-0.646681,-0.887406,0.177327,0.0225,0.00163153
-0.657361,-0.849927,0.177227,0.0175,0.00163153
-0.657651,-0.829118,0.13204,0.0175,0.00163153
-0.544546,-0.949095,0.220095,0.045,0.0213936
-0.564204,-0.974367,0.205099,0.025,0.0213936
-0.517379,-0.982131,0.210982,0.0125,0.0213936
-0.557182,-0.976127,0.248875,0.0225,0.0213936
-0.522796,-0.957811,0.247951,0.0175,0.0213936
-0.51621,-0.929208,0.207783,0.0175,0.0213936
-0.433541,-0.869562,0.125118,0.045,0.00645709
-0.423842,-0.873219,0.15892,0.025,0.00645709
-0.389832,-0.868269,0.125659,0.0125,0.00645709
-0.428282,-0.832264,0.142436,0.0225,0.00645709
-0.419817,-0.842024,0.105669,0.0175,0.00645709
-0.427417,-0.890074,0.0952559,0.0175,0.00645709
-0.305042,-0.879114,0.117085,0.045,0.0242042
-0.294863,-0.888382,0.14965,0.025,0.0242042
-0.332819,-0.910173,0.130363,0.0125,0.0242042
-0.279684,-0.911857,0.115193,0.0225,0.0242042
-0.310392,-0.905105,0.0921675,0.0175,0.0242042
-0.336022,-0.864183,0.104149,0.0175,0.0242042
-0.196006,-0.776039,0.0447102,0.045,0.0265894
-0.173551,-0.769997,0.0713421,0.025,0.0265894
-0.217826,-0.752121,0.0741095,0.0125,0.0265894
-0.200964,-0.80477,0.0741836,0.0225,0.0265894
-0.229104,-0.78924,0.052144,0.0175,0.0265894
-0.213245,-0.753578,0.0212947,0.0175,0.0265894
-0.955209,-0.497351,0.223985,0.045,0.000883523
-0.959297,-0.529864,0.210711,0.025,0.000883523
-0.929043,-0.499828,0.189032,0.0125,0.000883523
-0.926148,-0.522638,0.239306,0.0225,0.000883523
-0.921583,-0.484974,0.230399,0.0175,0.000883523
-0.96189,-0.463962,0.21018,0.0175,0.000883523
-0.782895,-0.699734,0.143813,0.045,0.00323209
-0.748752,-0.707118,0.149265,0.025,0.00323209
-0.774405,-0.736294,0.121369,0.0125,0.00323209
-0.759888,-0.683556,0.113355,0.0225,0.00323209
-0.795556,-0.698826,0.109698,0.0175,0.00323209
-0.813754,-0.717987,0.151849,0.0175,0.00323209
-0.702374,-0.654995,0.153634,0.045,0.00620771
-0.66842,-0.663909,0.149427,0.025,0.00620771
-0.690193,-0.639293,0.114678,0.0125,0.00620771
-0.677938,-0.624024,0.166378,0.0225,0.00620771
-0.712336,-0.620373,0.14843,0.0175,0.00620771
-0.732746,-0.663668,0.134865,0.0175,0.00620771
-0.590113,-0.869005,0.20903,0.045,0.0107582
-0.623332,-0.875396,0.219309,0.025,0.0107582
-0.58768,-0.884368,0.249903,0.0125,0.0107582
-0.605209,-0.83615,0.229313,0.0225,0.0107582
-0.568478,-0.849117,0.23051,0.0175,0.0107582
-0.560941,-0.890895,0.204571,0.0175,0.0107582
-0.539985,-0.870058,0.283301,0.045,0.0384638
-0.564074,-0.895282,0.289086,0.025,0.0384638
-0.525641,-0.893263,0.317482,0.0125,0.0384638
-0.567248,-0.857305,0.311812,0.0225,0.0384638
-0.529119,-0.849272,0.311138,0.0175,0.0384638
-0.504454,-0.871425,0.274045,0.0175,0.0384638
-0.354966,-0.73775,0.205763,0.045,0.0355852
-0.337424,-0.768065,0.200938,0.025,0.0355852
-0.379975,-0.769356,0.222737,0.0125,0.0355852
-0.367429,-0.755861,0.170614,0.0225,0.0355852
-0.389766,-0.735606,0.195303,0.0175,0.0355852
-0.365846,-0.720001,0.236038,0.0175,0.0355852
-0.280317,-0.642869,0.102764,0.045,0.031179
-0.31488,-0.643546,0.11018,0.025,0.031179
-0.29946,-0.665331,0.0704918,0.0125,0.031179
-0.289653,-0.677525,0.123514,0.0225,0.031179
-0.263282,-0.674093,0.0950258,0.0175,0.031179
-0.261304,-0.628738,0.0746786,0.0175,0.031179
-0.301394,-0.476066,0.24076,0.045,0.0918518
-0.292929,-0.501188,0.264153,0.025,0.0918518
-0.281045,-0.50757,0.218267,0.0125,0.0918518
-0.262761,-0.470096,0.254566,0.0225,0.0918518
-0.275641,-0.463318,0.218415,0.0175,0.0918518
-0.323161,-0.476133,0.211159,0.0175,0.0918518
-0.894396,-0.432459,0.210896,0.045,0.00177655
-0.883308,-0.463329,0.224092,0.025,0.00177655
-0.860381,-0.444892,0.186383,0.0125,0.00177655
-0.863894,-0.426018,0.238226,0.0225,0.00177655
-0.87018,-0.405824,0.205493,0.0175,0.00177655
-0.907974,-0.423016,0.178087,0.0175,0.00177655
-0.796647,-0.439025,0.231264,0.045,0.00459573
-0.765426,-0.426113,0.220848,0.025,0.00459573
-0.804301,-0.398606,0.216423,0.0125,0.00459573
-0.779333,-0.417327,0.262056,0.0225,0.00459573
-0.817355,-0.419235,0.253726,0.0175,0.00459573
-0.827829,-0.446021,0.213132,0.0175,0.00459573
-0.710196,-0.472209,0.205156,0.045,0.00885517
-0.71864,-0.500351,0.224822,0.025,0.00885517
-0.67963,-0.475168,0.236292,0.0125,0.00885517
-0.732877,-0.460374,0.23778,0.0225,0.00885517
-0.703499,-0.440469,0.221671,0.0175,0.00885517
-0.680913,-0.464425,0.184375,0.0175,0.00885517
-0.637768,-0.577905,0.295815,0.045,0.00899995
-0.610711,-0.598409,0.285941,0.025,0.00899995
-0.601948,-0.560825,0.314193,0.0125,0.00899995
-0.630718,-0.606865,0.324632,0.0225,0.00899995
-0.64212,-0.570167,0.331117,0.0175,0.00899995
-0.645379,-0.542443,0.289937,0.0175,0.00899995
-0.406695,-0.626101,0.312724,0.045,0.195994
-0.42322,-0.632712,0.282175,0.025,0.195994
-0.381397,-0.609533,0.281133,0.0125,0.195994
-0.392574,-0.661485,0.296374,0.0225,0.195994
-0.37164,-0.635268,0.316204,0.0175,0.195994
-0.397324,-0.594797,0.329524,0.0175,0.195994
-0.333575,-0.350072,0.375011,0.045,0.340529
-0.321932,-0.382641,0.367684,0.025,0.340529
-0.338771,-0.355675,0.331952,0.0125,0.340529
-0.293821,-0.348586,0.363344,0.0225,0.340529
-0.321211,-0.322039,0.355357,0.0175,0.340529
-0.366578,-0.334262,0.371711,0.0175,0.340529
-0.275861,-0.314551,0.30328,0.045,0.153688
-0.283577,-0.346126,0.317191,0.025,0.153688
-0.237686,-0.334873,0.309781,0.0125,0.153688
-0.274304,-0.312537,0.344659,0.0225,0.153688
-0.251113,-0.293547,0.319753,0.0175,0.153688
-0.259371,-0.304663,0.27197,0.0175,0.153688
-0.945327,-0.190653,0.328566,0.045,0.0063349
-0.934214,-0.205806,0.298617,0.025,0.0063349
-0.958649,-0.164779,0.295922,0.0125,0.0063349
-0.9087,-0.174751,0.317415,0.0225,0.0063349
-0.938031,-0.155461,0.334335,0.0175,0.0063349
-0.978867,-0.18297,0.34145,0.0175,0.0063349
-0.863746,-0.191339,0.258201,0.045,0.00377728
-0.843862,-0.218517,0.247429,0.025,0.00377728
-0.846759,-0.179716,0.219615,0.0125,0.00377728
-0.824376,-0.185542,0.269828,0.0225,0.00377728
-0.849363,-0.157901,0.258408,0.0175,0.00377728
-0.893652,-0.175398,0.244006,0.0175,0.00377728
-0.778946,-0.136977,0.233035,0.045,0.00585239
-0.796714,-0.167407,0.235918,0.025,0.00585239
-0.792692,-0.147142,0.192783,0.0125,0.00585239
-0.753654,-0.168907,0.225318,0.0225,0.00585239
-0.752821,-0.134078,0.207854,0.0175,0.00585239
-0.789098,-0.103302,0.222408,0.0175,0.00585239
-0.555067,-0.2816,0.210176,0.045,0.0115136
-0.56166,-0.305664,0.185126,0.025,0.0115136
-0.516236,-0.297198,0.197473,0.0125,0.0115136
-0.557303,-0.319381,0.227098,0.0225,0.0115136
-0.533455,-0.290573,0.238058,0.0175,0.0115136
-0.536652,-0.249809,0.209719,0.0175,0.0115136
-0.510261,-0.213231,0.390395,0.045,0.0596282
-0.488483,-0.241079,0.390876,0.025,0.0596282
-0.469824,-0.197409,0.385191,0.0125,0.0596282
-0.495851,-0.219254,0.428799,0.0225,0.0596282
-0.50313,-0.184838,0.412028,0.0175,0.0596282
-0.517821,-0.188168,0.364614,0.0175,0.0596282
-0.309563,-0.151317,0.323804,0.045,0.346632
-0.27673,-0.162343,0.316703,0.025,0.346632
-0.30616,-0.152803,0.28023,0.0125,0.346632
-0.284627,-0.118701,0.318041,0.0225,0.346632
-0.322046,-0.121282,0.307461,0.0175,0.346632
-0.3426,-0.165665,0.31655,0.0175,0.346632
-0.340594,-0.124903,0.243713,0.045,0.0333137
-0.332788,-0.124386,0.209234,0.025,0.0333137
-0.317038,-0.0886925,0.2369,0.0125,0.0333137
-0.303501,-0.142291,0.237349,0.0225,0.0333137
-0.313812,-0.120501,0.267969,0.0175,0.0333137
-0.359938,-0.10209,0.265054,0.0175,0.0333137
-0.252823,-0.153616,0.130177,0.045,0.0506805
-0.230529,-0.134792,0.110212,0.025,0.0506805
-0.239398,-0.1201,0.154855,0.0125,0.0506805
-0.213824,-0.165815,0.137179,0.0225,0.0506805
-0.242426,-0.163717,0.163567,0.0175,0.0506805
-0.285096,-0.145408,0.145705,0.0175,0.0506805
-0.922428,-0.0150385,0.285841,0.045,0.00195445
-0.903011,-0.0427589,0.296066,0.025,0.00195445
-0.900222,-0.028277,0.250568,0.0125,0.00195445
-0.884493,-0.00244458,0.296845,0.0225,0.00195445
-0.906241,0.0122871,0.268057,0.0175,0.00195445
-0.949399,-0.0114746,0.261145,0.0175,0.00195445
-0.804916,0.067338,0.380538,0.045,0.0160599
-0.791391,0.0346724,0.380419,0.025,0.0160599
-0.811981,0.0511647,0.340525,0.0125,0.0160599
-0.766044,0.0681792,0.36615,0.0225,0.0160599
-0.79564,0.090409,0.353955,0.0175,0.0160599
-0.839089,0.079992,0.375833,0.0175,0.0160599
-0.720487,0.0757494,0.239054,0.045,0.00585948
-0.721813,0.0545318,0.267304,0.025,0.00585948
-0.705119,0.0990206,0.27274,0.0125,0.00585948
-0.755979,0.0817782,0.259614,0.0225,0.00585948
-0.735043,0.10904,0.24125,0.0175,0.00585948
-0.69255,0.0921146,0.221683,0.0175,0.00585948
-0.550651,0.088006,0.278803,0.045,0.00694272
-0.554034,0.0804799,0.244424,0.025,0.00694272
-0.593086,0.0925475,0.269259,0.0125,0.00694272
-0.548665,0.122855,0.256435,0.0225,0.00694272
-0.564952,0.118928,0.291621,0.0175,0.00694272
-0.564431,0.0723316,0.309042,0.0175,0.00694272
-0.472886,0.0896969,0.32384,0.045,0.0646813
-0.472764,0.0855765,0.358954,0.025,0.0646813
-0.436512,0.0674512,0.333562,0.0125,0.0646813
-0.451085,0.120173,0.34158,0.0225,0.0646813
-0.443203,0.102995,0.307498,0.0175,0.0646813
-0.474006,0.0656284,0.296101,0.0175,0.0646813
-0.364798,0.107303,0.247469,0.045,0.0564157
-0.372874,0.0736209,0.240376,0.025,0.0564157
-0.326794,0.0859963,0.243691,0.0125,0.0564157
-0.366043,0.0853547,0.282618,0.0225,0.0564157
-0.341575,0.114591,0.274535,0.0175,0.0564157
-0.346429,0.132867,0.22852,0.0175,0.0564157
-0.308321,0.0466652,0.206211,0.045,0.0255851
-0.282111,0.0524554,0.229222,0.025,0.0255851
-0.327198,0.0596757,0.243452,0.0125,0.0255851
-0.301826,0.0127058,0.229087,0.0225,0.0255851
-0.336271,0.0255883,0.21619,0.0175,0.0255851
-0.333782,0.0687768,0.191622,0.0175,0.0255851
-0.945708,0.154001,0.357634,0.045,0.00225455
-0.940221,0.185341,0.342216,0.025,0.00225455
-0.965442,0.152238,0.318647,0.0125,0.00225455
-0.977643,0.179308,0.365279,0.0225,0.00225455
-0.979603,0.14084,0.359354,0.0175,0.00225455
-0.935855,0.119824,0.348421,0.0175,0.00225455
-0.82364,0.326986,0.246061,0.045,0.00322995
-0.799795,0.321723,0.271629,0.025,0.00322995
-0.792682,0.301238,0.228999,0.0125,0.00322995
-0.793042,0.35477,0.242801,0.0225,0.00322995
-0.81228,0.338077,0.213305,0.0175,0.00322995
-0.845623,0.30404,0.227616,0.0175,0.00322995
-0.681127,0.382836,0.208524,0.045,0.00931668
-0.700388,0.355499,0.197049,0.025,0.00931668
-0.659186,0.365483,0.174909,0.0125,0.00931668
-0.668126,0.347829,0.226529,0.0225,0.00931668
-0.645773,0.377822,0.215595,0.0175,0.00931668
-0.670643,0.414188,0.192488,0.0175,0.00931668
-0.611211,0.441776,0.186739,0.045,0.0144477
-0.589092,0.418138,0.172527,0.025,0.0144477
-0.589606,0.462608,0.15493,0.0125,0.0144477
-0.574003,0.444578,0.204807,0.0225,0.0144477
-0.598199,0.474146,0.197127,0.0175,0.0144477
-0.639484,0.460688,0.172848,0.0175,0.0144477
-0.501763,0.254077,0.31959,0.045,0.0135761
-0.533785,0.243539,0.330246,0.025,0.0135761
-0.514772,0.223423,0.291241,0.0125,0.0135761
-0.498291,0.220705,0.343941,0.0225,0.0135761
-0.476219,0.229018,0.312917,0.0175,0.0135761
-0.490023,0.270262,0.288764,0.0175,0.0135761
-0.490026,0.426661,0.288084,0.045,0.0272127
-0.471641,0.416663,0.31658,0.025,0.0272127
-0.448647,0.421464,0.274918,0.0125,0.0272127
-0.473103,0.459812,0.306344,0.0225,0.0272127
-0.477809,0.454474,0.268028,0.0175,0.0272127
-0.496875,0.410126,0.255996,0.0175,0.0272127
-0.378346,0.273615,0.190717,0.045,0.00836025
-0.375293,0.257198,0.159553,0.025,0.00836025
-0.410831,0.244393,0.188889,0.0125,0.00836025
-0.402359,0.292234,0.162512,0.0225,0.00836025
-0.410605,0.287488,0.200304,0.0175,0.00836025
-0.376349,0.261528,0.225357,0.0175,0.00836025
0.0407715,0.285489,0.0452623,0.045,0.0599245
0.0278746,0.311377,0.0249284,0.025,0.0599245
0.00840683,0.304132,0.0680099,0.0125,0.0599245
0.0592093,0.321402,0.0547008,0.0225,0.0599245
0.0499565,0.292959,0.0796838,0.0175,0.0599245
0.0257093,0.254848,0.0588362,0.0175,0.0599245
-0.88144,0.485251,0.211175,0.045,0.00144154
-0.861165,0.512781,0.220177,0.025,0.00144154
-0.891369,0.517538,0.183399,0.0125,0.00144154
-0.902085,0.510133,0.237126,0.0225,0.00144154
-0.917287,0.490226,0.20727,0.0175,0.00144154
-0.883679,0.465146,0.180503,0.0175,0.00144154
-0.799359,0.569098,0.188385,0.045,0.00265557
-0.782467,0.538041,0.187952,0.025,0.00265557
-0.759385,0.576974,0.172494,0.0125,0.00265557
-0.777397,0.564458,0.22324,0.0225,0.00265557
-0.783208,0.597791,0.203904,0.0175,0.00265557
-0.808948,0.592429,0.16167,0.0175,0.00265557
-0.672481,0.609283,0.202453,0.045,0.0098039
-0.676395,0.574167,0.201225,0.025,0.0098039
-0.632904,0.592159,0.209727,0.0125,0.0098039
-0.678677,0.594401,0.240648,0.0225,0.0098039
-0.655483,0.624189,0.230982,0.0175,0.0098039
-0.652898,0.632731,0.182039,0.0175,0.0098039
-0.50919,0.659273,0.136375,0.045,0.0093963
-0.482328,0.646139,0.155242,0.025,0.0093963
-0.487955,0.693592,0.153223,0.0125,0.0093963
-0.520464,0.655146,0.176057,0.0225,0.0093963
-0.531389,0.683639,0.151818,0.0175,0.0093963
-0.510347,0.681059,0.106812,0.0175,0.0093963
-0.374264,0.631553,0.142578,0.045,0.0351797
-0.379491,0.597168,0.148932,0.025,0.0351797
-0.35254,0.609782,0.111488,0.0125,0.0351797
-0.343196,0.616534,0.165556,0.0225,0.0351797
-0.340282,0.643669,0.137735,0.0175,0.0351797
-0.383051,0.653079,0.114128,0.0175,0.0351797
-0.379938,0.527458,0.20431,0.045,0.035123
-0.384005,0.558619,0.18811,0.025,0.035123
-0.339913,0.540647,0.192625,0.0125,0.035123
-0.38286,0.521823,0.163341,0.0225,0.035123
-0.360529,0.501402,0.187898,0.0175,0.035123
-0.362138,0.517608,0.234907,0.0175,0.035123
-0.315253,0.367545,0.288803,0.045,0.0891822
-0.328798,0.388082,0.263411,0.025,0.0891822
-0.301389,0.408193,0.297053,0.0125,0.0891822
-0.28798,0.371599,0.257843,0.0225,0.0891822
-0.279582,0.369328,0.295831,0.0175,0.0891822
-0.319618,0.367165,0.325283,0.0175,0.0891822
-0.955288,0.455371,0.252231,0.045,0.00144409
-0.961001,0.476092,0.224159,0.025,0.00144409
-0.923539,0.446364,0.223536,0.0125,0.00144409
-0.977631,0.434956,0.223897,0.0225,0.00144409
-0.950335,0.419671,0.247135,0.0175,0.00144409
-0.927372,0.45305,0.276006,0.0175,0.00144409
-0.877178,0.76397,0.128847,0.045,0.00070368
-0.846113,0.747516,0.132616,0.025,0.00070368
-0.854514,0.786933,0.158369,0.0125,0.00070368
-0.879002,0.737421,0.160636,0.0225,0.00070368
-0.896571,0.772144,0.158547,0.0175,0.00070368
-0.886093,0.797633,0.117129,0.0175,0.00070368
-0.705256,0.780076,0.156941,0.045,0.00521175
-0.715677,0.812535,0.166313,0.025,0.00521175
-0.74781,0.782703,0.147206,0.0125,0.00521175
-0.720842,0.779386,0.195352,0.0225,0.00521175
-0.724367,0.751342,0.168522,0.0175,0.00521175
-0.704192,0.762821,0.12452,0.0175,0.00521175
-0.486035,0.776437,0.131516,0.045,0.00517836
-0.49478,0.809505,0.14046,0.025,0.00517836
-0.468639,0.802515,0.101023,0.0125,0.00517836
-0.520776,0.78768,0.111883,0.0225,0.00517836
-0.492494,0.765012,0.0975633,0.0175,0.00517836
-0.453624,0.759467,0.128115,0.0175,0.00517836
-0.343799,0.856792,0.0482769,0.045,0.0099153
-0.330254,0.830001,0.066952,0.025,0.0099153
-0.304316,0.869854,0.061805,0.0125,0.0099153
-0.352056,0.862038,0.0885641,0.0225,0.0099153
-0.34399,0.890161,0.0628198,0.0175,0.0099153
-0.332967,0.873346,0.0173145,0.0175,0.0099153
-0.282421,0.762073,0.159019,0.045,0.0417003
-0.259086,0.786715,0.149109,0.025,0.0417003
-0.271529,0.752886,0.117673,0.0125,0.0417003
-0.302011,0.793255,0.139976,0.0225,0.0417003
-0.311235,0.755455,0.137782,0.0175,0.0417003
-0.279954,0.725564,0.162339,0.0175,0.0417003
-0.0165558,0.732185,0.106799,0.045,0.127224
0.00778855,0.708052,0.098143,0.025,0.127224
-0.00505955,0.712305,0.144016,0.0125,0.127224
-0.0346865,0.695439,0.100495,0.0225,0.127224
-0.0450942,0.722052,0.126995,0.0175,0.127224
-0.0153612,0.761915,0.128357,0.0175,0.127224
-0.00977707,0.490913,0.109374,0.045,0.103298
0.00936191,0.504209,0.0827858,0.025,0.103298
-0.0328972,0.524186,0.0929146,0.0125,0.103298
0.0134273,0.522436,0.123035,0.0225,0.103298
-0.0225775,0.513448,0.134935,0.0175,0.103298
-0.0429638,0.475187,0.110531,0.0175,0.103298
-0.955047,0.817441,0.122058,0.045,0.00175446
-0.948607,0.782705,0.123454,0.025,0.00175446
-0.923565,0.811882,0.151899,0.0125,0.00175446
-0.977574,0.800082,0.152223,0.0225,0.00175446
-0.961354,0.835509,0.153022,0.0175,0.00175446
-0.934064,0.84615,0.11281,0.0175,0.00175446
-0.797184,0.919652,0.124577,0.045,0.00183687
-0.793129,0.892737,0.102012,0.025,0.00183687
-0.759984,0.899588,0.135805,0.0125,0.00183687
-0.813066,0.885005,0.14089,0.0225,0.00183687
-0.794603,0.913293,0.160324,0.0175,0.00183687
-0.776989,0.949613,0.131246,0.0175,0.00183687
-0.669934,0.950429,0.210728,0.045,0.00455657
-0.653892,0.975609,0.229665,0.025,0.00455657
-0.677074,0.98813,0.189748,0.0125,0.00455657
-0.6969,0.967627,0.237106,0.0225,0.00455657
-0.704724,0.95504,0.201063,0.0175,0.00455657
-0.664892,0.938264,0.176426,0.0175,0.00455657
-0.422853,0.943476,0.131132,0.045,0.00408319
-0.451867,0.958046,0.117137,0.025,0.00408319
-0.450623,0.910626,0.123245,0.0125,0.00408319
-0.45065,0.951067,0.160939,0.0225,0.00408319
-0.426346,0.920648,0.159269,0.0175,0.00408319
-0.398553,0.919229,0.118032,0.0175,0.00408319
-0.198735,0.955415,0.0998659,0.045,0.0180473
-0.231515,0.953673,0.112997,0.025,0.0180473
-0.211562,0.913819,0.0956468,0.0125,0.0180473
-0.197422,0.944056,0.139716,0.0225,0.0180473
-0.173792,0.93153,0.11137,0.0175,0.0180473
-0.185165,0.949227,0.0662868,0.0175,0.0180473
-0.274201,0.862147,0.131313,0.045,0.0514596
-0.287837,0.836879,0.151943,0.025,0.0514596
-0.243555,0.852524,0.16099,0.0125,0.0514596
-0.291846,0.879174,0.164742,0.0225,0.0514596
-0.259564,0.891646,0.146823,0.0175,0.0514596
-0.24503,0.862803,0.108984,0.0175,0.0514596
-0.270458,0.870689,0.228215,0.045,0.171172
-0.27322,0.849611,0.199965,0.025,0.171172
-0.232887,0.874555,0.206171,0.0125,0.171172
-0.254054,0.833555,0.23662,0.0225,0.171172
-0.241055,0.867962,0.249499,0.0175,0.171172
-0.266184,0.907019,0.231664,0.0175,0.171172
-0.955092,-0.645874,0.245144,0.045,0.00159712
-0.924236,-0.651456,0.228812,0.025,0.00159712
-0.964326,-0.667619,0.208342,0.0125,0.00159712
-0.947955,-0.615648,0.217681,0.0225,0.00159712
-0.982617,-0.631188,0.226389,0.0175,0.00159712
-0.980316,-0.668781,0.258893,0.0175,0.00159712
-0.866181,-0.954607,0.150465,0.045,0.000872682
-0.893803,-0.934196,0.15886,0.025,0.000872682
-0.896283,-0.981091,0.16793,0.0125,0.000872682
-0.863362,-0.942571,0.190037,0.0225,0.000872682
-0.852548,-0.97712,0.17561,0.0175,0.000872682
-0.862392,-0.98277,0.127173,0.0175,0.000872682
-0.728535,-0.955198,0.239146,0.045,0.00231306
-0.731899,-0.944854,0.272787,0.025,0.00231306
-0.698073,-0.924526,0.245766,0.0125,0.00231306
-0.753113,-0.921882,0.241306,0.0225,0.00231306
-0.727695,-0.929991,0.2129,0.0175,0.00231306
-0.701021,-0.971232,0.220818,0.0175,0.00231306
-0.638929,-0.943909,0.218726,0.045,0.00336053
-0.669958,-0.933598,0.205276,0.025,0.00336053
-0.665608,-0.978468,0.221252,0.0125,0.00336053
-0.663856,-0.930763,0.249134,0.0225,0.00336053
-0.638296,-0.9601,0.251321,0.0175,0.00336053
-0.614878,-0.969734,0.208499,0.0175,0.00336053
-0.460401,-0.955053,0.251015,0.045,0.0146148
-0.448133,-0.923784,0.262048,0.025,0.0146148
-0.495284,-0.931708,0.26329,0.0125,0.0146148
-0.454689,-0.955791,0.292071,0.0225,0.0146148
-0.483223,-0.973643,0.272428,0.0175,0.0146148
-0.482862,-0.964523,0.223523,0.0175,0.0146148
-0.383418,-0.923837,0.216503,0.045,0.0218339
-0.366293,-0.906335,0.191,0.025,0.0218339
-0.387509,-0.947805,0.180154,0.0125,0.0218339
-0.409917,-0.899706,0.195664,0.0225,0.0218339
-0.417556,-0.934936,0.21047,0.0175,0.0218339
-0.378243,-0.956948,0.231564,0.0175,0.0218339
-0.130248,-0.954816,0.118889,0.045,0.0499217
-0.144324,-0.922932,0.11295,0.025,0.0499217
-0.128232,-0.93314,0.156817,0.0125,0.0499217
-0.100356,-0.927707,0.109387,0.0225,0.0499217
-0.0976349,-0.957037,0.134903,0.0175,0.0499217
-0.139973,-0.982414,0.14111,0.0175,0.0499217
0.00432491,-0.675278,0.0448494,0.045,0.0795305
-0.0269258,-0.688415,0.0348088,0.025,0.0795305
0.0128908,-0.711891,0.0225194,0.0125,0.0795305
-0.0088752,-0.703129,0.0725767,0.0225,0.0795305
0.028069,-0.697094,0.0617391,0.0175,0.0795305
0.0332926,-0.663051,0.025839,0.0175,0.0795305
-0.870625,-0.617026,0.195565,0.045,0.00339807
-0.89539,-0.596123,0.181434,0.025,0.00339807
-0.907069,-0.641055,0.192931,0.0125,0.00339807
-0.892652,-0.598877,0.225634,0.0225,0.00339807
-0.878123,-0.635032,0.226299,0.0175,0.00339807
-0.855284,-0.64841,0.184175,0.0175,0.00339807
-0.792065,-0.792315,0.173295,0.045,0.00282857
-0.82669,-0.795217,0.179828,0.025,0.00282857
-0.796913,-0.787892,0.216532,0.0125,0.00282857
-0.809498,-0.75471,0.174144,0.0225,0.00282857
-0.773832,-0.763892,0.186888,0.0175,0.00282857
-0.763131,-0.812379,0.183795,0.0175,0.00282857
-0.656217,-0.794493,0.206014,0.045,0.0033072
-0.685662,-0.797519,0.186679,0.025,0.0033072
-0.687834,-0.774148,0.228351,0.0125,0.0033072
-0.660817,-0.761065,0.181927,0.0225,0.0033072
-0.646299,-0.761617,0.218089,0.0175,0.0033072
-0.647317,-0.806468,0.23959,0.0175,0.0033072
-0.635563,-0.866735,0.287345,0.045,0.00791226
-0.669284,-0.87736,0.287276,0.025,0.00791226
-0.650163,-0.861843,0.328277,0.0125,0.00791226
-0.660623,-0.834222,0.281545,0.0225,0.00791226
-0.627269,-0.834329,0.3017,0.0175,0.00791226
-0.605763,-0.879072,0.304945,0.0175,0.00791226
-0.489532,-0.685437,0.175002,0.045,0.022706
-0.513333,-0.688937,0.200911,0.025,0.022706
-0.467211,-0.68403,0.212582,0.0125,0.022706
-0.501497,-0.648058,0.188359,0.0225,0.022706
-0.465725,-0.65794,0.176463,0.0175,0.022706
-0.460896,-0.70605,0.164752,0.0175,0.022706
-0.281341,-0.8385,0.198112,0.045,0.0381705
-0.248919,-0.834958,0.184464,0.025,0.0381705
-0.253533,-0.839513,0.23185,0.0125,0.0381705
-0.264549,-0.875854,0.191673,0.0225,0.0381705
-0.287901,-0.865846,0.221224,0.0175,0.0381705
-0.300778,-0.817793,0.221424,0.0175,0.0381705
-0.10108,-0.636184,0.13443,0.045,0.075584
-0.12394,-0.618071,0.114446,0.025,0.075584
-0.0778505,-0.618829,0.101693,0.0125,0.075584
-0.11468,-0.660024,0.103359,0.0225,0.075584
-0.0787642,-0.660117,0.118485,0.0175,0.075584
-0.0716604,-0.625894,0.153888,0.0175,0.075584
-0.953386,-0.273945,0.273822,0.045,0.00345041
-0.941245,-0.2913,0.302131,0.025,0.00345041
-0.918318,-0.296403,0.260468,0.0125,0.00345041
-0.923816,-0.251657,0.292465,0.0225,0.00345041
-0.930254,-0.253924,0.254097,0.0175,0.00345041
-0.966632,-0.285452,0.24154,0.0175,0.00345041
-0.818393,-0.571598,0.25773,0.045,0.00377998
-0.8136,-0.590836,0.287003,0.025,0.00377998
-0.810177,-0.612457,0.244478,0.0125,0.00377998
-0.778017,-0.573505,0.266946,0.0225,0.00377998
-0.793531,-0.57329,0.231196,0.0175,0.00377998
-0.843278,-0.57336,0.230755,0.0175,0.00377998
-0.76783,-0.627802,0.208914,0.045,0.00752913
-0.799562,-0.613207,0.203432,0.025,0.00752913
-0.783854,-0.617845,0.248368,0.0125,0.00752913
-0.76431,-0.586529,0.207214,0.0225,0.00752913
-0.743841,-0.610499,0.230131,0.0175,0.00752913
-0.757314,-0.658257,0.226574,0.0175,0.00752913
-0.656866,-0.636081,0.229606,0.045,0.00851464
-0.655142,-0.661112,0.204696,0.025,0.00851464
-0.640851,-0.671821,0.249065,0.0125,0.00851464
-0.6913,-0.659157,0.230338,0.0225,0.00851464
-0.673236,-0.643694,0.261214,0.0175,0.00851464
-0.631108,-0.6197,0.250055,0.0175,0.00851464
-0.543661,-0.615728,0.23129,0.045,0.0193021
-0.520683,-0.640438,0.241846,0.025,0.0193021
-0.512367,-0.594818,0.253559,0.0125,0.0193021
-0.553195,-0.628477,0.269569,0.0225,0.0193021
-0.556817,-0.592214,0.255764,0.0175,0.0193021
-0.540236,-0.586569,0.2092,0.0175,0.0193021
-0.421588,-0.579923,0.230709,0.045,0.0549215
-0.438814,-0.609085,0.240849,0.025,0.0549215
-0.416744,-0.609015,0.198418,0.0125,0.0549215
-0.395362,-0.60609,0.249315,0.0225,0.0549215
-0.3872,-0.58283,0.219131,0.0175,0.0549215
-0.426279,-0.556997,0.202382,0.0175,0.0549215
-0.300348,-0.528814,0.114999,0.045,0.07224
-0.327113,-0.505736,0.116019,0.025,0.07224
-0.32473,-0.536566,0.0795312,0.0125,0.07224
-0.333266,-0.546134,0.133307,0.0225,0.07224
-0.307643,-0.56414,0.110112,0.0175,0.07224
-0.273015,-0.533969,0.0909918,0.0175,0.07224
0.0543776,-0.436168,0.118342,0.045,0.110687
0.0722162,-0.418445,0.143195,0.025,0.110687
0.025137,-0.424749,0.148791,0.0125,0.110687
0.0659513,-0.462037,0.148601,0.0225,0.110687
0.0326943,-0.46364,0.128349,0.0175,0.110687
0.0270316,-0.426428,0.0958181,0.0175,0.110687
-0.853458,-0.360108,0.252143,0.045,0.00485716
-0.878705,-0.3354,0.250692,0.025,0.00485716
-0.868438,-0.355311,0.292949,0.0125,0.00485716
-0.837334,-0.322893,0.260733,0.0225,0.00485716
-0.826903,-0.356821,0.276821,0.0175,0.00485716
-0.854086,-0.395607,0.261599,0.0175,0.00485716
-0.768509,-0.336922,0.284907,0.045,0.0095676
-0.790019,-0.322172,0.261038,0.025,0.0095676
-0.779168,-0.297497,0.300546,0.0125,0.0095676
-0.746595,-0.313342,0.258783,0.0225,0.0095676
-0.739775,-0.318043,0.296863,0.0175,0.0095676
-0.773377,-0.346471,0.320051,0.0175,0.0095676
-0.67951,-0.360704,0.274475,0.045,0.00839249
-0.700966,-0.347146,0.299089,0.025,0.00839249
-0.655413,-0.332629,0.29779,0.0125,0.00839249
-0.6959,-0.325125,0.260902,0.0225,0.00839249
-0.659858,-0.338118,0.253771,0.0175,0.00839249
-0.648874,-0.380862,0.276735,0.0175,0.00839249
-0.559516,-0.385337,0.277781,0.045,0.0379666
-0.567049,-0.38422,0.312307,0.025,0.0379666
-0.601715,-0.396162,0.281597,0.0125,0.0379666
-0.555149,-0.42305,0.294436,0.0225,0.0379666
-0.568438,-0.415019,0.258693,0.0175,0.0379666
-0.572312,-0.36637,0.249032,0.0175,0.0379666
-0.423921,-0.358745,0.375268,0.045,0.519961
-0.446177,-0.366077,0.348794,0.025,0.519961
-0.459295,-0.376875,0.393502,0.0125,0.519961
-0.450676,-0.327481,0.370215,0.0225,0.519961
-0.436224,-0.340226,0.40409,0.0175,0.519961
-0.406729,-0.380056,0.399769,0.0175,0.519961
-0.234621,-0.39558,0.353594,0.045,0.488988
-0.266518,-0.396744,0.338387,0.025,0.488988
-0.237738,-0.43473,0.334355,0.0125,0.488988
-0.261886,-0.413368,0.379264,0.0225,0.488988
-0.224338,-0.422992,0.375223,0.0175,0.488988
-0.200582,-0.397291,0.339867,0.0175,0.488988
-0.241141,-0.223622,0.327833,0.045,0.293445
-0.274194,-0.211098,0.328644,0.025,0.293445
-0.245505,-0.197933,0.292712,0.0125,0.293445
-0.26598,-0.247777,0.305066,0.0225,0.293445
-0.228819,-0.239025,0.29724,0.0175,0.293445
-0.208366,-0.207094,0.329444,0.0175,0.293445
-0.947948,-0.0446777,0.366686,0.045,0.00591082
-0.944411,-0.0420637,0.401767,0.025,0.00591082
-0.924081,-0.00878607,0.374076,0.0125,0.00591082
-0.97759,-0.0201297,0.382098,0.0225,0.00591082
-0.959476,-0.0157251,0.347875,0.0175,0.00591082
-0.923508,-0.0490861,0.339608,0.0175,0.00591082
-0.82512,-0.151546,0.328729,0.045,0.00933942
-0.804136,-0.146329,0.300757,0.025,0.00933942
-0.827201,-0.18804,0.30472,0.0125,0.00933942
-0.847375,-0.137176,0.296839,0.0225,0.00933942
-0.859186,-0.163189,0.323345,0.0175,0.00933942
-0.82409,-0.175873,0.356245,0.0175,0.00933942
-0.732594,-0.182446,0.295048,0.045,0.0211715
-0.767437,-0.185698,0.29001,0.025,0.0211715
-0.74841,-0.202495,0.330549,0.0125,0.0211715
-0.752438,-0.150438,0.312382,0.0225,0.0211715
-0.720508,-0.167999,0.326196,0.0175,0.0211715
-0.70579,-0.207207,0.299343,0.0175,0.0211715
-0.66918,0.0764894,0.312638,0.045,0.00739903
-0.70013,0.0932604,0.309349,0.025,0.00739903
-0.663336,0.116588,0.329084,0.0125,0.00739903
-0.669804,0.0982269,0.277342,0.0225,0.00739903
-0.638928,0.0926617,0.30046,0.0175,0.00739903
-0.649084,0.0671513,0.341946,0.0175,0.00739903
-0.427684,0.0171909,0.359706,0.045,0.286999
-0.46302,0.0160627,0.359423,0.025,0.286999
-0.439762,-0.00171604,0.397245,0.0125,0.286999
-0.44305,0.0504212,0.379158,0.0225,0.286999
-0.41067,0.0309869,0.388778,0.0175,0.286999
-0.402088,-0.00915187,0.360667,0.0175,0.286999
-0.318854,0.0312834,0.293918,0.045,0.105942
-0.337361,0.0220921,0.265229,0.025,0.105942
-0.297206,-0.00185122,0.275318,0.0125,0.105942
-0.344898,0.000387525,0.303187,0.0225,0.105942
-0.309074,0.00548337,0.31766,0.0175,0.105942
-0.284778,0.0443199,0.298259,0.0175,0.105942
-0.0661535,-0.0254011,0.206033,0.045,0.191458
-0.0409192,-0.0193275,0.182026,0.025,0.191458
-0.0628805,0.0180432,0.20224,0.0125,0.191458
-0.0296759,-0.0198807,0.224945,0.0225,0.191458
-0.06448,-0.008338,0.238143,0.0175,0.191458
-0.102018,-0.0174538,0.206793,0.0175,0.191458
0.27186,0.0569773,0.139212,0.045,0.212648
0.255381,0.0523162,0.170142,0.025,0.212648
0.270776,0.0961232,0.158678,0.0125,0.212648
0.231446,0.0652509,0.135091,0.0225,0.212648
0.260708,0.0836391,0.117081,0.0175,0.212648
0.305894,0.0678998,0.130701,0.0175,0.212648
-0.857074,0.16317,0.346354,0.045,0.00378914
-0.884242,0.185779,0.345508,0.025,0.00378914
-0.845609,0.197231,0.371273,0.0125,0.00378914
-0.851074,0.191379,0.316572,0.0225,0.00378914
-0.823585,0.175499,0.339176,0.0175,0.00378914
-0.841316,0.14443,0.37375,0.0175,0.00378914
-0.796067,0.239731,0.320168,0.045,0.00634068
-0.802412,0.268623,0.300803,0.025,0.00634068
-0.757038,0.255492,0.308304,0.0125,0.00634068
-0.796952,0.22986,0.279913,0.0225,0.00634068
-0.773737,0.214177,0.307002,0.0175,0.00634068
-0.778562,0.234675,0.352075,0.0175,0.00634068
-0.641762,0.280109,0.265998,0.045,0.0164893
-0.671074,0.284835,0.285194,0.025,0.0164893
-0.629669,0.302019,0.301862,0.0125,0.0164893
-0.658641,0.316941,0.257205,0.0225,0.0164893
-0.620561,0.308797,0.25875,0.0175,0.0164893
-0.610426,0.262129,0.27269,0.0175,0.0164893
-0.557309,0.377118,0.219274,0.045,0.0165423
-0.543537,0.372465,0.251502,0.025,0.0165423
-0.51388,0.376403,0.214187,0.0125,0.0165423
-0.548107,0.413846,0.236158,0.0225,0.0165423
-0.544902,0.404317,0.198506,0.0175,0.0165423
-0.556048,0.356843,0.188658,0.0175,0.0165423
-0.404313,0.237638,0.357735,0.045,0.0551251
-0.393968,0.222902,0.327307,0.025,0.0551251
-0.44017,0.233888,0.332982,0.0125,0.0551251
-0.396128,0.26715,0.329791,0.0225,0.0551251
-0.424251,0.268077,0.356755,0.0175,0.0551251
-0.427535,0.226558,0.383964,0.0175,0.0551251
-0.512131,0.22189,0.229276,0.045,0.0301323
-0.498048,0.207283,0.258229,0.025,0.0301323
-0.470206,0.213733,0.219879,0.0125,0.0301323
-0.494341,0.251145,0.252652,0.0225,0.0301323
-0.495221,0.250114,0.213704,0.0175,0.0301323
-0.516867,0.209389,0.195052,0.0175,0.0301323
-0.324953,0.183921,0.272069,0.045,0.0250691
-0.327081,0.17454,0.306091,0.025,0.0250691
-0.300412,0.148004,0.27656,0.0125,0.0250691
-0.293256,0.200222,0.293242,0.0225,0.0250691
-0.292148,0.187001,0.256599,0.0175,0.0250691
-0.334941,0.166953,0.241047,0.0175,0.0250691
-0.894925,0.200972,0.26628,0.045,0.00366946
-0.918842,0.179623,0.281187,0.025,0.00366946
-0.903803,0.217892,0.305617,0.0125,0.00366946
-0.933153,0.215188,0.258846,0.0225,0.00366946
-0.901364,0.236785,0.265311,0.0175,0.00366946
-0.860647,0.210184,0.275774,0.0175,0.00366946
-0.784118,0.490003,0.242926,0.045,0.00337979
-0.781779,0.471948,0.273234,0.025,0.00337979
-0.813507,0.507601,0.270112,0.0125,0.00337979
-0.811964,0.459291,0.243277,0.0225,0.00337979
-0.816801,0.494634,0.227585,0.0175,0.00337979
-0.778286,0.525321,0.234644,0.0175,0.00337979
-0.696781,0.519279,0.241218,0.045,0.0124
-0.716105,0.523394,0.270537,0.025,0.0124
-0.668666,0.528803,0.273332,0.0125,0.0124
-0.706137,0.559322,0.246484,0.0225,0.0124
-0.672838,0.545119,0.232054,0.0175,0.0124
-0.67034,0.495433,0.232148,0.0175,0.0124
-0.613572,0.600177,0.277369,0.045,0.0110442
-0.600506,0.585883,0.24779,0.025,0.0110442
-0.587315,0.567544,0.289946,0.0125,0.0110442
-0.636979,0.568023,0.265665,0.0225,0.0110442
-0.628743,0.578429,0.302307,0.0175,0.0110442
-0.597622,0.617083,0.305826,0.0175,0.0110442
-0.461065,0.510596,0.247195,0.045,0.0393314
-0.435857,0.524741,0.267553,0.025,0.0393314
-0.444338,0.544139,0.224666,0.0125,0.0393314
-0.476734,0.5419,0.269407,0.0225,0.0393314
-0.486529,0.532339,0.232919,0.0175,0.0393314
-0.4601,0.494612,0.214126,0.0175,0.0393314
-0.403173,0.449589,0.166437,0.045,0.0153298
-0.392456,0.473717,0.142922,0.025,0.0153298
-0.401834,0.429361,0.127687,0.0125,0.0153298
-0.436023,0.467468,0.148549,0.0225,0.0153298
-0.43314,0.430154,0.159417,0.0175,0.0153298
-0.388553,0.417824,0.177717,0.0175,0.0153298
-0.389267,0.452988,0.255048,0.045,0.0224649
-0.416603,0.440791,0.273862,0.025,0.0224649
-0.373369,0.421655,0.281086,0.0125,0.0224649
-0.391444,0.47288,0.291356,0.0225,0.0224649
-0.358866,0.462913,0.272433,0.0175,0.0224649
-0.366848,0.436978,0.230736,0.0175,0.0224649
-0.306707,0.417298,0.203366,0.045,0.0409373
-0.296026,0.426553,0.235774,0.025,0.0409373
-0.270568,0.394084,0.211584,0.0125,0.0409373
-0.278646,0.447712,0.20086,0.0225,0.0409373
-0.282738,0.417996,0.175981,0.0175,0.0409373
-0.31782,0.385282,0.189172,0.0175,0.0409373
-0.872892,0.731017,0.229256,0.045,0.00209618
-0.864378,0.697513,0.22184,0.025,0.00209618
-0.853186,0.715079,0.264895,0.0125,0.00209618
-0.90282,0.70556,0.242486,0.0225,0.00209618
-0.890944,0.738275,0.26002,0.0175,0.00209618
-0.852545,0.760481,0.237494,0.0175,0.00209618
-0.692331,0.696063,0.191022,0.045,0.00566073
-0.670001,0.709025,0.215174,0.025,0.00566073
-0.664858,0.722468,0.169563,0.0125,0.00566073
-0.706154,0.732605,0.204892,0.0225,0.00566073
-0.709296,0.719068,0.168483,0.0175,0.00566073
-0.687191,0.675082,0.161301,0.0175,0.00566073
-0.620546,0.755136,0.197248,0.045,0.0060673
-0.650474,0.766606,0.212172,0.025,0.0060673
-0.615066,0.751338,0.240468,0.0125,0.0060673
-0.617014,0.79528,0.206979,0.0225,0.0060673
-0.588746,0.768518,0.208852,0.0175,0.0060673
-0.603729,0.722469,0.19745,0.0175,0.0060673
-0.376222,0.865561,0.286611,0.045,0.195985
-0.364274,0.864118,0.319855,0.025,0.195985
-0.353882,0.902548,0.293348,0.0125,0.195985
-0.402773,0.884741,0.312025,0.0225,0.195985
-0.394091,0.895271,0.275522,0.0175,0.195985
-0.359026,0.867165,0.25418,0.0175,0.195985
-0.324293,0.70539,0.103262,0.045,0.0403109
-0.348342,0.679733,0.0996032,0.025,0.0403109
-0.306307,0.67519,0.0772437,0.0125,0.0403109
-0.31762,0.675641,0.131355,0.0225,0.0403109
-0.290345,0.696545,0.112974,0.0175,0.0403109
-0.30851,0.728144,0.0791133,0.0175,0.0403109
-0.325062,0.696392,0.202282,0.045,0.0517373
-0.339738,0.719279,0.224882,0.025,0.0517373
-0.368159,0.695093,0.194969,0.0125,0.0517373
-0.336978,0.676602,0.236708,0.0225,0.0517373
-0.338223,0.662506,0.200397,0.0175,0.0517373
-0.324015,0.695077,0.165578,0.0175,0.0517373
-0.275232,0.613558,0.290398,0.045,0.187172
-0.240603,0.619019,0.294982,0.025,0.187172
-0.255757,0.601432,0.253166,0.0125,0.187172
-0.264784,0.650986,0.275951,0.0225,0.187172
-0.291476,0.627014,0.260731,0.0175,0.187172
-0.294858,0.583165,0.283987,0.0175,0.187172
-0.950073,0.747239,0.183715,0.045,0.00282545
-0.956562,0.72276,0.208386,0.025,0.00282545
-0.986884,0.759475,0.203908,0.0125,0.00282545
-0.97575,0.718403,0.168617,0.0225,0.00282545
-0.97663,0.756535,0.160621,0.0175,0.00282545
-0.943064,0.783245,0.185818,0.0175,0.00282545
-0.884714,0.955266,0.121872,0.045,0.000928304
-0.852518,0.960185,0.135627,0.025,0.000928304
-0.888092,0.946743,0.164632,0.0125,0.000928304
-0.864184,0.919267,0.123042,0.0225,0.000928304
-0.90239,0.924232,0.128906,0.0175,0.000928304
-0.916981,0.971783,0.127877,0.0175,0.000928304
-0.77249,0.831286,0.127064,0.045,0.00302877
-0.755731,0.856402,0.108669,0.025,0.00302877
-0.803549,0.856651,0.109615,0.0125,0.00302877
-0.767405,0.865037,0.150597,0.0225,0.00302877
-0.798106,0.841037,0.151016,0.0175,0.00302877
-0.795829,0.804718,0.117093,0.0175,0.00302877
-0.46465,0.870276,0.174502,0.045,0.0233314
-0.482193,0.863054,0.204337,0.025,0.0233314
-0.438392,0.844775,0.198433,0.0125,0.0233314
-0.454181,0.897462,0.203999,0.0225,0.0233314
-0.430566,0.882874,0.176645,0.0175,0.0233314
-0.452112,0.848905,0.147372,0.0175,0.0233314
-0.365265,0.947448,0.2026,0.045,0.10813
-0.365498,0.962677,0.234506,0.025,0.10813
-0.344749,0.985812,0.19815,0.0125,0.10813
-0.397908,0.972786,0.205938,0.0225,0.10813
-0.376747,0.966541,0.173814,0.0175,0.10813
-0.337956,0.936175,0.180756,0.0175,0.10813
-0.184041,0.892097,0.240275,0.045,0.169467
-0.176176,0.893408,0.27472,0.025,0.169467
-0.157249,0.926255,0.245558,0.0125,0.169467
-0.210021,0.91788,0.259742,0.0225,0.169467
-0.19589,0.922253,0.223688,0.0175,0.169467
-0.163341,0.887078,0.210336,0.0175,0.169467
-0.419917,0.955038,0.279694,0.045,0.044382
-0.384584,0.956153,0.280283,0.025,0.044382
-0.407067,0.924899,0.308659,0.0125,0.044382
-0.40444,0.926899,0.253475,0.0225,0.044382
-0.436519,0.92295,0.275249,0.0175,0.044382
-0.445315,0.961495,0.305447,0.0175,0.044382
-0.192837,0.72943,0.170894,0.045,0.106454
-0.174546,0.754374,0.153768,0.025,0.106454
-0.203662,0.725917,0.128668,0.0125,0.106454
-0.215812,0.763732,0.167121,0.0225,0.106454
-0.228754,0.727009,0.165502,0.0175,0.106454
-0.192805,0.692759,0.168608,0.0175,0.106454
-0.955216,-0.758822,0.227664,0.045,0.00268148
-0.971039,-0.790044,0.232647,0.025,0.00268148
-0.930854,-0.788518,0.206756,0.0125,0.00268148
-0.93864,-0.778002,0.260468,0.0225,0.00268148
-0.919653,-0.755694,0.234766,0.0175,0.00268148
-0.948084,-0.739242,0.197403,0.0175,0.00268148
-0.778298,-0.872915,0.28327,0.045,0.00402846
-0.760659,-0.903538,0.284317,0.025,0.00402846
-0.736044,-0.862699,0.288035,0.0125,0.00402846
-0.773041,-0.884869,0.322617,0.0225,0.00402846
-0.772419,-0.848226,0.309363,0.0175,0.00402846
-0.777215,-0.844514,0.259985,0.0175,0.00402846
-0.704403,-0.871928,0.215911,0.045,0.00223692
-0.675231,-0.883643,0.23209,0.025,0.00223692
-0.689219,-0.838551,0.239742,0.0125,0.00223692
-0.713892,-0.886004,0.253734,0.0225,0.00223692
-0.730223,-0.855572,0.23568,0.0175,0.00223692
-0.710052,-0.845129,0.191418,0.0175,0.00223692
-0.602312,-0.919743,0.352034,0.045,0.0177274
-0.601151,-0.947284,0.329895,0.025,0.0177274
-0.571219,-0.910693,0.322643,0.0125,0.0177274
-0.573411,-0.946716,0.364521,0.0225,0.0177274
-0.571387,-0.907885,0.367136,0.0175,0.0177274
-0.610217,-0.884222,0.346953,0.0175,0.0177274
-0.452807,-0.826248,0.26462,0.045,0.0334453
-0.454328,-0.825645,0.229302,0.025,0.0334453
-0.413346,-0.813482,0.250751,0.0125,0.0334453
-0.439257,-0.862294,0.249264,0.0225,0.0334453
-0.42551,-0.844049,0.280837,0.0175,0.0334453
-0.446835,-0.799962,0.289587,0.0175,0.0334453
-0.21544,-0.871435,0.135242,0.045,0.0231021
-0.189784,-0.887667,0.117123,0.025,0.0231021
-0.211677,-0.911515,0.152329,0.0125,0.0231021
-0.231821,-0.893408,0.104136,0.0225,0.0231021
-0.247454,-0.888237,0.139458,0.0175,0.0231021
-0.218717,-0.862254,0.170668,0.0175,0.0231021
-0.142851,-0.824762,0.105619,0.045,0.0351768
-0.118479,-0.815663,0.129561,0.025,0.0351768
-0.13466,-0.782257,0.0993999,0.0125,0.0351768
-0.161287,-0.809493,0.139468,0.0225,0.0351768
-0.173059,-0.804675,0.102631,0.0175,0.0351768
-0.142612,-0.824891,0.0688781,0.0175,0.0351768
-0.955157,-0.559906,0.288121,0.045,0.000928392
-0.974746,-0.584457,0.271888,0.025,0.000928392
-0.948068,-0.555032,0.245244,0.0125,0.000928392
-0.932429,-0.593903,0.281309,0.0225,0.000928392
-0.919858,-0.557049,0.279706,0.0175,0.000928392
-0.955568,-0.523184,0.28698,0.0175,0.000928392
-0.884048,-0.70618,0.21279,0.045,0.00415137
-0.85572,-0.716622,0.194392,0.025,0.00415137
-0.874752,-0.673776,0.184932,0.0125,0.00415137
-0.8495,-0.691845,0.230671,0.0225,0.00415137
-0.88376,-0.673389,0.228592,0.0175,0.00415137
-0.918434,-0.697995,0.20276,0.0175,0.00415137
-0.714615,-0.722957,0.210861,0.045,0.00486812
-0.68813,-0.719021,0.187773,0.025,0.00486812
-0.709484,-0.679905,0.205136,0.0125,0.00486812
-0.678818,-0.717848,0.23114,0.0225,0.00486812
-0.713692,-0.704388,0.242156,0.0175,0.00486812
-0.75014,-0.713665,0.209591,0.0175,0.00486812
-0.593791,-0.787446,0.277952,0.045,0.0037827
-0.599328,-0.766301,0.250163,0.025,0.0037827
-0.608596,-0.749551,0.293993,0.0125,0.0037827
-0.560329,-0.763924,0.27119,0.0225,0.0037827
-0.574046,-0.775078,0.30592,0.0175,0.0037827
-0.616353,-0.801142,0.303513,0.0175,0.0037827
-0.506117,-0.778825,0.332659,0.045,0.0570437
-0.520106,-0.810451,0.325306,0.025,0.0570437
-0.510117,-0.780774,0.289154,0.0125,0.0570437
-0.475959,-0.806077,0.324498,0.0225,0.0570437
-0.476056,-0.768267,0.315056,0.0175,0.0570437
-0.51811,-0.74455,0.327054,0.0175,0.0570437
-0.411956,-0.669265,0.217428,0.045,0.0854183
-0.412725,-0.703431,0.226489,0.025,0.0854183
-0.370565,-0.680869,0.225469,0.0125,0.0854183
-0.414046,-0.672914,0.258672,0.0225,0.0854183
-0.394412,-0.645674,0.238892,0.0175,0.0854183
-0.396091,-0.651417,0.189504,0.0175,0.0854183
-0.342909,-0.804507,0.410126,0.045,0.219712
-0.333598,-0.837013,0.399798,0.025,0.219712
-0.338059,-0.802779,0.366698,0.0125,0.219712
-0.301605,-0.807385,0.408004,0.0225,0.219712
-0.323035,-0.77608,0.399085,0.0175,0.219712
-0.372102,-0.783534,0.402519,0.0175,0.219712
0.139161,-0.558207,0.129749,0.045,0.0553422
0.151065,-0.580495,0.154478,0.025,0.0553422
0.16181,-0.534048,0.158313,0.0125,0.0553422
0.112751,-0.55931,0.161688,0.0225,0.0553422
0.121556,-0.528077,0.140106,0.0175,0.0553422
0.156399,-0.536519,0.105615,0.0175,0.0553422
-0.872438,-0.495186,0.285039,0.045,0.00202106
-0.875508,-0.528633,0.274001,0.025,0.00202106
-0.851652,-0.497499,0.246632,0.0125,0.00202106
-0.839259,-0.51707,0.296828,0.0225,0.00202106
-0.839487,-0.479731,0.285668,0.0175,0.00202106
-0.884085,-0.46331,0.270958,0.0175,0.00202106
-0.761043,-0.505838,0.280007,0.045,0.00838547
-0.726048,-0.507462,0.284778,0.025,0.00838547
-0.746,-0.465051,0.275253,0.0125,0.00838547
-0.751765,-0.4976,0.319565,0.0225,0.00838547
-0.780306,-0.481234,0.298677,0.0175,0.00838547
-0.781668,-0.496072,0.251211,0.0175,0.00838547
-0.697487,-0.445291,0.299203,0.045,0.00673148
-0.669463,-0.449042,0.32043,0.025,0.00673148
-0.666816,-0.417995,0.284145,0.0125,0.00673148
-0.698652,-0.416831,0.329327,0.0225,0.00673148
-0.710187,-0.411855,0.292436,0.0175,0.00673148
-0.702334,-0.451408,0.263299,0.0175,0.00673148
-0.704119,-0.539596,0.342644,0.045,0.00704295
-0.687903,-0.554351,0.37038,0.025,0.00704295
-0.661517,-0.530769,0.338206,0.0125,0.00704295
-0.699973,-0.511738,0.373066,0.0225,0.00704295
-0.697499,-0.504667,0.334822,0.0175,0.00704295
-0.701415,-0.545349,0.306455,0.0175,0.00704295
-0.462203,-0.49078,0.322759,0.045,0.0272441
-0.427264,-0.489563,0.328029,0.025,0.0272441
-0.449998,-0.44945,0.315315,0.0125,0.0272441
-0.454177,-0.479172,0.361741,0.0225,0.0272441
-0.483456,-0.466379,0.339429,0.0175,0.0272441
-0.482992,-0.484536,0.293114,0.0175,0.0272441
-0.470539,-0.399728,0.276239,0.045,0.0376369
-0.477094,-0.427566,0.297026,0.025,0.0376369
-0.475363,-0.434137,0.249683,0.0125,0.0376369
-0.43519,-0.419633,0.284783,0.0225,0.0376369
-0.444293,-0.402199,0.251139,0.0175,0.0376369
-0.490276,-0.383245,0.249995,0.0175,0.0376369
-0.429228,-0.49018,0.23919,0.045,0.0483037
-0.445125,-0.514821,0.219438,0.025,0.0483037
-0.400052,-0.522273,0.233595,0.0125,0.0483037
-0.446369,-0.518977,0.263596,0.0225,0.0483037
-0.412865,-0.500174,0.270132,0.0175,0.0483037
-0.399575,-0.469242,0.233504,0.0175,0.0483037
-0.955024,-0.275055,0.36878,0.045,0.00598846
-0.975216,-0.270384,0.340136,0.025,0.00598846
-0.928201,-0.276938,0.334291,0.0125,0.00598846
-0.966571,-0.311811,0.35347,0.0225,0.00598846
-0.93225,-0.303429,0.369919,0.0175,0.00598846
-0.927173,-0.25566,0.382858,0.0175,0.00598846
-0.809645,-0.245806,0.30481,0.045,0.00844983
-0.836206,-0.253095,0.282642,0.025,0.00844983
-0.802876,-0.221618,0.269009,0.0125,0.00844983
-0.798344,-0.275874,0.278601,0.0225,0.00844983
-0.775408,-0.247641,0.292585,0.0175,0.00844983
-0.799114,-0.214795,0.321467,0.0175,0.00844983
-0.753532,-0.245222,0.234164,0.045,0.0193218
-0.725152,-0.246521,0.213119,0.025,0.0193218
-0.723285,-0.219562,0.252581,0.0125,0.0193218
-0.727351,-0.274463,0.247516,0.0225,0.0193218
-0.7494,-0.251322,0.269811,0.0175,0.0193218
-0.775625,-0.21765,0.244248,0.0175,0.0193218
-0.652611,-0.17198,0.255597,0.045,0.00775647
-0.656493,-0.201125,0.235963,0.025,0.00775647
-0.660319,-0.158436,0.214736,0.0125,0.00775647
-0.616377,-0.182311,0.238302,0.0225,0.00775647
-0.629495,-0.146142,0.244505,0.0175,0.00775647
-0.675409,-0.144291,0.263569,0.0175,0.00775647
-0.482785,-0.0301504,0.301047,0.045,0.113969
-0.501275,-0.0478272,0.325453,0.025,0.113969
-0.454685,-0.0401231,0.333039,0.0125,0.113969
-0.496415,-0.00397602,0.330166,0.0225,0.113969
-0.462316,-0.00189179,0.311413,0.0175,0.113969
-0.454186,-0.039611,0.28001,0.0175,0.113969
-0.388671,-0.16068,0.365444,0.045,0.496336
-0.369541,-0.130995,0.363749,0.025,0.496336
-0.346717,-0.17301,0.364888,0.0125,0.496336
-0.379745,-0.151844,0.325935,0.0225,0.496336
-0.381948,-0.187424,0.341683,0.0175,0.496336
-0.390809,-0.18734,0.390637,0.0175,0.496336
-0.190827,-0.100801,0.231946,0.045,0.0776747
-0.171004,-0.129254,0.238836,0.025,0.0776747
-0.155474,-0.0863832,0.253271,0.0125,0.0776747
-0.199593,-0.11532,0.269776,0.0225,0.0776747
-0.198851,-0.0778626,0.259046,0.0175,0.0776747
-0.184685,-0.0706219,0.211909,0.0175,0.0776747
-0.220329,-0.0274773,0.144234,0.045,0.0309966
-0.200854,-0.00203075,0.159173,0.025,0.0309966
-0.225202,0.00809915,0.119272,0.0125,0.0309966
-0.243872,-0.00475655,0.169694,0.0225,0.0309966
-0.255069,-0.0205382,0.135867,0.0175,0.0309966
-0.218593,-0.0439325,0.111428,0.0175,0.0309966
-0.908314,0.0594759,0.364949,0.045,0.00265676
-0.900156,0.0377749,0.391642,0.025,0.00265676
-0.86595,0.0496285,0.360387,0.0125,0.00265676
-0.893037,0.0812738,0.396733,0.0225,0.00265676
-0.887429,0.0886654,0.358883,0.0175,0.00265676
-0.907956,0.0550655,0.328474,0.0175,0.00265676
-0.859035,-0.0154238,0.371189,0.045,0.00515656
-0.844867,-0.0106131,0.339156,0.025,0.00515656
-0.816294,-0.0237802,0.37518,0.0125,0.00515656
-0.857466,-0.0515175,0.350854,0.0225,0.00515656
-0.85213,-0.046346,0.38911,0.0175,0.00515656
-0.853518,0.00127119,0.403451,0.0175,0.00515656
-0.711944,0.156216,0.277881,0.045,0.00940336
-0.679913,0.148144,0.290487,0.025,0.00940336
-0.69073,0.135744,0.245579,0.0125,0.00940336
-0.684891,0.185994,0.267874,0.0225,0.00940336
-0.714536,0.173435,0.245916,0.0175,0.00940336
-0.739748,0.135446,0.265819,0.0175,0.00940336
-0.538976,0.0660791,0.389822,0.045,0.0570364
-0.553423,0.0417889,0.411065,0.025,0.0570364
-0.509268,0.0574236,0.420725,0.0125,0.0570364
-0.557391,0.0846032,0.422017,0.0225,0.0570364
-0.524503,0.0960651,0.404532,0.0175,0.0570364
-0.509184,0.0655805,0.368323,0.0175,0.0570364
-0.523902,0.167803,0.309539,0.045,0.0336353
-0.535327,0.145752,0.334703,0.025,0.0336353
-0.52172,0.189856,0.34724,0.0125,0.0336353
-0.564421,0.173618,0.316108,0.0225,0.0336353
-0.538273,0.20118,0.307425,0.0175,0.0336353
-0.491581,0.184361,0.303951,0.0175,0.0336353
-0.329091,0.10838,0.338945,0.045,0.21881
-0.303035,0.0851477,0.344542,0.025,0.21881
-0.294805,0.122403,0.3157,0.0125,0.21881
-0.304958,0.121413,0.370034,0.0225,0.21881
-0.322376,0.143881,0.343378,0.0175,0.21881
-0.347208,0.118413,0.308596,0.0175,0.21881
-0.175731,0.120912,0.306546,0.045,0.385038
-0.181672,0.115435,0.340966,0.025,0.385038
-0.149291,0.148224,0.328167,0.0125,0.385038
-0.204034,0.147816,0.320468,0.0225,0.385038
-0.176681,0.154933,0.293638,0.0175,0.385038
-0.145814,0.116749,0.285626,0.0175,0.385038
-0.948833,0.190316,0.43965,0.045,0.00551802
-0.93908,0.1583,0.428255,0.025,0.00551802
-0.928271,0.171019,0.473076,0.0125,0.00551802
-0.977656,0.162302,0.449809,0.0225,0.00551802
-0.966934,0.193128,0.471105,0.0175,0.00551802
-0.929586,0.219361,0.451308,0.0175,0.00551802
-0.788398,0.368136,0.32209,0.045,0.00846119
-0.793895,0.340948,0.344012,0.025,0.00846119
-0.749201,0.356816,0.337836,0.0125,0.00846119
-0.792685,0.381942,0.360946,0.0225,0.00846119
-0.76892,0.39659,0.333753,0.0175,0.00846119
-0.769218,0.371302,0.290911,0.0175,0.00846119
-0.731122,0.331174,0.262223,0.045,0.0088291
-0.752884,0.307142,0.248122,0.025,0.0088291
-0.712658,0.292151,0.269207,0.0125,0.0088291
-0.756986,0.316762,0.291242,0.0225,0.0088291
-0.719672,0.326707,0.296486,0.0175,0.0088291
-0.69638,0.340509,0.254749,0.0175,0.0088291
-0.584953,0.36466,0.307229,0.045,0.00840171
-0.593739,0.398389,0.313163,0.025,0.00840171
-0.586181,0.384192,0.26812,0.0125,0.00840171
-0.62597,0.369447,0.303556,0.0225,0.00840171
-0.603531,0.345668,0.282346,0.0175,0.00840171
-0.555,0.349067,0.292748,0.0175,0.00840171
-0.483047,0.42202,0.196735,0.045,0.0119217
-0.501399,0.431243,0.167958,0.025,0.0119217
-0.520375,0.439765,0.211026,0.0125,0.0119217
-0.475521,0.461675,0.187271,0.0225,0.0119217
-0.478011,0.446589,0.223117,0.0175,0.0119217
-0.489939,0.398298,0.223934,0.0175,0.0119217
-0.316884,0.454844,0.330186,0.045,0.0926246
-0.308863,0.4206,0.333795,0.025,0.0926246
-0.352176,0.435619,0.347432,0.0125,0.0926246
-0.329775,0.433717,0.296926,0.0225,0.0926246
-0.34783,0.464076,0.313391,0.0175,0.0926246
-0.32556,0.480933,0.35456,0.0175,0.0926246
-0.405875,0.332881,0.297907,0.045,0.0425325
-0.426388,0.313687,0.319374,0.025,0.0425325
-0.4349,0.360576,0.315315,0.0125,0.0425325
-0.439824,0.320431,0.277627,0.0225,0.0425325
-0.421534,0.354559,0.273212,0.0175,0.0425325
-0.383069,0.361016,0.304095,0.0175,0.0425325
-0.264839,0.243341,0.175144,0.045,0.0380433
-0.250865,0.268034,0.196239,0.025,0.0380433
-0.222204,0.245109,0.165571,0.0125,0.0380433
-0.264011,0.279865,0.155545,0.0225,0.0380433
-0.258276,0.244875,0.139373,0.0175,0.0380433
-0.258791,0.207245,0.171911,0.0175,0.0380433
-0.877384,0.3994,0.262452,0.045,0.00244372
-0.858939,0.415765,0.287789,0.025,0.00244372
-0.875592,0.441609,0.251153,0.0125,0.00244372
-0.90319,0.414933,0.29094,0.0225,0.00244372
-0.909698,0.412933,0.252568,0.0175,0.00244372
-0.871385,0.394849,0.22649,0.0175,0.00244372
-0.747642,0.618141,0.25079,0.045,0.00260571
-0.746364,0.583021,0.254652,0.025,0.00260571
-0.753128,0.610175,0.293439,0.0125,0.00260571
-0.785972,0.602386,0.249657,0.0225,0.00260571
-0.775516,0.636518,0.265291,0.0175,0.00260571
-0.726562,0.645257,0.263842,0.0175,0.00260571
-0.601124,0.695384,0.281003,0.045,0.048056
-0.579595,0.707527,0.255723,0.025,0.048056
-0.620884,0.687083,0.242883,0.0125,0.048056
-0.611894,0.73405,0.270624,0.0225,0.048056
-0.636162,0.705242,0.280623,0.0175,0.048056
-0.613538,0.661709,0.288868,0.0175,0.048056
-0.539307,0.590044,0.205777,0.045,0.0259762
-0.545291,0.56483,0.229828,0.025,0.0259762
-0.504867,0.563131,0.204323,0.0125,0.0259762
-0.521433,0.600289,0.241754,0.0225,0.0259762
-0.507423,0.607603,0.206131,0.0175,0.0259762
-0.535166,0.588955,0.169285,0.0175,0.0259762
-0.449468,0.590037,0.191009,0.045,0.0211399
-0.461129,0.556777,0.19379,0.025,0.0211399
-0.41943,0.56829,0.214189,0.0125,0.0211399
-0.470578,0.585364,0.226382,0.0225,0.0211399
-0.439086,0.607704,0.221094,0.0175,0.0211399
-0.419493,0.604536,0.175475,0.0175,0.0211399
-0.433435,0.593475,0.282221,0.045,0.0291296
-0.419351,0.586259,0.313836,0.025,0.0291296
-0.45322,0.6199,0.310905,0.0125,0.0291296
-0.456712,0.565449,0.302008,0.0225,0.0291296
-0.469661,0.593852,0.278676,0.0175,0.0291296
-0.433871,0.623946,0.261694,0.0175,0.0291296
-0.354304,0.530169,0.296638,0.045,0.065778
-0.386107,0.545194,0.300221,0.025,0.065778
-0.347469,0.569499,0.314498,0.0125,0.065778
-0.362536,0.55389,0.263649,0.0225,0.065778
-0.327668,0.548847,0.280309,0.0175,0.065778
-0.328681,0.520343,0.32107,0.0175,0.065778
-0.954897,0.372379,0.300611,0.045,0.00137702
-0.931291,0.361411,0.324537,0.025,0.00137702
-0.942181,0.407944,0.322655,0.0125,0.00137702
-0.973818,0.364845,0.336721,0.0225,0.00137702
-0.982731,0.393167,0.31148,0.0175,0.00137702
-0.952375,0.395457,0.272131,0.0175,0.00137702
-0.806022,0.771616,0.185143,0.045,0.00382011
-0.773323,0.779078,0.173959,0.025,0.00382011
-0.809506,0.782088,0.142827,0.0125,0.00382011
-0.799105,0.812402,0.187873,0.0225,0.00382011
-0.832833,0.795307,0.178444,0.0175,0.00382011
-0.830201,0.74572,0.175409,0.0175,0.00382011
-0.66661,0.839979,0.216639,0.045,0.0077269
-0.646867,0.851956,0.243411,0.025,0.0077269
-0.673865,0.883037,0.219069,0.0125,0.0077269
-0.689077,0.840904,0.251469,0.0225,0.0077269
-0.701956,0.848603,0.215502,0.0175,0.0077269
-0.666506,0.847255,0.180624,0.0175,0.0077269
-0.541207,0.823702,0.189857,0.045,0.0119341
-0.558221,0.797628,0.206611,0.025,0.0119341
-0.579992,0.839949,0.201867,0.0125,0.0119341
-0.565458,0.803216,0.163193,0.0225,0.0119341
-0.558177,0.841501,0.163019,0.0175,0.0119341
-0.529729,0.856831,0.200844,0.0175,0.0119341
-0.45658,0.786396,0.216832,0.045,0.0221259
-0.449391,0.7648,0.189778,0.025,0.0221259
-0.478371,0.802111,0.182326,0.0125,0.0221259
-0.424576,0.801205,0.195034,0.0225,0.0221259
-0.452374,0.822281,0.212407,0.0175,0.0221259
-0.487911,0.794972,0.234003,0.0175,0.0221259
-0.412031,0.709558,0.231004,0.045,0.0335595
-0.442728,0.719593,0.245391,0.025,0.0335595
-0.410193,0.75307,0.234987,0.0125,0.0335595
-0.43887,0.720029,0.201191,0.0225,0.0335595
-0.400391,0.726196,0.200793,0.0175,0.0335595
-0.377251,0.712203,0.24255,0.0175,0.0335595
-0.427466,0.691194,0.317377,0.045,0.0504138
-0.398352,0.676568,0.331105,0.025,0.0504138
-0.425067,0.704953,0.358819,0.0125,0.0504138
-0.437162,0.655782,0.336633,0.0225,0.0504138
-0.458977,0.688049,0.335327,0.0175,0.0504138
-0.43732,0.726143,0.311773,0.0175,0.0504138
-0.272649,0.573784,0.205926,0.045,0.0617159
-0.275919,0.540326,0.194977,0.025,0.0617159
-0.314258,0.568876,0.193394,0.0125,0.0617159
-0.266961,0.571705,0.164913,0.0225,0.0617159
-0.284342,0.600668,0.18435,0.0175,0.0617159
-0.2885,0.592543,0.233255,0.0175,0.0617159
-0.949632,0.946229,0.181804,0.045,0.000662105
-0.933746,0.975707,0.193147,0.025,0.000662105
-0.976946,0.979207,0.172924,0.0125,0.000662105
-0.962049,0.955045,0.220363,0.0225,0.000662105
-0.983911,0.939552,0.192066,0.0175,0.000662105
-0.960379,0.935171,0.148454,0.0175,0.000662105
-0.76729,0.955037,0.204048,0.045,0.00300752
-0.776381,0.921444,0.197816,0.025,0.00300752
-0.794607,0.943447,0.236172,0.0125,0.00300752
-0.802655,0.95373,0.182453,0.0225,0.00300752
-0.793461,0.9796,0.210111,0.0175,0.00300752
-0.749563,0.971115,0.231928,0.0175,0.00300752
-0.603486,0.885615,0.171676,0.045,0.00701703
-0.587525,0.89391,0.141238,0.025,0.00701703
-0.610964,0.92818,0.16498,0.0125,0.00701703
-0.565428,0.900238,0.179191,0.0225,0.00701703
-0.597117,0.906049,0.201119,0.0175,0.00701703
-0.638691,0.886367,0.182167,0.0175,0.00701703
-0.488913,0.955154,0.218343,0.045,0.0199929
-0.497961,0.958278,0.184308,0.025,0.0199929
-0.453487,0.944365,0.19508,0.0125,0.0199929
-0.501596,0.918517,0.203661,0.0225,0.0199929
-0.473194,0.92435,0.2297,0.0175,0.0199929
-0.4638,0.97232,0.238951,0.0175,0.0199929
-0.363794,0.871743,0.154161,0.045,0.0456863
-0.364949,0.873242,0.189466,0.025,0.0456863
-0.384874,0.835783,0.167391,0.0125,0.0456863
-0.331775,0.8509,0.170256,0.0225,0.0456863
-0.351696,0.841378,0.138144,0.0175,0.0456863
-0.390116,0.871485,0.128527,0.0175,0.0456863
-0.052412,0.945583,0.260818,0.045,0.494946
-0.0779008,0.921755,0.255114,0.025,0.494946
-0.0462637,0.930346,0.220289,0.0125,0.494946
-0.0386041,0.907609,0.270095,0.0225,0.494946
-0.0178301,0.936433,0.254083,0.0175,0.494946
-0.0442556,0.977482,0.24451,0.0175,0.494946
-0.168755,0.870606,0.123078,0.045,0.0647813
-0.172184,0.889617,0.0934667,0.025,0.0647813
-0.191416,0.845854,0.0950375,0.0125,0.0647813
-0.204689,0.891274,0.123623,0.0225,0.0647813
-0.19838,0.855597,0.13798,0.0175,0.0647813
-0.152326,0.838504,0.130115,0.0175,0.0647813
-0.954389,-0.71291,0.308201,0.045,0.00188927
-0.934081,-0.684027,0.306362,0.025,0.00188927
-0.94309,-0.70838,0.266197,0.0125,0.00188927
-0.977585,-0.679895,0.298676,0.0225,0.00188927
-0.982563,-0.716191,0.285388,0.0175,0.00188927
-0.947821,-0.748294,0.300795,0.0175,0.00188927
-0.924245,-0.903651,0.213321,0.045,0.00143168
-0.955098,-0.897193,0.229332,0.025,0.00143168
-0.917753,-0.910683,0.255993,0.0125,0.00143168
-0.925303,-0.864421,0.226684,0.0225,0.00143168
-0.894072,-0.88772,0.226002,0.0175,0.00143168
-0.903715,-0.933989,0.21047,0.0175,0.00143168
-0.842508,-0.95509,0.257451,0.045,0.00107981
-0.84497,-0.969035,0.225055,0.025,0.00107981
-0.879185,-0.978903,0.256983,0.0125,0.00107981
-0.865837,-0.930759,0.233316,0.0225,0.00107981
-0.871171,-0.937462,0.271334,0.0175,0.00107981
-0.839209,-0.970273,0.290746,0.0175,0.00107981
-0.684253,-0.9479,0.323774,0.045,0.0380936
-0.714349,-0.929984,0.318953,0.025,0.0380936
-0.704107,-0.946354,0.362709,0.0125,0.0380936
-0.678404,-0.907806,0.332549,0.0225,0.0380936
-0.661953,-0.938051,0.350807,0.0175,0.0380936
-0.67742,-0.9824,0.334407,0.0175,0.0380936
-0.412189,-0.886819,0.324124,0.045,0.0535658
-0.421203,-0.919787,0.315078,0.025,0.0535658
-0.448757,-0.896154,0.346219,0.0125,0.0535658
-0.439242,-0.885972,0.292721,0.0225,0.0535658
-0.437221,-0.860467,0.322118,0.0175,0.0535658
-0.402801,-0.87166,0.35625,0.0175,0.0535658
-0.359864,-0.955287,0.299178,0.045,0.0416991
-0.355534,-0.966467,0.265918,0.025,0.0416991
-0.37668,-0.924224,0.273394,0.0125,0.0416991
-0.324661,-0.939932,0.283567,0.0225,0.0416991
-0.348851,-0.921769,0.308136,0.0175,0.0416991
-0.389836,-0.947768,0.319057,0.0175,0.0416991
-0.259108,-0.9548,0.230618,0.045,0.0376319
-0.2464,-0.974992,0.256709,0.025,0.0376319
-0.217118,-0.962404,0.221049,0.0125,0.0376319
-0.241357,-0.931001,0.259553,0.0225,0.0376319
-0.240947,-0.924726,0.221093,0.0175,0.0376319
-0.263011,-0.960544,0.194538,0.0175,0.0376319
-0.0104332,-0.638248,0.125322,0.045,0.0936998
0.0137314,-0.656493,0.143576,0.025,0.0936998
-0.0300557,-0.651394,0.162128,0.0125,0.0936998
-0.0138773,-0.678686,0.116855,0.0225,0.0936998
-0.043157,-0.653109,0.11955,0.0175,0.0936998
-0.0288363,-0.607309,0.132674,0.0175,0.0936998
-0.874273,-0.651143,0.286217,0.045,0.00143593
-0.898999,-0.62878,0.297987,0.025,0.00143593
-0.856304,-0.629251,0.319539,0.0125,0.00143593
-0.86968,-0.614154,0.268066,0.0225,0.00143593
-0.841038,-0.638366,0.278657,0.0175,0.00143593
-0.856824,-0.679323,0.302073,0.0175,0.00143593
-0.797525,-0.736444,0.243052,0.045,0.00430055
-0.831176,-0.744942,0.236312,0.025,0.00430055
-0.82217,-0.707862,0.265148,0.0125,0.00430055
-0.81168,-0.713978,0.211215,0.0225,0.00430055
-0.786789,-0.701939,0.238679,0.0175,0.00430055
-0.777935,-0.735703,0.274127,0.0175,0.00430055
-0.731284,-0.797397,0.258327,0.045,0.00176456
-0.765267,-0.804732,0.251895,0.025,0.00176456
-0.743662,-0.826326,0.288697,0.0125,0.00176456
-0.755627,-0.772872,0.281233,0.0225,0.00176456
-0.721322,-0.787889,0.292022,0.0175,0.00176456
-0.701019,-0.81823,0.258225,0.0175,0.00176456
-0.579191,-0.823598,0.36878,0.045,0.0313351
-0.593861,-0.852521,0.382862,0.025,0.0313351
-0.617001,-0.810837,0.386671,0.0125,0.0313351
-0.605425,-0.840782,0.341664,0.0225,0.0313351
-0.599117,-0.802651,0.346663,0.0175,0.0313351
-0.567496,-0.792069,0.383584,0.0175,0.0313351
-0.472722,-0.717988,0.275504,0.045,0.0465649
-0.459174,-0.714395,0.243046,0.025,0.0465649
-0.430133,-0.709543,0.280736,0.0125,0.0465649
-0.457203,-0.75419,0.262569,0.0225,0.0465649
-0.456475,-0.740498,0.299049,0.0175,0.0465649
-0.475523,-0.694792,0.303861,0.0175,0.0465649
-0.38125,-0.827271,0.197171,0.045,0.0391196
-0.350883,-0.845186,0.199794,0.025,0.0391196
-0.389177,-0.861274,0.223506,0.0125,0.0391196
-0.38032,-0.857722,0.169052,0.0225,0.0391196
-0.411693,-0.845255,0.188521,0.0175,0.0391196
-0.401913,-0.809814,0.222036,0.0175,0.0391196
-0.121457,-0.726998,0.129718,0.045,0.0867835
-0.135726,-0.700634,0.148462,0.025,0.0867835
-0.122837,-0.740669,0.171235,0.0125,0.0867835
-0.0915197,-0.703064,0.145519,0.0225,0.0867835
-0.0901322,-0.741743,0.140958,0.0175,0.0867835
-0.13226,-0.761544,0.123403,0.0175,0.0867835
-0.955026,-0.36373,0.307457,0.045,0.00264276
-0.969431,-0.331577,0.310395,0.025,0.00264276
-0.936863,-0.345204,0.342662,0.0125,0.00264276
-0.931054,-0.335709,0.288511,0.0225,0.00264276
-0.918781,-0.367001,0.308232,0.0175,0.00264276
-0.955391,-0.393122,0.329503,0.0175,0.00264276
-0.779885,-0.589141,0.356368,0.045,0.00837451
-0.787654,-0.621403,0.368567,0.025,0.00837451
-0.816491,-0.584978,0.379931,0.0125,0.00837451
-0.80642,-0.607966,0.330672,0.0225,0.00837451
-0.805735,-0.569979,0.339349,0.0175,0.00837451
-0.771543,-0.557622,0.373308,0.0175,0.00837451
-0.725166,-0.616481,0.289275,0.045,0.0115195
-0.743627,-0.587228,0.29659,0.025,0.0115195
-0.699462,-0.591591,0.314421,0.0125,0.0115195
-0.715983,-0.586744,0.261887,0.0225,0.0115195
-0.691308,-0.613237,0.276309,0.0175,0.0115195
-0.711497,-0.643099,0.310597,0.0175,0.0115195
-0.63933,-0.673648,0.324413,0.045,0.0141672
-0.653183,-0.68858,0.295514,0.025,0.0141672
-0.682761,-0.670554,0.328494,0.0125,0.0141672
-0.646592,-0.644701,0.295636,0.0225,0.0141672
-0.650433,-0.640385,0.334177,0.0175,0.0141672
-0.641745,-0.681931,0.360128,0.0175,0.0141672
-0.538465,-0.575221,0.33662,0.045,0.0265472
-0.561951,-0.548805,0.335852,0.025,0.0265472
-0.577618,-0.593653,0.330311,0.0125,0.0265472
-0.554577,-0.569521,0.374391,0.0225,0.0265472
-0.544562,-0.603666,0.3585,0.0175,0.0265472
-0.528435,-0.600156,0.311568,0.0175,0.0265472
-0.428202,-0.560214,0.371222,0.045,0.26116
-0.402162,-0.579916,0.384778,0.025,0.26116
-0.435715,-0.562757,0.414228,0.0125,0.26116
-0.440159,-0.599846,0.373474,0.0225,0.26116
-0.462709,-0.568587,0.37923,0.0175,0.26116
-0.438283,-0.525318,0.376756,0.0175,0.26116
-0.326138,-0.638892,0.207488,0.045,0.0932095
-0.354049,-0.628107,0.226321,0.025,0.0932095
-0.310908,-0.627852,0.246968,0.0125,0.0932095
-0.329992,-0.597705,0.20474,0.0225,0.0932095
-0.296572,-0.617713,0.20599,0.0175,0.0932095
-0.302582,-0.666744,0.211888,0.0175,0.0932095
-0.267919,-0.260016,0.229287,0.045,0.072656
-0.233086,-0.265135,0.226045,0.025,0.072656
-0.251218,-0.22243,0.214427,0.0125,0.072656
-0.248509,-0.247395,0.263678,0.0225,0.072656
-0.279882,-0.230867,0.247513,0.0175,0.072656
-0.294146,-0.252051,0.204819,0.0175,0.072656
-0.875177,-0.305399,0.320025,0.045,0.00846402
-0.893853,-0.334766,0.326253,0.025,0.00846402
-0.84953,-0.331538,0.343931,0.0125,0.00846402
-0.894727,-0.302268,0.35645,0.0225,0.00846402
-0.85937,-0.288244,0.347968,0.0175,0.00846402
-0.843651,-0.29945,0.302117,0.0175,0.00846402
-0.727174,-0.35062,0.363508,0.045,0.00699498
-0.757724,-0.368139,0.360381,0.025,0.00699498
-0.719836,-0.391058,0.378456,0.0125,0.00699498
-0.748422,-0.348451,0.399041,0.0225,0.00699498
-0.709708,-0.351103,0.395441,0.0175,0.00699498
-0.694054,-0.355742,0.348447,0.0175,0.00699498
-0.601901,-0.321173,0.323928,0.045,0.0517938
-0.621324,-0.347736,0.310999,0.025,0.0517938
-0.589953,-0.357062,0.345876,0.0125,0.0517938
-0.635921,-0.326372,0.347045,0.0225,0.0517938
-0.600606,-0.316125,0.359953,0.0175,0.0517938
-0.565684,-0.315012,0.324539,0.0175,0.0517938
-0.593622,-0.173113,0.323307,0.045,0.016595
-0.573515,-0.180322,0.35148,0.025,0.016595
-0.581011,-0.134579,0.339696,0.0125,0.016595
-0.616782,-0.172696,0.35769,0.0225,0.016595
-0.621016,-0.14939,0.326744,0.0175,0.016595
-0.586514,-0.156086,0.291533,0.0175,0.016595
-0.498428,-0.327785,0.322308,0.045,0.0544993
-0.527456,-0.323061,0.302684,0.025,0.0544993
-0.496761,-0.286691,0.307439,0.0125,0.0544993
-0.489983,-0.335546,0.282468,0.0225,0.0544993
-0.466004,-0.318951,0.308321,0.0175,0.0544993
-0.486463,-0.311661,0.353079,0.0175,0.0544993
-0.30903,-0.26218,0.373407,0.045,0.200259
-0.275312,-0.271485,0.368254,0.025,0.200259
-0.28635,-0.224971,0.369715,0.0125,0.200259
-0.288919,-0.263115,0.409649,0.0225,0.200259
-0.316912,-0.237995,0.399444,0.0175,0.200259
-0.33301,-0.243572,0.352703,0.0175,0.200259
-0.133644,-0.255884,0.273994,0.045,0.20212
-0.145814,-0.22901,0.25451,0.025,0.20212
-0.166532,-0.271883,0.250016,0.0125,0.20212
-0.165409,-0.237609,0.293379,0.0225,0.20212
-0.157184,-0.275703,0.293439,0.0175,0.20212
-0.118281,-0.288021,0.264982,0.0175,0.20212
-0.955171,0.0205517,0.430965,0.045,0.00243093
-0.965089,-0.00257638,0.455799,0.025,0.00243093
-0.918557,0.00161165,0.445566,0.0125,0.00243093
-0.953097,0.0382416,0.468402,0.0225,0.00243093
-0.928782,0.044439,0.438584,0.0175,0.00243093
-0.938273,0.0163915,0.398605,0.0175,0.00243093
-0.870653,-0.222967,0.366823,0.045,0.0116645
-0.885209,-0.25518,0.36752,0.025,0.0116645
-0.8388,-0.250696,0.37818,0.0125,0.0116645
-0.883197,-0.231989,0.405294,0.0225,0.0116645
-0.851417,-0.211635,0.395573,0.0175,0.0116645
-0.843695,-0.208424,0.346531,0.0175,0.0116645
-0.702998,-0.106253,0.332068,0.045,0.0367438
-0.711028,-0.0741264,0.344455,0.025,0.0367438
-0.746417,-0.105481,0.337238,0.0125,0.0367438
-0.704703,-0.107083,0.373483,0.0225,0.0367438
-0.715855,-0.135589,0.349363,0.0175,0.0367438
-0.712174,-0.123864,0.301155,0.0175,0.0367438
-0.601484,0.12559,0.345211,0.045,0.0100345
-0.62508,0.138233,0.368307,0.025,0.0100345
-0.60597,0.0951148,0.376253,0.0125,0.0100345
-0.58194,0.144902,0.376256,0.0225,0.0100345
-0.569651,0.112987,0.357572,0.0175,0.0100345
-0.601587,0.0960154,0.323409,0.0175,0.0100345
-0.490191,0.147705,0.390493,0.045,0.133206
-0.462687,0.125759,0.387049,0.025,0.133206
-0.454509,0.172872,0.388065,0.0125,0.133206
-0.473854,0.139556,0.427715,0.0225,0.133206
-0.489121,0.173498,0.416156,0.0175,0.133206
-0.503844,0.173895,0.368637,0.0175,0.133206
-0.432188,0.161117,0.287794,0.045,0.0421129
-0.423673,0.155139,0.321584,0.025,0.0421129
-0.401764,0.129703,0.287518,0.0125,0.0421129
-0.399156,0.183864,0.298291,0.0225,0.0421129
-0.40561,0.167173,0.263671,0.0175,0.0421129
-0.447083,0.139756,0.261874,0.0175,0.0421129
-0.141376,-0.0290823,0.260211,0.045,0.139148
-0.164592,-0.0507865,0.2757,0.025,0.139148
-0.14913,-0.0613052,0.23168,0.0125,0.139148
-0.121319,-0.0598539,0.279436,0.0225,0.139148
-0.110996,-0.0430501,0.245823,0.0175,0.139148
-0.143128,-0.00864932,0.229725,0.0175,0.139148
-0.0991011,0.0584049,0.16308,0.045,0.345884
-0.108198,0.0781506,0.190961,0.025,0.345884
-0.074977,0.0442234,0.196687,0.0125,0.345884
-0.0732307,0.0906031,0.166652,0.0225,0.345884
-0.0638503,0.0546816,0.154802,0.0175,0.345884
-0.101642,0.022366,0.156391,0.0175,0.345884
-0.858087,0.303516,0.33299,0.045,0.00606659
-0.850924,0.329615,0.310239,0.025,0.00606659
-0.816784,0.297547,0.319915,0.0125,0.00606659
-0.865247,0.29081,0.294182,0.0225,0.00606659
-0.850993,0.269159,0.323282,0.0175,0.00606659
-0.843658,0.294392,0.365525,0.0175,0.00606659
-0.766521,0.145328,0.348441,0.045,0.0106351
-0.748776,0.128556,0.374012,0.025,0.0106351
-0.756598,0.175529,0.378473,0.0125,0.0106351
-0.792637,0.133607,0.37843,0.0225,0.0106351
-0.794825,0.166371,0.357442,0.0175,0.0106351
-0.757151,0.172481,0.325531,0.0175,0.0106351
-0.623943,0.40756,0.375605,0.045,0.0191897
-0.648823,0.393044,0.396105,0.025,0.0191897
-0.625991,0.432033,0.41179,0.0125,0.0191897
-0.660394,0.426145,0.368918,0.0225,0.0191897
-0.625384,0.443261,0.36865,0.0175,0.0191897
-0.58788,0.412742,0.380359,0.0175,0.0191897
-0.469207,0.28572,0.397076,0.045,0.0455216
-0.450602,0.300069,0.423494,0.025,0.0455216
-0.483382,0.326878,0.401264,0.0125,0.0455216
-0.490019,0.281909,0.432728,0.0225,0.0455216
-0.505509,0.288354,0.397553,0.0175,0.0455216
-0.471836,0.293916,0.361356,0.0175,0.0455216
-0.492123,0.343412,0.321374,0.045,0.0369528
-0.52378,0.340788,0.336895,0.025,0.0369528
-0.492177,0.305417,0.343027,0.0125,0.0369528
-0.49011,0.357942,0.36015,0.0225,0.0369528
-0.462146,0.338326,0.341388,0.0175,0.0369528
-0.475265,0.322963,0.295925,0.0175,0.0369528
-0.404663,0.413823,0.337165,0.045,0.0859148
-0.37667,0.393095,0.331106,0.025,0.0859148
-0.373771,0.439493,0.319866,0.0125,0.0859148
-0.378639,0.415426,0.369397,0.0225,0.0859148
-0.399997,0.444916,0.355508,0.0175,0.0859148
-0.426217,0.433462,0.31481,0.0175,0.0859148
-0.33003,0.280202,0.330338,0.045,0.055376
-0.339668,0.297049,0.300786,0.025,0.055376
-0.346259,0.318835,0.34285,0.0125,0.055376
-0.29925,0.304769,0.317385,0.0225,0.055376
-0.308892,0.297456,0.35443,0.0175,0.055376
-0.349075,0.268572,0.359527,0.0175,0.055376
-0.954593,0.248224,0.315342,0.045,0.00180359
-0.928432,0.233066,0.333669,0.025,0.00180359
-0.930944,0.280811,0.33241,0.0125,0.00180359
-0.965642,0.24424,0.355101,0.0225,0.00180359
-0.974953,0.273758,0.33142,0.0175,0.00180359
-0.954663,0.270489,0.286114,0.0175,0.00180359
-0.861621,0.484827,0.29871,0.045,0.0137604
-0.88432,0.48812,0.325615,0.025,0.0137604
-0.855592,0.524899,0.315153,0.0125,0.0137604
-0.896653,0.502671,0.285554,0.0225,0.0137604
-0.860594,0.510748,0.273174,0.0175,0.0137604
-0.824924,0.4856,0.297054,0.0175,0.0137604
-0.639198,0.431269,0.271491,0.045,0.0130893
-0.637682,0.463949,0.284897,0.025,0.0130893
-0.612302,0.454033,0.24559,0.0125,0.0130893
-0.667098,0.455548,0.252758,0.0225,0.0130893
-0.646458,0.427008,0.236077,0.0175,0.0130893
-0.613644,0.405336,0.266548,0.0175,0.0130893
-0.582721,0.516532,0.263697,0.045,0.0215095
-0.602262,0.491158,0.248719,0.025,0.0215095
-0.563555,0.478551,0.273825,0.0125,0.0215095
-0.610526,0.502185,0.290896,0.0225,0.0215095
-0.574209,0.513781,0.298981,0.0175,0.0215095
-0.547812,0.52695,0.258922,0.0175,0.0215095
-0.513999,0.541121,0.328062,0.045,0.0483494
-0.547365,0.544388,0.316835,0.025,0.0483494
-0.528479,0.579473,0.343291,0.0125,0.0483494
-0.514931,0.56239,0.292488,0.0225,0.0483494
-0.490674,0.568481,0.322375,0.0175,0.0483494
-0.49927,0.539204,0.361668,0.0175,0.0483494
-0.431923,0.505061,0.334544,0.045,0.0434149
-0.43102,0.540403,0.334129,0.025,0.0434149
-0.463926,0.517943,0.307667,0.0125,0.0434149
-0.458391,0.520215,0.362626,0.0225,0.0434149
-0.463577,0.48826,0.340929,0.0175,0.0434149
-0.427013,0.479869,0.308253,0.0175,0.0434149
-0.34503,0.613283,0.351147,0.045,0.120129
-0.324458,0.636562,0.334269,0.025,0.120129
-0.333321,0.643225,0.380793,0.0125,0.120129
-0.305171,0.602818,0.355672,0.0225,0.120129
-0.333278,0.59867,0.382346,0.0175,0.120129
-0.377435,0.616649,0.368134,0.0175,0.120129
0.195147,0.360949,0.111578,0.045,0.216379
0.184862,0.362015,0.0777682,0.025,0.216379
0.200527,0.320547,0.0957265,0.0125,0.216379
0.155353,0.349725,0.10854,0.0225,0.216379
0.181604,0.335126,0.133368,0.0175,0.216379
0.227458,0.353477,0.127394,0.0175,0.216379
-0.878971,0.576526,0.242071,0.045,0.00195846
-0.868997,0.551415,0.264874,0.025,0.00195846
-0.836788,0.568412,0.233871,0.0125,0.00195846
-0.862258,0.593886,0.275806,0.0225,0.00195846
-0.858903,0.606756,0.239175,0.0175,0.00195846
-0.880602,0.5774,0.205375,0.0175,0.00195846
-0.752975,0.82004,0.238556,0.045,0.00791451
-0.788129,0.816857,0.240566,0.025,0.00791451
-0.767115,0.853845,0.262425,0.0125,0.00791451
-0.770926,0.842253,0.208505,0.0225,0.00791451
-0.738671,0.851855,0.228155,0.0175,0.00791451
-0.72659,0.819679,0.264124,0.0175,0.00791451
-0.590194,0.816883,0.265216,0.045,0.03799
-0.588109,0.782073,0.259391,0.025,0.03799
-0.588873,0.797812,0.304549,0.0125,0.03799
-0.628129,0.800167,0.265694,0.0225,0.03799
-0.615562,0.829494,0.288072,0.0175,0.03799
-0.567496,0.840623,0.281685,0.0175,0.03799
-0.527444,0.728321,0.195184,0.045,0.00832194
-0.522387,0.717454,0.228445,0.025,0.00832194
-0.485483,0.736308,0.204567,0.0125,0.00832194
-0.532489,0.760074,0.221357,0.0225,0.00832194
-0.51681,0.761823,0.185722,0.0175,0.00832194
-0.512893,0.717648,0.163178,0.0175,0.00832194
-0.484115,0.656747,0.24016,0.045,0.0347394
-0.48421,0.683623,0.263131,0.025,0.0347394
-0.486931,0.69334,0.216379,0.0125,0.0347394
-0.523124,0.667481,0.249207,0.0225,0.0347394
-0.510002,0.655233,0.214615,0.0175,0.0347394
-0.460919,0.647227,0.213302,0.0175,0.0347394
-0.356365,0.770173,0.352262,0.045,0.224253
-0.33421,0.748294,0.369008,0.025,0.224253
-0.37521,0.730713,0.351764,0.0125,0.224253
-0.331594,0.751403,0.324824,0.0225,0.224253
-0.369032,0.760797,0.319449,0.0175,0.224253
-0.390787,0.780819,0.35946,0.0175,0.224253
-0.0925798,0.665634,0.314494,0.045,0.628411
-0.0625038,0.650264,0.304045,0.025,0.628411
-0.0957211,0.660467,0.271182,0.0125,0.628411
-0.0653855,0.694511,0.302439,0.0225,0.628411
-0.104002,0.695624,0.297315,0.0175,0.628411
-0.12767,0.654824,0.313134,0.0175,0.628411
-0.955164,0.651723,0.222137,0.045,0.000802906
-0.959618,0.682713,0.238562,0.025,0.000802906
-0.920285,0.676143,0.212157,0.0125,0.000802906
-0.973239,0.67884,0.196511,0.0225,0.000802906
-0.947272,0.651522,0.186603,0.0175,0.000802906
-0.929536,0.625568,0.225163,0.0175,0.000802906
-0.937466,0.858228,0.214194,0.045,0.00418476
-0.943417,0.891498,0.224571,0.025,0.00418476
-0.937386,0.882697,0.177949,0.0125,0.00418476
-0.977979,0.866723,0.211908,0.0225,0.00418476
-0.957723,0.844171,0.187416,0.0175,0.00418476
-0.908999,0.842292,0.197291,0.0175,0.00418476
-0.721495,0.90012,0.263453,0.045,0.0142121
-0.750894,0.902065,0.282994,0.025,0.0142121
-0.725669,0.861432,0.283411,0.0125,0.0142121
-0.712025,0.911625,0.30214,0.0225,0.0142121
-0.690647,0.888666,0.279018,0.0175,0.0142121
-0.711944,0.878687,0.235178,0.0175,0.0142121
-0.578779,0.955201,0.23461,0.045,0.00774898
-0.590536,0.966648,0.265927,0.025,0.00774898
-0.614493,0.979083,0.226443,0.0125,0.00774898
-0.607561,0.929212,0.24927,0.0225,0.00774898
-0.602043,0.938819,0.211907,0.0175,0.00774898
-0.566461,0.972863,0.204838,0.0175,0.00774898
-0.44669,0.949841,0.366699,0.045,0.068726
-0.46067,0.936518,0.337085,0.025,0.068726
-0.442792,0.980868,0.336127,0.0125,0.068726
-0.416952,0.932563,0.34355,0.0225,0.068726
-0.413436,0.964595,0.365467,0.0175,0.068726
-0.455731,0.978738,0.387513,0.0175,0.068726
-0.292442,0.866621,0.341166,0.045,0.23026
-0.286272,0.838203,0.361274,0.025,0.23026
-0.252869,0.872349,0.358874,0.0125,0.23026
-0.303795,0.874254,0.380301,0.0225,0.23026
-0.287866,0.89976,0.355513,0.0175,0.23026
-0.275446,0.880126,0.311522,0.0175,0.23026
-0.353922,0.795046,0.202085,0.045,0.0448635
-0.377579,0.799217,0.228026,0.025,0.0448635
-0.338751,0.772575,0.236398,0.0125,0.0448635
-0.342851,0.826784,0.226352,0.0225,0.0448635
-0.318776,0.801522,0.209001,0.0175,0.0448635
-0.342042,0.765375,0.183959,0.0175,0.0448635
-0.294211,0.7115,0.285251,0.045,0.112366
-0.323776,0.696663,0.297732,0.025,0.112366
-0.326788,0.725303,0.259546,0.0125,0.112366
-0.301976,0.676197,0.26495,0.0225,0.112366
-0.286613,0.708635,0.249767,0.0175,0.112366
-0.283616,0.746519,0.281873,0.0175,0.112366
-0.8779,-0.804688,0.226967,0.045,0.00425448
-0.856974,-0.83318,0.22642,0.025,0.00425448
-0.838236,-0.790682,0.215004,0.0125,0.00425448
-0.858325,-0.808558,0.263307,0.0225,0.00425448
-0.86706,-0.775142,0.245256,0.0175,0.00425448
-0.888429,-0.781207,0.200741,0.0175,0.00425448
-0.868433,-0.873663,0.285451,0.045,0.00210615
-0.842995,-0.881634,0.308676,0.025,0.00210615
-0.83435,-0.848035,0.275754,0.0125,0.00210615
-0.870226,-0.847815,0.317815,0.0225,0.00210615
-0.877686,-0.838788,0.280645,0.0175,0.00210615
-0.870247,-0.876321,0.24885,0.0175,0.00210615
-0.711849,-0.849544,0.339062,0.045,0.00926915
-0.686362,-0.832752,0.321216,0.025,0.00926915
-0.727569,-0.842315,0.298898,0.0125,0.00926915
-0.717528,-0.808549,0.341505,0.0225,0.00926915
-0.745477,-0.835608,0.33917,0.0175,0.00926915
-0.728295,-0.882015,0.334052,0.0175,0.00926915
-0.667719,-0.870861,0.414382,0.045,0.0286683
-0.676575,-0.904946,0.417507,0.025,0.0286683
-0.642477,-0.892835,0.386231,0.0125,0.0286683
-0.642493,-0.889606,0.44142,0.0225,0.0286683
-0.632605,-0.861469,0.416334,0.0175,0.0286683
-0.669617,-0.847273,0.386275,0.0175,0.0286683
-0.424542,-0.800611,0.367702,0.045,0.00686041
-0.403434,-0.8222,0.349307,0.025,0.00686041
-0.39764,-0.819274,0.396692,0.0125,0.00686041
-0.440259,-0.838974,0.367508,0.0225,0.00686041
-0.44185,-0.813545,0.396996,0.0175,0.00686041
-0.417727,-0.770924,0.388249,0.0175,0.00686041
-0.317629,-0.955355,0.162359,0.045,0.00633736
-0.305883,-0.927413,0.180561,0.025,0.00633736
-0.350737,-0.926828,0.16397,0.0125,0.00633736
-0.327743,-0.959274,0.202373,0.0225,0.00633736
-0.349235,-0.970668,0.171926,0.0175,0.00633736
-0.329408,-0.959185,0.127768,0.0175,0.00633736
-0.0366621,-0.854724,0.131824,0.045,0.0534139
-0.0279932,-0.887787,0.140864,0.025,0.0534139
-0.04959,-0.860016,0.173266,0.0125,0.0534139
-0.0688819,-0.88003,0.12548,0.0225,0.0534139
-0.0706353,-0.843096,0.137793,0.0175,0.0534139
-0.02613,-0.821971,0.144722,0.0175,0.0534139
-0.95462,-0.453524,0.30229,0.045,0.00139559
-0.959264,-0.486904,0.312974,0.025,0.00139559
-0.933268,-0.478763,0.273663,0.0125,0.00139559
-0.922886,-0.465247,0.326253,0.0225,0.00139559
-0.920909,-0.441752,0.295224,0.0175,0.00139559
-0.96428,-0.435793,0.271593,0.0175,0.00139559
-0.78901,-0.672225,0.320855,0.045,0.00541799
-0.800932,-0.69952,0.301806,0.025,0.00541799
-0.758297,-0.680778,0.290921,0.0125,0.00541799
-0.7744,-0.707773,0.336399,0.0225,0.00541799
-0.755444,-0.673758,0.334854,0.0175,0.00541799
-0.780726,-0.637559,0.311932,0.0175,0.00541799
-0.715649,-0.72072,0.302345,0.045,0.00589842
-0.693796,-0.747859,0.296351,0.025,0.00589842
-0.682366,-0.704848,0.278833,0.0125,0.00589842
-0.686045,-0.721713,0.331352,0.0225,0.00589842
-0.702091,-0.689758,0.315856,0.0175,0.00589842
-0.735083,-0.699154,0.279825,0.0175,0.00589842
-0.659016,-0.779926,0.359968,0.045,0.0565084
-0.643453,-0.784716,0.391351,0.025,0.0565084
-0.61602,-0.775605,0.353247,0.0125,0.0565084
-0.653101,-0.743342,0.378551,0.0225,0.0565084
-0.650509,-0.750483,0.340328,0.0175,0.0565084
-0.656896,-0.798315,0.328229,0.0175,0.0565084
-0.473855,-0.734828,0.404088,0.045,0.11421
-0.484137,-0.768274,0.399022,0.025,0.11421
-0.456613,-0.747429,0.365925,0.0125,0.11421
-0.444845,-0.76084,0.41825,0.0225,0.11421
-0.43856,-0.72651,0.40091,0.0175,0.11421
-0.480007,-0.703915,0.385206,0.0175,0.11421
-0.375091,-0.778112,0.283425,0.045,0.058038
-0.344177,-0.794982,0.286556,0.025,0.058038
-0.353707,-0.75876,0.3163,0.0125,0.058038
-0.378177,-0.808133,0.31185,0.0225,0.058038
-0.395708,-0.773348,0.313044,0.0175,0.058038
-0.383575,-0.7433,0.275296,0.0175,0.058038
-0.335026,-0.864684,0.264995,0.045,0.027053
-0.328558,-0.890511,0.288257,0.025,0.027053
-0.372995,-0.885442,0.271312,0.0125,0.027053
-0.326629,-0.899992,0.244954,0.0225,0.027053
-0.352239,-0.872754,0.233953,0.0175,0.027053
-0.356881,-0.835174,0.26622,0.0175,0.027053
-0.280572,-0.563506,0.235213,0.045,0.144219
-0.293033,-0.59353,0.249116,0.025,0.144219
-0.293583,-0.58825,0.201583,0.0125,0.144219
-0.25062,-0.592155,0.236155,0.0225,0.144219
-0.255984,-0.565296,0.208432,0.0175,0.144219
-0.296389,-0.537069,0.215191,0.0175,0.144219
-0.823665,-0.425873,0.315706,0.045,0.00392677
-0.791559,-0.435141,0.304161,0.025,0.00392677
-0.829693,-0.446544,0.277642,0.0125,0.00392677
-0.808934,-0.396831,0.290049,0.0225,0.00392677
-0.8461,-0.408122,0.2932,0.0175,0.00392677
-0.853201,-0.445571,0.32517,0.0175,0.00392677
-0.752694,-0.437278,0.369542,0.045,0.00658445
-0.74586,-0.47152,0.363996,0.025,0.00658445
-0.751399,-0.442772,0.326176,0.0125,0.00658445
-0.711899,-0.442979,0.364854,0.0225,0.00658445
-0.732455,-0.412236,0.352562,0.0175,0.00658445
-0.78137,-0.416032,0.360805,0.0175,0.00658445
-0.678314,-0.454809,0.422009,0.045,0.0319353
-0.651181,-0.468544,0.440041,0.025,0.0319353
-0.650422,-0.421934,0.429342,0.0125,0.0319353
-0.684466,-0.449924,0.462716,0.0225,0.0319353
-0.694589,-0.424817,0.434682,0.0175,0.0319353
-0.680519,-0.438741,0.389041,0.0175,0.0319353
-0.537464,-0.298674,0.397568,0.045,0.0729667
-0.556997,-0.325644,0.409444,0.025,0.0729667
-0.516365,-0.335223,0.386104,0.0125,0.0729667
-0.524005,-0.310496,0.434955,0.0225,0.0729667
-0.501944,-0.297746,0.405469,0.0175,0.0729667
-0.527396,-0.288412,0.363755,0.0175,0.0729667
-0.3822,-0.48355,0.381008,0.045,0.36947
-0.372579,-0.473094,0.413383,0.025,0.36947
-0.338679,-0.487431,0.382842,0.0125,0.36947
-0.371988,-0.443374,0.380441,0.0225,0.36947
-0.365347,-0.469263,0.35208,0.0175,0.36947
-0.379156,-0.515684,0.363455,0.0175,0.36947
-0.284608,-0.468746,0.329242,0.045,0.363167
-0.265665,-0.478684,0.301092,0.025,0.363167
-0.266762,-0.432338,0.312856,0.0125,0.363167
-0.245176,-0.475204,0.340294,0.0225,0.363167
-0.268955,-0.447841,0.354598,0.0175,0.363167
-0.313721,-0.446636,0.332929,0.0175,0.363167
-0.263214,-0.397807,0.262763,0.045,0.252626
-0.250941,-0.428771,0.274621,0.025,0.252626
-0.23728,-0.388637,0.296761,0.0125,0.252626
-0.28737,-0.41179,0.293418,0.0225,0.252626
-0.278283,-0.374555,0.28637,0.0175,0.252626
-0.246458,-0.368314,0.248644,0.0175,0.252626
-0.948437,-0.192355,0.418145,0.045,0.0176025
-0.93507,-0.167381,0.439303,0.025,0.0176025
-0.950277,-0.208312,0.458821,0.0125,0.0176025
-0.908024,-0.199219,0.424349,0.0225,0.0176025
-0.935745,-0.226373,0.42074,0.0175,0.0176025
-0.981686,-0.207857,0.416091,0.0175,0.0176025
-0.790451,-0.289239,0.381044,0.045,0.01118
-0.770944,-0.291028,0.410477,0.025,0.01118
-0.763529,-0.254788,0.38016,0.0125,0.01118
-0.807905,-0.266485,0.410984,0.0225,0.01118
-0.807399,-0.258061,0.372937,0.0175,0.01118
-0.781638,-0.29051,0.345397,0.0175,0.01118
-0.712257,-0.266749,0.321725,0.045,0.0282148
-0.711798,-0.251904,0.28964,0.025,0.0282148
-0.697614,-0.297359,0.294136,0.0125,0.0282148
-0.747632,-0.275085,0.301778,0.0225,0.0282148
-0.728678,-0.298943,0.326074,0.0175,0.0282148
-0.685663,-0.280547,0.342993,0.0175,0.0282148
-0.624585,-0.0917206,0.373614,0.045,0.0313627
-0.623598,-0.0727841,0.403454,0.025,0.0313627
-0.585326,-0.0724875,0.374772,0.0125,0.0313627
-0.636174,-0.0526574,0.365964,0.0225,0.0313627
-0.615594,-0.0756864,0.342197,0.0175,0.0313627
-0.604584,-0.120128,0.361657,0.0175,0.0313627
-0.548288,-0.0467491,0.423346,0.045,0.272627
-0.572055,-0.0725157,0.418737,0.025,0.272627
-0.568315,-0.0521425,0.461847,0.0125,0.272627
-0.585203,-0.030415,0.413899,0.0225,0.272627
-0.558926,-0.0153803,0.43844,0.0175,0.272627
-0.518714,-0.0439357,0.444967,0.0175,0.272627
-0.284208,-0.0830288,0.376267,0.045,0.471759
-0.256392,-0.104031,0.3822,0.025,0.471759
-0.262059,-0.0651467,0.409466,0.0125,0.471759
-0.293349,-0.110581,0.405866,0.0225,0.471759
-0.305518,-0.0735949,0.40423,0.0175,0.471759
-0.286918,-0.0478781,0.365919,0.0175,0.471759
-0.209575,-0.136493,0.342243,0.045,0.337731
-0.224304,-0.163376,0.35986,0.025,0.337731
-0.187036,-0.172321,0.33125,0.0125,0.337731
-0.1894,-0.142771,0.377913,0.0225,0.337731
-0.173522,-0.131812,0.344053,0.0175,0.337731
-0.205913,-0.129461,0.306366,0.0175,0.337731
-0.106938,-0.116195,0.191199,0.045,0.122641
-0.0829022,-0.0931657,0.203112,0.025,0.122641
-0.116907,-0.108452,0.23307,0.0125,0.122641
-0.0756379,-0.136502,0.209273,0.0225,0.122641
-0.113274,-0.146568,0.210234,0.0175,0.122641
-0.14344,-0.114184,0.187511,0.0175,0.122641
-0.872877,0.136106,0.430434,0.045,0.00407704
-0.839136,0.140237,0.440153,0.025,0.00407704
-0.867373,0.17879,0.438196,0.0125,0.00407704
-0.869819,0.134931,0.471762,0.0225,0.00407704
-0.899135,0.150352,0.451232,0.0175,0.00407704
-0.892199,0.149042,0.401986,0.0175,0.00407704
-0.794941,-0.0786934,0.372043,0.045,0.00474337
-0.779102,-0.108788,0.362377,0.025,0.00474337
-0.819055,-0.0955268,0.339675,0.0125,0.00474337
-0.76923,-0.0715827,0.340307,0.0225,0.00474337
-0.803595,-0.0542691,0.346478,0.0175,0.00474337
-0.828127,-0.0716101,0.386132,0.0175,0.00474337
-0.690913,0.164482,0.39315,0.045,0.0249198
-0.674148,0.133954,0.399231,0.025,0.0249198
-0.663658,0.158415,0.359492,0.0125,0.0249198
-0.654935,0.171705,0.412441,0.0225,0.0249198
-0.671344,0.194097,0.38509,0.0175,0.0249198
-0.713433,0.17542,0.366258,0.0175,0.0249198
-0.609746,0.169008,0.26563,0.045,0.0225613
-0.60756,0.204285,0.26652,0.025,0.0225613
-0.601717,0.179863,0.307226,0.0125,0.0225613
-0.570191,0.180827,0.261823,0.0225,0.0225613
-0.583121,0.149262,0.280669,0.0175,0.0225613
-0.632696,0.145221,0.281676,0.0175,0.0225613
-0.248169,0.277696,0.368617,0.045,0.477331
-0.213149,0.277785,0.363759,0.025,0.477331
-0.234517,0.236851,0.376224,0.0125,0.477331
-0.239256,0.266395,0.329738,0.0225,0.477331
-0.268298,0.252517,0.351709,0.0175,0.477331
-0.269058,0.27068,0.398018,0.0175,0.477331
-0.290152,0.193456,0.363441,0.045,0.24417
-0.299313,0.226277,0.372866,0.025,0.24417
-0.258903,0.219917,0.348084,0.0125,0.24417
-0.311365,0.211574,0.332775,0.0225,0.24417
-0.281573,0.186783,0.328701,0.0175,0.24417
-0.26113,0.17251,0.371752,0.0175,0.24417
-0.217141,0.0296917,0.316257,0.045,0.496398
-0.23031,0.0532835,0.293453,0.025,0.496398
-0.248953,0.00924668,0.29429,0.0125,0.496398
-0.249957,0.0487276,0.332975,0.0225,0.496398
-0.239969,0.0113821,0.337905,0.0175,0.496398
-0.20019,-0.00255452,0.311478,0.0175,0.496398
-0.947443,0.108745,0.477482,0.045,0.0107868
-0.929081,0.0789,0.472776,0.025,0.0107868
-0.93267,0.0969556,0.516919,0.0125,0.0107868
-0.971876,0.075914,0.48411,0.0225,0.0107868
-0.973111,0.109828,0.503269,0.0175,0.0107868
-0.937811,0.142087,0.489546,0.0175,0.0107868
-0.812141,0.341463,0.411172,0.045,0.0167313
-0.815499,0.306274,0.411871,0.025,0.0167313
-0.824151,0.330985,0.451896,0.0125,0.0167313
-0.851555,0.33087,0.403883,0.0225,0.0167313
-0.839361,0.362072,0.423795,0.0175,0.0167313
-0.789967,0.364571,0.429181,0.0175,0.0167313
-0.73364,0.240482,0.255564,0.045,0.00819134
-0.736216,0.222282,0.285765,0.025,0.00819134
-0.69351,0.225566,0.264485,0.0125,0.00819134
-0.724493,0.265033,0.287694,0.0225,0.00819134
-0.707883,0.266015,0.252454,0.0175,0.00819134
-0.724114,0.230637,0.221471,0.0175,0.00819134
-0.562794,0.458793,0.330068,0.045,0.0150422
-0.56391,0.467013,0.364436,0.025,0.0150422
-0.56543,0.502389,0.332284,0.0125,0.0150422
-0.602187,0.462374,0.34248,0.0225,0.0150422
-0.58792,0.472745,0.307729,0.0175,0.0150422
-0.538714,0.466761,0.303484,0.0175,0.0150422
-0.485939,0.433466,0.382756,0.045,0.105921
-0.509591,0.429596,0.408748,0.025,0.105921
-0.513948,0.466849,0.379072,0.0125,0.105921
-0.519036,0.412769,0.368793,0.0225,0.105921
-0.497764,0.438508,0.348701,0.0175,0.105921
-0.461515,0.459869,0.375249,0.0175,0.105921
-0.397729,0.471694,0.411777,0.045,0.268286
-0.367671,0.490307,0.411599,0.025,0.268286
-0.407444,0.510722,0.394604,0.0125,0.268286
-0.395197,0.494797,0.446108,0.0225,0.268286
-0.427661,0.486591,0.426171,0.0175,0.268286
-0.419815,0.460092,0.384804,0.0175,0.268286
-0.134476,0.491561,0.294287,0.045,0.565972
-0.147408,0.458783,0.297172,0.025,0.565972
-0.17586,0.495731,0.307794,0.0125,0.565972
-0.153928,0.480899,0.259263,0.0225,0.565972
-0.153246,0.516371,0.275389,0.0175,0.565972
-0.129185,0.518333,0.318888,0.0175,0.565972
0.131186,0.277544,0.12243,0.045,0.0162215
0.0984155,0.280988,0.109616,0.025,0.0162215
0.112838,0.237905,0.124559,0.0125,0.0162215
0.104514,0.284303,0.15344,0.0225,0.0162215
0.13595,0.261302,0.154656,0.0175,0.0162215
0.160158,0.257861,0.11133,0.0175,0.0162215
-0.871985,0.38989,0.353816,0.045,0.00514294
-0.848277,0.396344,0.379238,0.025,0.00514294
-0.887535,0.42357,0.376976,0.0125,0.00514294
-0.882555,0.369722,0.388461,0.0225,0.00514294
-0.907025,0.386031,0.362888,0.0175,0.00514294
-0.884334,0.410157,0.325767,0.0175,0.00514294
-0.734429,0.420453,0.273005,0.045,0.00606721
-0.756307,0.428886,0.299468,0.025,0.00606721
-0.709901,0.422538,0.309152,0.0125,0.00606721
-0.734577,0.461519,0.278691,0.0225,0.00606721
-0.703905,0.439759,0.26847,0.0175,0.00606721
-0.713441,0.390964,0.266689,0.0175,0.00606721
-0.690668,0.572117,0.313646,0.045,0.0266091
-0.699049,0.581662,0.346641,0.025,0.0266091
-0.667089,0.607854,0.322557,0.0125,0.0266091
-0.721008,0.60036,0.312924,0.0225,0.0266091
-0.691953,0.597057,0.287163,0.0175,0.0266091
-0.659073,0.561406,0.29825,0.0175,0.0266091
-0.534538,0.62884,0.30906,0.045,0.0590007
-0.546898,0.616843,0.339936,0.025,0.0590007
-0.52151,0.657375,0.339533,0.0125,0.0590007
-0.571054,0.646554,0.31752,0.0225,0.0590007
-0.540761,0.663486,0.299789,0.0175,0.0590007
-0.500453,0.634505,0.296566,0.0175,0.0590007
-0.459518,0.601028,0.369037,0.045,0.0542858
-0.484785,0.620134,0.384738,0.025,0.0542858
-0.462397,0.586349,0.410131,0.0125,0.0542858
-0.442617,0.633341,0.388759,0.0225,0.0542858
-0.427139,0.59774,0.385339,0.0175,0.0542858
-0.456483,0.565115,0.361895,0.0175,0.0542858
-0.364079,0.690058,0.393538,0.045,0.164381
-0.329974,0.698375,0.397737,0.025,0.164381
-0.362214,0.733669,0.396194,0.0125,0.164381
-0.355302,0.693818,0.433882,0.0225,0.164381
-0.388639,0.704042,0.416479,0.0175,0.164381
-0.388387,0.697866,0.367115,0.0175,0.164381
-0.221079,0.43588,0.290086,0.045,0.259746
-0.214143,0.457042,0.262626,0.025,0.259746
-0.258664,0.455865,0.280063,0.0125,0.259746
-0.212036,0.474029,0.303562,0.0225,0.259746
-0.238138,0.449645,0.319146,0.0175,0.259746
-0.24347,0.407019,0.294054,0.0175,0.259746
-0.955117,0.502604,0.328552,0.045,0.000972464
-0.937765,0.527573,0.310514,0.025,0.000972464
-0.985556,0.529069,0.311653,0.0125,0.000972464
-0.949058,0.535808,0.352626,0.0225,0.000972464
-0.980382,0.512623,0.352766,0.0175,0.000972464
-0.979187,0.476833,0.318232,0.0175,0.000972464
-0.847604,0.659385,0.277906,0.045,0.00516917
-0.852834,0.63317,0.301046,0.025,0.00516917
-0.837341,0.675405,0.317283,0.0125,0.00516917
-0.885704,0.662135,0.294019,0.0225,0.00516917
-0.862514,0.691947,0.284417,0.0175,0.00516917
-0.817565,0.67816,0.268153,0.0175,0.00516917
-0.684778,0.757669,0.272104,0.045,0.0133126
-0.660511,0.740204,0.290974,0.025,0.0133126
-0.683474,0.776863,0.311378,0.0125,0.0133126
-0.703009,0.72796,0.294549,0.0225,0.0133126
-0.717785,0.763103,0.286459,0.0175,0.0133126
-0.686958,0.792577,0.260847,0.0175,0.0133126
-0.531811,0.752211,0.28828,0.045,0.0400791
-0.528592,0.726217,0.312027,0.025,0.0400791
-0.498102,0.763015,0.313959,0.0125,0.0400791
-0.552667,0.761905,0.322773,0.0225,0.0400791
-0.533158,0.786687,0.299881,0.0175,0.0400791
-0.509256,0.764788,0.262143,0.0175,0.0400791
-0.42866,0.794011,0.301875,0.045,0.110821
-0.431791,0.766408,0.280006,0.025,0.110821
-0.437608,0.759314,0.326946,0.0125,0.110821
-0.468451,0.788557,0.291593,0.0225,0.110821
-0.454981,0.800364,0.326203,0.0175,0.110821
-0.405338,0.801333,0.329306,0.0175,0.110821
-0.397177,0.844874,0.380855,0.045,0.46398
-0.385122,0.842199,0.413984,0.025,0.46398
-0.425179,0.867097,0.406044,0.0125,0.46398
-0.415483,0.813003,0.400035,0.0225,0.46398
-0.432017,0.836847,0.374018,0.0175,0.46398
-0.402327,0.873686,0.358643,0.0175,0.46398
-0.234488,0.766981,0.247337,0.045,0.161137
-0.21717,0.759218,0.277167,0.025,0.161137
-0.192565,0.777278,0.240344,0.0125,0.161137
-0.231897,0.800668,0.271362,0.0225,0.161137
-0.230153,0.799908,0.232438,0.0175,0.161137
-0.231686,0.754126,0.213032,0.0175,0.161137
-0.363124,0.611936,0.22956,0.045,0.0324885
-0.370395,0.645664,0.221846,0.025,0.0324885
-0.365578,0.63311,0.267745,0.0125,0.0324885
-0.327979,0.633802,0.227223,0.0225,0.0324885
-0.335317,0.604495,0.251841,0.0175,0.0324885
-0.381516,0.58635,0.248458,0.0175,0.0324885
-0.94931,0.781569,0.266663,0.045,0.00442222
-0.96586,0.791309,0.296348,0.025,0.00442222
-0.986051,0.801801,0.25428,0.0125,0.00442222
-0.976816,0.752575,0.277684,0.0225,0.00442222
-0.967867,0.763228,0.241281,0.0175,0.00442222
-0.935388,0.800819,0.238633,0.0175,0.00442222
-0.87403,0.852965,0.143538,0.045,0.00179465
-0.876123,0.882452,0.162932,0.025,0.00179465
-0.879163,0.88599,0.115332,0.0125,0.00179465
-0.913744,0.862054,0.151213,0.0225,0.00179465
-0.899569,0.846474,0.118425,0.0175,0.00179465
-0.850046,0.841749,0.118063,0.0175,0.00179465
-0.649892,0.948497,0.298092,0.045,0.0139469
-0.630426,0.972517,0.315241,0.025,0.0139469
-0.642217,0.980807,0.269637,0.0125,0.0139469
-0.674496,0.977605,0.314404,0.0225,0.0139469
-0.679787,0.959347,0.280384,0.0175,0.0139469
-0.643211,0.927796,0.268481,0.0175,0.0139469
-0.543839,0.955285,0.330646,0.045,0.0201851
-0.559889,0.93563,0.306027,0.025,0.0201851
-0.572507,0.929931,0.351807,0.0125,0.0201851
-0.579001,0.973649,0.318599,0.0225,0.0201851
-0.564159,0.973633,0.354633,0.0175,0.0201851
-0.522715,0.94653,0.359405,0.0175,0.0201851
-0.295337,0.95505,0.258657,0.045,0.304037
-0.299492,0.921027,0.267327,0.025,0.304037
-0.284236,0.951579,0.300814,0.0125,0.304037
-0.33301,0.949097,0.274906,0.0225,0.304037
-0.310583,0.98062,0.279602,0.0175,0.304037
-0.26589,0.977017,0.258049,0.0175,0.304037
-0.192452,0.846457,0.331892,0.045,0.382753
-0.171449,0.850857,0.303794,0.025,0.382753
-0.215633,0.833847,0.297019,0.0125,0.382753
-0.199316,0.88359,0.314783,0.0225,0.382753
-0.226038,0.860476,0.331226,0.0175,0.382753
-0.208149,0.816687,0.346638,0.0175,0.382753
-0.312283,0.802662,0.281068,0.045,0.168985
-0.327367,0.771863,0.272473,0.025,0.168985
-0.348038,0.812443,0.257865,0.0125,0.168985
-0.299326,0.790538,0.2436,0.0225,0.168985
-0.306078,0.827212,0.254919,0.0175,0.168985
-0.323864,0.831122,0.301215,0.0175,0.168985
-0.955072,-0.62435,0.350586,0.045,0.00114853
-0.939483,-0.615293,0.380999,0.025,0.00114853
-0.913598,-0.637927,0.347755,0.0125,0.00114853
-0.93638,-0.587572,0.346493,0.0225,0.00114853
-0.939154,-0.615205,0.319154,0.0175,0.00114853
-0.961383,-0.656894,0.334741,0.0175,0.00114853
-0.939391,-0.955146,0.285233,0.045,0.00235275
-0.962232,-0.940101,0.262828,0.025,0.00235275
-0.963294,-0.987605,0.268275,0.0125,0.00235275
-0.975299,-0.947655,0.304553,0.0225,0.00235275
-0.951932,-0.978297,0.310367,0.0175,0.00235275
-0.912293,-0.97947,0.280328,0.0175,0.00235275
-0.783706,-0.955086,0.325528,0.045,0.00289234
-0.755536,-0.970205,0.340624,0.025,0.00289234
-0.756843,-0.922533,0.336985,0.0125,0.00289234
-0.788774,-0.956543,0.366649,0.0225,0.00289234
-0.800686,-0.928001,0.342938,0.0175,0.00289234
-0.787525,-0.934416,0.295392,0.0175,0.00289234
-0.629153,-0.95475,0.430305,0.045,0.0170641
-0.661518,-0.946564,0.441947,0.025,0.0170641
-0.641586,-0.987567,0.456401,0.0125,0.0170641
-0.626553,-0.935409,0.466883,0.0225,0.0170641
-0.603598,-0.96432,0.454395,0.0175,0.0170641
-0.616481,-0.982592,0.409952,0.0175,0.0170641
-0.530071,-0.955277,0.309637,0.045,0.030129
-0.502667,-0.938386,0.324255,0.025,0.030129
-0.54585,-0.917895,0.325948,0.0125,0.030129
-0.527836,-0.964274,0.350045,0.0225,0.030129
-0.560445,-0.959897,0.329159,0.0175,0.030129
-0.552525,-0.946622,0.281872,0.0175,0.030129
-0.341146,-0.927336,0.387164,0.045,0.081149
-0.36342,-0.921543,0.360326,0.025,0.081149
-0.37532,-0.953878,0.393497,0.0125,0.081149
-0.369456,-0.899102,0.398124,0.0225,0.081149
-0.353892,-0.92634,0.421245,0.0175,0.081149
-0.322574,-0.95716,0.397915,0.0175,0.081149
-0.17508,-0.955016,0.283961,0.045,0.111422
-0.186997,-0.921812,0.286307,0.025,0.111422
-0.199859,-0.948232,0.24857,0.0125,0.111422
-0.212389,-0.954625,0.302034,0.0225,0.111422
-0.198806,-0.981916,0.277756,0.0175,0.111422
-0.153668,-0.971946,0.259367,0.0175,0.111422
-0.182678,-0.762816,0.187797,0.045,0.100694
-0.157696,-0.769177,0.211993,0.025,0.100694
-0.187323,-0.804647,0.199677,0.0125,0.100694
-0.148988,-0.778621,0.169522,0.0225,0.100694
-0.18602,-0.785432,0.15947,0.0175,0.100694
-0.219379,-0.763694,0.189296,0.0175,0.100694
-0.87188,-0.572835,0.330022,0.045,0.00303328
-0.89394,-0.569795,0.357483,0.025,0.00303328
-0.847172,-0.575,0.366041,0.0125,0.00303328
-0.874201,-0.533207,0.341978,0.0225,0.00303328
-0.842489,-0.551413,0.328501,0.0175,0.00303328
-0.849382,-0.5998,0.319216,0.0175,0.00303328
-0.812528,-0.805789,0.331819,0.045,0.00249526
-0.816162,-0.831707,0.35559,0.025,0.00249526
-0.814489,-0.78646,0.370998,0.0125,0.00249526
-0.852693,-0.811829,0.340126,0.0225,0.00249526
-0.835562,-0.777618,0.33272,0.0175,0.00249526
-0.786299,-0.780623,0.326459,0.0175,0.00249526
-0.752222,-0.79402,0.397372,0.045,0.00770681
-0.76266,-0.821789,0.378139,0.025,0.00770681
-0.750592,-0.828756,0.423891,0.0125,0.00770681
-0.792881,-0.800292,0.402497,0.0225,0.00770681
-0.767819,-0.788052,0.429716,0.0175,0.00770681
-0.720568,-0.786112,0.414269,0.0175,0.00770681
-0.577764,-0.733947,0.362929,0.045,0.0405268
-0.611885,-0.724792,0.364312,0.025,0.0405268
-0.578741,-0.69115,0.371874,0.0125,0.0405268
-0.590115,-0.719787,0.325974,0.0225,0.0405268
-0.555066,-0.714485,0.342167,0.0175,0.0405268
-0.550936,-0.733322,0.388027,0.0175,0.0405268
-0.15097,-0.804471,0.353481,0.045,0.721323
-0.16635,-0.829928,0.334366,0.025,0.721323
-0.149869,-0.840698,0.377953,0.0125,0.721323
-0.191195,-0.807085,0.36317,0.0225,0.721323
-0.162041,-0.798936,0.387713,0.0175,0.721323
-0.116937,-0.800656,0.366792,0.0175,0.721323
-0.284781,-0.859179,0.339252,0.045,0.208646
-0.316136,-0.869624,0.351814,0.025,0.208646
-0.276559,-0.881933,0.375682,0.0125,0.208646
-0.298578,-0.831924,0.36728,0.0225,0.208646
-0.261472,-0.842408,0.361621,0.0175,0.208646
-0.255503,-0.877811,0.327183,0.0175,0.208646
-0.23764,-0.661168,0.251096,0.045,0.0811507
-0.23209,-0.627809,0.261409,0.025,0.0811507
-0.26316,-0.654597,0.285997,0.0125,0.0811507
-0.208429,-0.66013,0.280496,0.0225,0.0811507
-0.235356,-0.687892,0.275705,0.0175,0.0811507
-0.26758,-0.678659,0.238944,0.0175,0.0811507
-0.900254,-0.411441,0.360084,0.045,0.0027428
-0.934523,-0.419742,0.362686,0.025,0.0027428
-0.906622,-0.424977,0.401178,0.0125,0.0027428
-0.921622,-0.378956,0.374469,0.0225,0.0027428
-0.885507,-0.389252,0.384887,0.0175,0.0027428
-0.869612,-0.431384,0.363738,0.0175,0.0027428
-0.810967,-0.505301,0.363409,0.045,0.00665946
-0.806845,-0.491794,0.330996,0.025,0.00665946
-0.816337,-0.538462,0.33541,0.0125,0.00665946
-0.847848,-0.494732,0.347696,0.0225,0.00665946
-0.840453,-0.525412,0.370561,0.0175,0.00665946
-0.792372,-0.530885,0.382109,0.0175,0.00665946
-0.701905,-0.620274,0.389009,0.045,0.0137775
-0.708631,-0.607884,0.356585,0.025,0.0137775
-0.74289,-0.632177,0.379468,0.0125,0.0137775
-0.720283,-0.5832,0.391566,0.0225,0.0137775
-0.725451,-0.61323,0.41586,0.0175,0.0137775
-0.700695,-0.654337,0.402729,0.0175,0.0137775
-0.626114,-0.404334,0.351945,0.045,0.039573
-0.628249,-0.420148,0.383494,0.025,0.039573
-0.589912,-0.428506,0.356146,0.0125,0.039573
-0.606354,-0.381673,0.380489,0.0225,0.039573
-0.595752,-0.386228,0.343265,0.0175,0.039573
-0.62474,-0.417538,0.317685,0.0175,0.039573
-0.539593,-0.492001,0.370117,0.045,0.0368649
-0.574599,-0.491424,0.375039,0.025,0.0368649
-0.54806,-0.520564,0.402132,0.0125,0.0368649
-0.549184,-0.46532,0.400365,0.0225,0.0368649
-0.51763,-0.488144,0.398888,0.0175,0.0368649
-0.516521,-0.518569,0.359542,0.0175,0.0368649
-0.241424,-0.478813,0.407516,0.045,0.605082
-0.248527,-0.50106,0.43406,0.025,0.605082
-0.206275,-0.478655,0.433535,0.0125,0.605082
-0.257144,-0.457898,0.439674,0.0225,0.605082
-0.229517,-0.445295,0.415248,0.0175,0.605082
-0.215642,-0.478949,0.381337,0.0175,0.605082
-0.355809,-0.544077,0.280489,0.045,0.197839
-0.37146,-0.52931,0.308542,0.025,0.197839
-0.324898,-0.539927,0.311145,0.0125,0.197839
-0.350927,-0.502923,0.279372,0.0225,0.197839
-0.324942,-0.529556,0.267787,0.0175,0.197839
-0.339313,-0.576541,0.27559,0.0175,0.197839
-0.274277,-0.339523,0.184563,0.045,0.059934
-0.262881,-0.337008,0.217936,0.025,0.059934
-0.305231,-0.317886,0.206611,0.0125,0.059934
-0.289431,-0.370861,0.207081,0.0225,0.059934
-0.307816,-0.352179,0.178242,0.0175,0.059934
-0.282006,-0.314211,0.159076,0.0175,0.059934
-0.876003,-0.301353,0.420999,0.045,0.00371589
-0.889122,-0.332912,0.430051,0.025,0.00371589
-0.884997,-0.299217,0.463743,0.0125,0.00371589
-0.917404,-0.300568,0.418975,0.0225,0.00371589
-0.894303,-0.271283,0.430267,0.0175,0.00371589
-0.845985,-0.283047,0.431663,0.0175,0.00371589
-0.683047,-0.190433,0.370596,0.045,0.0310769
-0.677811,-0.210602,0.399158,0.025,0.0310769
-0.642758,-0.181325,0.384959,0.0125,0.0310769
-0.692908,-0.16927,0.404854,0.0225,0.0310769
-0.676364,-0.154713,0.372712,0.0175,0.0310769
-0.666194,-0.188855,0.337985,0.0175,0.0310769
-0.612573,-0.246267,0.372083,0.045,0.0228128
-0.636456,-0.268715,0.358827,0.025,0.0228128
-0.651208,-0.234597,0.388923,0.0125,0.0228128
-0.629916,-0.230026,0.33811,0.0225,0.0228128
-0.618864,-0.210477,0.36996,0.0175,0.0228128
-0.601379,-0.23947,0.406412,0.0175,0.0228128
-0.449747,-0.159703,0.434597,0.045,0.616371
-0.479829,-0.166232,0.451989,0.025,0.616371
-0.444153,-0.197938,0.455075,0.0125,0.616371
-0.44682,-0.145913,0.473584,0.0225,0.616371
-0.418142,-0.161821,0.452531,0.0175,0.616371
-0.432428,-0.177543,0.407545,0.0175,0.616371
-0.508842,-0.123947,0.377043,0.045,0.145896
-0.511636,-0.103463,0.405723,0.025,0.145896
-0.505944,-0.150585,0.411605,0.0125,0.145896
-0.471121,-0.113205,0.390477,0.0225,0.145896
-0.481115,-0.147416,0.374713,0.0175,0.145896
-0.529562,-0.151405,0.364128,0.0175,0.145896
-0.360059,-0.214674,0.444825,0.045,0.440723
-0.361799,-0.23499,0.473708,0.025,0.440723
-0.344915,-0.190441,0.47793,0.0125,0.440723
-0.395729,-0.207818,0.464809,0.0225,0.440723
-0.374451,-0.181255,0.445826,0.0175,0.440723
-0.331851,-0.199007,0.42725,0.0175,0.440723
-0.19455,-0.332705,0.261506,0.045,0.246648
-0.206988,-0.318342,0.291322,0.025,0.246648
-0.159744,-0.324041,0.286526,0.0125,0.246648
-0.194372,-0.291362,0.258433,0.0225,0.246648
-0.167871,-0.315716,0.243489,0.0175,0.246648
-0.175655,-0.363513,0.254883,0.0175,0.246648
-0.912413,-0.0278273,0.494202,0.045,0.00790123
-0.944667,-0.0412773,0.48884,0.025,0.00790123
-0.909838,-0.0703933,0.503897,0.0125,0.00790123
-0.93383,-0.0277912,0.529699,0.0225,0.00790123
-0.895599,-0.0342885,0.525833,0.0175,0.00790123
-0.879839,-0.034686,0.478648,0.0175,0.00790123
-0.901475,-0.122966,0.373013,0.045,0.00658848
-0.890518,-0.124883,0.339453,0.025,0.00658848
-0.906286,-0.0829167,0.356119,0.0125,0.00658848
-0.86156,-0.112043,0.370523,0.0225,0.00658848
-0.888216,-0.0967175,0.394466,0.0175,0.00658848
-0.934052,-0.114942,0.387992,0.0175,0.00658848
-0.757241,0.00741482,0.325911,0.045,0.0133016
-0.770213,-0.0108144,0.353286,0.025,0.0133016
-0.724773,-0.0181195,0.340274,0.0125,0.0133016
-0.748602,0.0270856,0.361367,0.0225,0.0133016
-0.725739,0.0252184,0.329863,0.0175,0.0133016
-0.744068,-0.00302491,0.293238,0.0175,0.0133016
-0.633732,0.0265923,0.38675,0.045,0.0939717
-0.662873,0.0404313,0.372284,0.025,0.0939717
-0.666698,0.0171581,0.413893,0.0125,0.0939717
-0.640574,0.0644538,0.402192,0.0225,0.0939717
-0.626104,0.0339038,0.421583,0.0175,0.0939717
-0.624081,-0.00794414,0.394757,0.0175,0.0939717
-0.402555,-0.0170898,0.448028,0.045,0.297528
-0.410392,-0.0360466,0.476824,0.025,0.297528
-0.364629,-0.0325394,0.463371,0.0125,0.297528
-0.399051,0.00654819,0.481906,0.0225,0.297528
-0.376573,0.0083172,0.45012,0.0175,0.297528
-0.387285,-0.0261209,0.415852,0.0175,0.297528
-0.349423,0.0761976,0.421119,0.045,0.381215
-0.349665,0.0408635,0.419918,0.025,0.381215
-0.317061,0.0645124,0.394125,0.0125,0.381215
-0.322808,0.0609179,0.448992,0.0225,0.381215
-0.318119,0.0934372,0.428033,0.0175,0.381215
-0.35468,0.101872,0.395367,0.0175,0.381215
-0.116962,-0.14145,0.283505,0.045,0.698654
-0.138976,-0.113816,0.284834,0.025,0.698654
-0.154094,-0.156058,0.301404,0.0125,0.698654
-0.114174,-0.122913,0.320483,0.0225,0.698654
-0.111522,-0.161181,0.313607,0.0175,0.698654
-0.118765,-0.173709,0.266009,0.0175,0.698654
-0.008255,-0.0878687,0.23801,0.045,1.01141
0.010344,-0.11642,0.24744,0.025,1.01141
0.0152976,-0.076295,0.272994,0.0125,1.01141
-0.0287722,-0.109145,0.267081,0.0225,1.01141
-0.0278009,-0.0703753,0.263248,0.0175,1.01141
0.00181938,-0.0544288,0.226596,0.0175,1.01141
-0.883748,0.262166,0.408377,0.045,0.00826791
-0.918045,0.263996,0.416766,0.025,0.00826791
-0.895162,0.222396,0.422539,0.0125,0.00826791
-0.888002,0.270538,0.448757,0.0225,0.00826791
-0.860339,0.248355,0.432589,0.0175,0.00826791
-0.865387,0.242366,0.38346,0.0175,0.00826791
-0.718538,0.07868,0.412614,0.045,0.060734
-0.751874,0.0795562,0.42436,0.025,0.060734
-0.716424,0.0749648,0.456137,0.0125,0.060734
-0.728847,0.117461,0.423031,0.0225,0.060734
-0.693902,0.100847,0.42767,0.0175,0.060734
-0.692367,0.0529477,0.414316,0.0175,0.060734
-0.66175,0.473643,0.428096,0.045,0.0396522
-0.667822,0.439582,0.420817,0.025,0.0396522
-0.703143,0.471146,0.414209,0.0125,0.0396522
-0.654766,0.466309,0.387894,0.0225,0.0396522
-0.669984,0.4988,0.403109,0.0175,0.0396522
-0.676724,0.496817,0.45236,0.0175,0.0396522
-0.543197,0.359053,0.401527,0.045,0.0599991
-0.542552,0.364832,0.436401,0.025,0.0599991
-0.553531,0.321059,0.42056,0.0125,0.0599991
-0.505994,0.349036,0.416837,0.0225,0.0599991
-0.524727,0.330777,0.38795,0.0175,0.0599991
-0.570081,0.348961,0.378606,0.0175,0.0599991
-0.388172,0.323254,0.385532,0.045,0.0871954
-0.358376,0.304626,0.389433,0.025,0.0871954
-0.367403,0.340221,0.420076,0.0125,0.0871954
-0.394197,0.292445,0.412611,0.0225,0.0871954
-0.409909,0.328067,0.414331,0.0175,0.0871954
-0.394412,0.358746,0.378364,0.0175,0.0871954
-0.250504,0.375915,0.350684,0.045,0.256456
-0.219634,0.390009,0.360605,0.025,0.256456
-0.227171,0.38158,0.314133,0.0125,0.256456
-0.252335,0.417248,0.348056,0.0225,0.256456
-0.269429,0.391825,0.32397,0.0175,0.256456
-0.259073,0.344242,0.334149,0.0175,0.256456
-0.42625,0.249464,0.271378,0.045,0.0249398
-0.392124,0.254585,0.263681,0.025,0.0249398
-0.406289,0.211033,0.277468,0.0125,0.0249398
-0.419024,0.239463,0.231798,0.0225,0.0249398
-0.443867,0.221604,0.255936,0.0175,0.0249398
-0.44343,0.23959,0.302318,0.0175,0.0249398
-0.947855,0.315599,0.374719,0.045,0.00338929
-0.974235,0.335555,0.387205,0.025,0.00338929
-0.939497,0.356575,0.361927,0.0125,0.00338929
-0.977387,0.319644,0.345905,0.0225,0.00338929
-0.938979,0.318048,0.339502,0.0175,0.00338929
-0.911655,0.31567,0.381008,0.0175,0.00338929
-0.801448,0.45311,0.357359,0.045,0.0217498
-0.831145,0.451352,0.376463,0.025,0.0217498
-0.824727,0.41989,0.341017,0.0125,0.0217498
-0.79676,0.425939,0.388319,0.0225,0.0217498
-0.78175,0.42289,0.352484,0.0175,0.0217498
-0.795296,0.459561,0.321714,0.0175,0.0217498
-0.691244,0.482988,0.325613,0.045,0.0166545
-0.694661,0.47642,0.360184,0.025,0.0166545
-0.703456,0.520636,0.344214,0.0125,0.0166545
-0.73064,0.473513,0.334382,0.0225,0.0166545
-0.718489,0.499467,0.307973,0.0175,0.0166545
-0.669116,0.505458,0.306759,0.0175,0.0166545
-0.615255,0.528316,0.352706,0.045,0.0173857
-0.610122,0.498928,0.371678,0.025,0.0173857
-0.577744,0.53402,0.374452,0.0125,0.0173857
-0.63051,0.533314,0.39093,0.0225,0.0173857
-0.613119,0.560655,0.369279,0.0175,0.0173857
-0.595959,0.543997,0.325655,0.0175,0.0173857
-0.540532,0.582041,0.403314,0.045,0.0650913
-0.574456,0.572715,0.406804,0.025,0.0650913
-0.545959,0.570528,0.445153,0.0125,0.0650913
-0.562865,0.614497,0.41622,0.0225,0.0650913
-0.526297,0.60603,0.426699,0.0175,0.0650913
-0.509169,0.563392,0.407628,0.0175,0.0650913
-0.290233,0.64325,0.436355,0.045,0.315185
-0.266714,0.664529,0.451978,0.025,0.315185
-0.253721,0.641056,0.412383,0.0125,0.315185
-0.291491,0.680879,0.419,0.0225,0.315185
-0.29634,0.646842,0.40065,0.0175,0.315185
-0.290449,0.60707,0.42995,0.0175,0.315185
-0.204082,0.56681,0.32444,0.045,0.271752
-0.175714,0.577284,0.306123,0.025,0.271752
-0.16936,0.548908,0.344096,0.0125,0.271752
-0.194348,0.538328,0.29593,0.0225,0.271752
-0.208405,0.531385,0.331609,0.0175,0.271752
-0.214477,0.5723,0.359251,0.0175,0.271752
-0.2174,0.492391,0.121766,0.045,0.0477629
-0.248248,0.475614,0.117656,0.025,0.0477629
-0.240416,0.499703,0.158225,0.0125,0.0477629
-0.245768,0.51849,0.106508,0.0225,0.0477629
-0.217505,0.527373,0.131826,0.0175,0.0477629
-0.190074,0.488363,0.145996,0.0175,0.0477629
-0.910834,0.590569,0.324771,0.045,0.00225318
-0.941652,0.580264,0.338703,0.025,0.00225318
-0.910546,0.603662,0.366496,0.0125,0.00225318
-0.938508,0.621332,0.3222,0.0225,0.00225318
-0.900296,0.625175,0.328818,0.0175,0.00225318
-0.875998,0.581931,0.332633,0.0175,0.00225318
-0.804813,0.558498,0.297182,0.045,0.00256351
-0.836007,0.571219,0.307912,0.025,0.00256351
-0.798702,0.573664,0.337743,0.0125,0.00256351
-0.806942,0.599161,0.289387,0.0225,0.00256351
-0.775177,0.579401,0.30031,0.0175,0.00256351
-0.783557,0.531271,0.309707,0.0175,0.00256351
-0.678887,0.663482,0.31298,0.045,0.0463218
-0.700984,0.640539,0.297638,0.025,0.0463218
-0.717201,0.667467,0.333685,0.0125,0.0463218
-0.700532,0.682478,0.283157,0.0225,0.0463218
-0.689385,0.698094,0.317078,0.0175,0.0463218
-0.665949,0.666236,0.347258,0.0175,0.0463218
-0.571862,0.700444,0.365835,0.045,0.0703321
-0.558107,0.697093,0.398232,0.025,0.0703321
-0.533211,0.720888,0.365044,0.0125,0.0703321
-0.581491,0.7336,0.388786,0.0225,0.0703321
-0.573479,0.733485,0.350647,0.0175,0.0703321
-0.560588,0.688856,0.332841,0.0175,0.0703321
-0.47963,0.701589,0.392341,0.045,0.0935442
-0.461074,0.675496,0.377345,0.025,0.0935442
-0.493476,0.664406,0.410731,0.0125,0.0935442
-0.500706,0.685855,0.360294,0.0225,0.0935442
-0.51591,0.698962,0.393698,0.0175,0.0935442
-0.481955,0.713548,0.427004,0.0175,0.0935442
-0.250209,0.771593,0.338001,0.045,0.397817
-0.218052,0.775533,0.352158,0.025,0.397817
-0.229996,0.802381,0.314421,0.0125,0.397817
-0.250636,0.802431,0.365707,0.0225,0.397817
-0.270782,0.80109,0.332374,0.0175,0.397817
-0.261448,0.760797,0.304728,0.0175,0.397817
-0.190025,0.53352,0.228176,0.045,0.39992
-0.196165,0.499064,0.233191,0.025,0.39992
-0.210692,0.530091,0.266564,0.0125,0.39992
-0.22789,0.523751,0.214408,0.0225,0.39992
-0.21754,0.557082,0.231748,0.0175,0.39992
-0.170172,0.558106,0.246921,0.0175,0.39992
-0.946862,0.686501,0.307702,0.045,0.0054569
-0.936057,0.708456,0.282183,0.025,0.0054569
-0.93323,0.661309,0.274656,0.0125,0.0054569
-0.977785,0.693421,0.280969,0.0225,0.0054569
-0.970291,0.659909,0.299396,0.0175,0.0054569
-0.929285,0.661056,0.327542,0.0175,0.0054569
-0.774681,0.740877,0.274791,0.045,0.00358889
-0.782357,0.717769,0.300425,0.025,0.00358889
-0.787493,0.764485,0.309302,0.0125,0.00358889
-0.815171,0.731995,0.274165,0.0225,0.00358889
-0.799018,0.766575,0.266287,0.0175,0.00358889
-0.749644,0.767652,0.272289,0.0175,0.00358889
-0.758664,0.875388,0.346869,0.045,0.00494577
-0.76507,0.842368,0.35776,0.025,0.00494577
-0.802124,0.870517,0.346708,0.0125,0.00494577
-0.762332,0.850172,0.314167,0.0225,0.00494577
-0.774258,0.887218,0.316179,0.0175,0.00494577
-0.767571,0.908205,0.360786,0.0175,0.00494577
-0.674573,0.842588,0.317428,0.045,0.0208721
-0.687604,0.868443,0.337718,0.025,0.0208721
-0.650631,0.842857,0.354023,0.0125,0.0208721
-0.6533,0.877607,0.31111,0.0225,0.0208721
-0.638749,0.841455,0.311077,0.0175,0.0208721
-0.672083,0.806244,0.322214,0.0175,0.0208721
-0.480176,0.869583,0.331774,0.045,0.111082
-0.452609,0.848498,0.338518,0.025,0.111082
-0.447074,0.895771,0.343218,0.0125,0.111082
-0.478606,0.860877,0.372277,0.0225,0.111082
-0.48966,0.894691,0.356364,0.0175,0.111082
-0.485621,0.895973,0.306795,0.0175,0.111082
-0.171674,0.955316,0.306611,0.045,0.149519
-0.183826,0.95536,0.339812,0.025,0.149519
-0.205289,0.983277,0.307447,0.0125,0.149519
-0.202749,0.928127,0.310332,0.0225,0.149519
-0.195112,0.95031,0.279214,0.0175,0.149519
-0.156995,0.981637,0.285594,0.0175,0.149519
-0.121655,0.801022,0.259212,0.045,0.123455
-0.120524,0.787315,0.226642,0.025,0.123455
-0.112519,0.834145,0.232159,0.0125,0.123455
-0.0826391,0.790965,0.249448,0.0225,0.123455
-0.0939288,0.821622,0.270696,0.0175,0.123455
-0.143291,0.826391,0.27465,0.0175,0.123455
-0.100337,0.8621,0.181132,0.045,0.169375
-0.0695963,0.846068,0.174204,0.025,0.169375
-0.0729282,0.873486,0.213251,0.0125,0.169375
-0.0984072,0.825911,0.201266,0.0225,0.169375
-0.114972,0.858695,0.214287,0.0175,0.169375
-0.109765,0.897524,0.183625,0.0175,0.169375
-0.869525,-0.740111,0.29663,0.045,0.00364489
-0.867957,-0.775422,0.295788,0.025,0.00364489
-0.831011,-0.751209,0.314124,0.0125,0.00364489
-0.88291,-0.755724,0.332628,0.0225,0.00364489
-0.862526,-0.722846,0.327902,0.0175,0.00364489
-0.849001,-0.714044,0.280843,0.0175,0.00364489
-0.880123,-0.955093,0.352691,0.045,0.00132584
-0.84612,-0.964331,0.355596,0.025,0.00132584
-0.857527,-0.917907,0.35706,0.0125,0.00132584
-0.869729,-0.958378,0.39269,0.0225,0.00132584
-0.894463,-0.932469,0.377338,0.0175,0.00132584
-0.898292,-0.935079,0.327805,0.0175,0.00132584
-0.775178,-0.88955,0.389684,0.045,0.00905582
-0.74995,-0.87204,0.407203,0.025,0.00905582
-0.791803,-0.85027,0.399335,0.0125,0.00905582
-0.780326,-0.894445,0.430528,0.0225,0.00905582
-0.808631,-0.891297,0.403927,0.0175,0.00905582
-0.792113,-0.883135,0.357714,0.0175,0.00905582
-0.530041,-0.949224,0.417728,0.045,0.0494402
-0.542956,-0.972181,0.394145,0.025,0.0494402
-0.573131,-0.942023,0.415767,0.0125,0.0494402
-0.532041,-0.931454,0.380325,0.0225,0.0494402
-0.538509,-0.913965,0.414545,0.0175,0.0494402
-0.536127,-0.944605,0.453668,0.0175,0.0494402
-0.501169,-0.867925,0.364216,0.045,0.0473608
-0.527217,-0.890583,0.356592,0.025,0.0473608
-0.49063,-0.886509,0.326058,0.0125,0.0473608
-0.49138,-0.905833,0.377848,0.0225,0.0473608
-0.466701,-0.879565,0.363026,0.0175,0.0473608
-0.488711,-0.837879,0.347126,0.0175,0.0473608
-0.274612,-0.947841,0.327835,0.045,0.0769304
-0.252446,-0.975161,0.331334,0.025,0.0769304
-0.241793,-0.933978,0.353197,0.0125,0.0769304
-0.283581,-0.968999,0.362341,0.0225,0.0769304
-0.286003,-0.930384,0.357677,0.0175,0.0769304
-0.270552,-0.914397,0.313172,0.0175,0.0769304
-0.298583,-0.769366,0.339517,0.045,0.158171
-0.273357,-0.790702,0.32693,0.025,0.158171
-0.261088,-0.746994,0.341984,0.0125,0.158171
-0.280657,-0.789997,0.37069,0.0225,0.158171
-0.293642,-0.753269,0.371789,0.0175,0.158171
-0.311294,-0.736768,0.328302,0.0175,0.158171
-0.952614,-0.524912,0.371243,0.045,0.00231509
-0.975045,-0.522921,0.343987,0.025,0.00231509
-0.931135,-0.540291,0.336391,0.0125,0.00231509
-0.97252,-0.560987,0.366645,0.0225,0.00231509
-0.935455,-0.556347,0.377756,0.0175,0.00231509
-0.920142,-0.509013,0.377783,0.0175,0.00231509
-0.825124,-0.73041,0.37899,0.045,0.00881334
-0.795907,-0.747249,0.368368,0.025,0.00881334
-0.793667,-0.700144,0.376346,0.0125,0.00881334
-0.802484,-0.741567,0.411879,0.0225,0.00881334
-0.823465,-0.70892,0.408323,0.0175,0.00881334
-0.845094,-0.703543,0.363845,0.0175,0.00881334
-0.734925,-0.70604,0.390677,0.045,0.0122105
-0.741429,-0.684786,0.418172,0.025,0.0122105
-0.698087,-0.683634,0.397983,0.0125,0.0122105
-0.747106,-0.668782,0.37718,0.0225,0.0122105
-0.720576,-0.69186,0.360379,0.0175,0.0122105
-0.711097,-0.733576,0.385775,0.0175,0.0122105
-0.615629,-0.672088,0.416115,0.045,0.0443918
-0.61193,-0.706916,0.420942,0.025,0.0443918
-0.576285,-0.682672,0.400224,0.0125,0.0443918
-0.595868,-0.679396,0.451819,0.0225,0.0443918
-0.589181,-0.649769,0.427401,0.0175,0.0443918
-0.616523,-0.651252,0.385865,0.0175,0.0443918
-0.525585,-0.662916,0.322935,0.045,0.0218388
-0.501127,-0.678007,0.343528,0.025,0.0218388
-0.511473,-0.631795,0.350226,0.0125,0.0218388
-0.543046,-0.676505,0.357995,0.0225,0.0218388
-0.552654,-0.644178,0.338465,0.0175,0.0218388
-0.523976,-0.635255,0.298804,0.0175,0.0218388
-0.409083,-0.712204,0.338732,0.045,0.146079
-0.405159,-0.732999,0.367054,0.025,0.146079
-0.367284,-0.72506,0.338948,0.0125,0.146079
-0.3955,-0.689864,0.370906,0.0225,0.146079
-0.38568,-0.684814,0.333532,0.0175,0.146079
-0.40545,-0.718495,0.302715,0.0175,0.146079
-0.333402,-0.693603,0.282382,0.045,0.215245
-0.317796,-0.682622,0.312146,0.025,0.215245
-0.291004,-0.703615,0.278545,0.0125,0.215245
-0.31809,-0.655443,0.277074,0.0225,0.215245
-0.319237,-0.683763,0.250327,0.0175,0.215245
-0.337318,-0.726884,0.267316,0.0175,0.215245
-0.239405,-0.507942,0.177677,0.045,0.129927
-0.206505,-0.519001,0.18441,0.025,0.129927
-0.214482,-0.472069,0.179798,0.0125,0.129927
-0.232334,-0.507254,0.218522,0.0225,0.129927
-0.253829,-0.481723,0.198401,0.0175,0.129927
-0.254093,-0.489788,0.14931,0.0175,0.129927
-0.822009,-0.373083,0.388345,0.045,0.0108036
-0.811599,-0.402305,0.405308,0.025,0.0108036
-0.787549,-0.361632,0.412715,0.0125,0.0108036
-0.839637,-0.374711,0.425833,0.0225,0.0108036
-0.827504,-0.342575,0.407426,0.0175,0.0108036
-0.805308,-0.351442,0.363794,0.0175,0.0108036
-0.755709,-0.39571,0.449186,0.045,0.0119354
-0.773148,-0.422842,0.434704,0.025,0.0119354
-0.730059,-0.411361,0.417412,0.0125,0.0119354
-0.743995,-0.431222,0.467086,0.0225,0.0119354
-0.721197,-0.400484,0.459728,0.0175,0.0119354
-0.744207,-0.363583,0.435565,0.0175,0.0119354
-0.670162,-0.367583,0.442318,0.045,0.0200171
-0.648079,-0.378836,0.467531,0.025,0.0200171
-0.656743,-0.331946,0.463823,0.0125,0.0200171
-0.690865,-0.373134,0.477805,0.0225,0.0200171
-0.697436,-0.345248,0.451387,0.0175,0.0200171
-0.665428,-0.345544,0.413303,0.0175,0.0200171
-0.607612,-0.30393,0.453284,0.045,0.0313003
-0.586797,-0.332213,0.449182,0.025,0.0313003
-0.628982,-0.337702,0.471041,0.0125,0.0313003
-0.617917,-0.324161,0.418596,0.0225,0.0313003
-0.642414,-0.305924,0.442805,0.0175,0.0313003
-0.620455,-0.286774,0.483129,0.0175,0.0313003
-0.445274,-0.26671,0.439597,0.045,0.14929
-0.478774,-0.271394,0.429311,0.025,0.14929
-0.451272,-0.309901,0.436265,0.0125,0.14929
-0.469547,-0.272549,0.472696,0.0225,0.14929
-0.432905,-0.285125,0.468457,0.0175,0.14929
-0.413151,-0.275169,0.423896,0.0175,0.14929
-0.317898,-0.429834,0.419193,0.045,0.554201
-0.335345,-0.446332,0.445144,0.025,0.554201
-0.298304,-0.418307,0.456553,0.0125,0.554201
-0.347234,-0.404908,0.434584,0.0225,0.554201
-0.312069,-0.393999,0.421809,0.0175,0.554201
-0.283095,-0.431857,0.407588,0.0175,0.554201
-0.154986,-0.425286,0.259746,0.045,0.208287
-0.135306,-0.453378,0.251169,0.025,0.208287
-0.128368,-0.412379,0.227538,0.0125,0.208287
-0.11923,-0.424436,0.280711,0.0225,0.208287
-0.138482,-0.393593,0.266682,0.0175,0.208287
-0.179255,-0.405326,0.240703,0.0175,0.208287
-0.948689,-0.0961552,0.445744,0.045,0.0181055
-0.940017,-0.124775,0.464604,0.025,0.0181055
-0.926735,-0.0817451,0.480713,0.0125,0.0181055
-0.977374,-0.103136,0.47485,0.0225,0.0181055
-0.96511,-0.0682886,0.462442,0.0175,0.0181055
-0.928433,-0.0705404,0.428905,0.0175,0.0181055
-0.774358,-0.197998,0.386495,0.045,0.0238272
-0.743553,-0.20574,0.402022,0.025,0.0238272
-0.748177,-0.21342,0.355042,0.0125,0.0238272
-0.748389,-0.165849,0.383207,0.0225,0.0238272
-0.774346,-0.177356,0.356513,0.0175,0.0238272
-0.799095,-0.218697,0.368899,0.0175,0.0238272
-0.69256,-0.0397234,0.402156,0.045,0.0422623
-0.669913,-0.0615368,0.41832,0.025,0.0422623
-0.669857,-0.0152647,0.430419,0.0125,0.0422623
-0.709084,-0.0535566,0.437573,0.0225,0.0422623
-0.71362,-0.0179661,0.422358,0.0175,0.0422623
-0.68756,-0.0103392,0.380672,0.0175,0.0422623
-0.586845,-0.156791,0.423931,0.045,0.0734192
-0.569275,-0.17713,0.400962,0.025,0.0734192
-0.548676,-0.13682,0.416396,0.0125,0.0734192
-0.561726,-0.182708,0.444328,0.0225,0.0734192
-0.5701,-0.146004,0.454398,0.0175,0.0734192
-0.599389,-0.122316,0.421902,0.0175,0.0734192
-0.46674,-0.0767851,0.469209,0.045,0.632244
-0.433877,-0.0898009,0.468417,0.025,0.632244
-0.442387,-0.0504326,0.494209,0.0125,0.632244
-0.460757,-0.102059,0.501522,0.0225,0.632244
-0.482071,-0.0694339,0.501394,0.0175,0.632244
-0.48093,-0.0447203,0.458232,0.0175,0.632244
-0.409286,-0.0710936,0.362946,0.045,0.217818
-0.399808,-0.0785273,0.329705,0.025,0.217818
-0.393077,-0.0341176,0.346136,0.0125,0.217818
-0.369172,-0.0814848,0.361665,0.0225,0.217818
-0.385331,-0.054705,0.384913,0.0175,0.217818
-0.433961,-0.0477923,0.377022,0.0175,0.217818
-0.0776815,-0.299047,0.356097,0.045,0.83817
-0.106524,-0.291529,0.337081,0.025,0.83817
-0.109756,-0.324321,0.371747,0.0125,0.83817
-0.10014,-0.269999,0.375349,0.0225,0.83817
-0.0798359,-0.298543,0.39243,0.0175,0.83817
-0.0582493,-0.329927,0.36043,0.0175,0.83817
-0.234715,-0.245648,0.147075,0.045,0.0833414
-0.203959,-0.261208,0.139203,0.025,0.0833414
-0.203422,-0.216435,0.156013,0.0125,0.0833414
-0.218717,-0.263321,0.180994,0.0225,0.0833414
-0.238737,-0.229913,0.179651,0.0175,0.0833414
-0.251517,-0.215847,0.133674,0.0175,0.0833414
-0.859588,0.0444212,0.448104,0.045,0.0143237
-0.865049,0.00992411,0.453592,0.025,0.0143237
-0.839071,0.0344255,0.485409,0.0125,0.0143237
-0.892639,0.0390489,0.472548,0.0225,0.0143237
-0.866584,0.0679258,0.475003,0.0175,0.0143237
-0.829034,0.0640722,0.442597,0.0175,0.0143237
-0.781482,-0.0123405,0.431186,0.045,0.00999929
-0.793161,-0.0303621,0.459272,0.025,0.00999929
-0.796192,0.0173676,0.459708,0.0125,0.00999929
-0.822183,-0.0193445,0.427569,0.0225,0.00999929
-0.803154,0.0126118,0.415931,0.0175,0.00999929
-0.754671,0.0124461,0.427085,0.0175,0.00999929
-0.527493,0.149755,0.472257,0.045,0.0792071
-0.522901,0.184068,0.479438,0.025,0.0792071
-0.557145,0.171441,0.448528,0.0125,0.0792071
-0.553083,0.161373,0.502735,0.0225,0.0792071
-0.560906,0.135511,0.474651,0.0175,0.0792071
-0.524435,0.130343,0.441211,0.0175,0.0792071
-0.438602,0.0824137,0.438332,0.045,0.342094
-0.416706,0.0649752,0.459929,0.025,0.342094
-0.40164,0.105731,0.439941,0.0125,0.342094
-0.441908,0.097324,0.476874,0.0225,0.342094
-0.444339,0.117928,0.443884,0.0175,0.342094
-0.436471,0.0911438,0.402705,0.0175,0.342094
-0.38037,0.158618,0.393143,0.045,0.190855
-0.398573,0.129015,0.399647,0.025,0.190855
-0.357,0.135871,0.422279,0.0125,0.190855
-0.404483,0.163874,0.426455,0.0225,0.190855
-0.368886,0.178824,0.421157,0.0175,0.190855
-0.347073,0.164547,0.378786,0.0175,0.190855
-0.236126,0.0970192,0.380617,0.045,0.518524
-0.207819,0.0793477,0.368936,0.025,0.518524
-0.231261,0.107872,0.338533,0.0125,0.518524
-0.202305,0.120781,0.383823,0.0225,0.518524
-0.238226,0.132886,0.374772,0.0175,0.518524
-0.271564,0.0961571,0.370952,0.0175,0.518524
-0.266987,0.122046,0.23795,0.045,0.0187493
-0.264965,0.138973,0.268925,0.025,0.0187493
-0.286582,0.0963359,0.267404,0.0125,0.0187493
-0.233528,0.109321,0.258862,0.0225,0.0187493
-0.256206,0.0873315,0.236039,0.0175,0.0187493
-0.295509,0.111443,0.217358,0.0175,0.0187493
-0.951554,0.040328,0.537694,0.045,0.010321
-0.938774,0.0430575,0.570545,0.025,0.010321
-0.929288,0.0779363,0.539225,0.0125,0.010321
-0.977585,0.0624274,0.561205,0.0225,0.010321
-0.969882,0.0683767,0.523469,0.0175,0.010321
-0.935182,0.0379528,0.504887,0.0175,0.010321
-0.799677,0.207567,0.404194,0.045,0.0202925
-0.797372,0.241055,0.415295,0.025,0.0202925
-0.769005,0.226683,0.37957,0.0125,0.0202925
-0.824027,0.23185,0.381039,0.0225,0.0202925
-0.803745,0.200974,0.368627,0.0175,0.0202925
-0.775477,0.179923,0.403739,0.0175,0.0202925
-0.736732,0.283901,0.371034,0.045,0.0150167
-0.715431,0.255775,0.373317,0.025,0.0150167
-0.695886,0.299424,0.372817,0.0125,0.0150167
-0.728321,0.275722,0.410797,0.0225,0.0150167
-0.732792,0.311049,0.394961,0.0175,0.0150167
-0.740172,0.310354,0.345767,0.0175,0.0150167
-0.597005,0.284414,0.350773,0.045,0.0250229
-0.629637,0.28571,0.337227,0.025,0.0250229
-0.611481,0.32517,0.357245,0.0125,0.0250229
-0.595559,0.298187,0.311697,0.0225,0.0250229
-0.572836,0.309866,0.341125,0.0175,0.0250229
-0.584164,0.289079,0.384881,0.0175,0.0250229
-0.481591,0.33101,0.478054,0.045,0.154984
-0.450319,0.320797,0.491007,0.025,0.154984
-0.452018,0.339211,0.446899,0.0125,0.154984
-0.462335,0.363263,0.495594,0.0225,0.154984
-0.48477,0.364329,0.463747,0.0175,0.154984
-0.50129,0.319726,0.449164,0.0175,0.154984
-0.295568,0.339561,0.422009,0.045,0.39184
-0.263573,0.335907,0.407416,0.025,0.39184
-0.28074,0.300319,0.434366,0.0125,0.39184
-0.298735,0.319633,0.385793,0.0225,0.39184
-0.320096,0.313011,0.417709,0.0175,0.39184
-0.306861,0.340565,0.456959,0.0175,0.39184
-0.292117,0.32405,0.204985,0.045,0.0209038
-0.256962,0.326244,0.201929,0.025,0.0209038
-0.281885,0.366288,0.209857,0.0125,0.0209038
-0.274524,0.322269,0.242482,0.0225,0.0209038
-0.308365,0.339474,0.233675,0.0175,0.0209038
-0.319615,0.338317,0.185228,0.0175,0.0209038
-0.192537,0.143658,0.177158,0.045,0.0212176
-0.227213,0.140799,0.183437,0.025,0.0212176
-0.198168,0.152273,0.219662,0.0125,0.0212176
-0.210595,0.180842,0.173993,0.0225,0.0212176
-0.174999,0.173614,0.188115,0.0175,0.0212176
-0.163456,0.12526,0.190034,0.0175,0.0212176
-0.88135,0.437186,0.433135,0.045,0.025293
-0.880135,0.431034,0.46793,0.025,0.025293
-0.852678,0.465721,0.449754,0.0125,0.025293
-0.907768,0.462313,0.45287,0.0225,0.025293
-0.886616,0.47123,0.421376,0.0175,0.025293
-0.855931,0.434925,0.406701,0.0175,0.025293
-0.726472,0.407694,0.377892,0.045,0.0160695
-0.725359,0.39027,0.408635,0.025,0.0160695
-0.699836,0.430459,0.40406,0.0125,0.0160695
-0.754651,0.423274,0.404006,0.0225,0.0160695
-0.733658,0.443378,0.378046,0.0175,0.0160695
-0.700603,0.415813,0.353095,0.0175,0.0160695
-0.711174,0.642032,0.400298,0.045,0.0523381
-0.726185,0.665479,0.378506,0.025,0.0523381
-0.682071,0.649872,0.368611,0.0125,0.0523381
-0.729981,0.622291,0.369067,0.0225,0.0523381
-0.696704,0.611681,0.386354,0.0175,0.0523381
-0.681024,0.643486,0.421248,0.0175,0.0523381
-0.598703,0.531208,0.457607,0.045,0.0932087
-0.602249,0.496551,0.463631,0.025,0.0932087
-0.593533,0.525539,0.500661,0.0125,0.0932087
-0.637935,0.522577,0.467859,0.0225,0.0932087
-0.618095,0.554691,0.477545,0.0175,0.0932087
-0.570668,0.554442,0.462526,0.0175,0.0932087
-0.392236,0.560918,0.421689,0.045,0.276863
-0.408523,0.54243,0.447045,0.025,0.276863
-0.363286,0.556247,0.454133,0.0125,0.276863
-0.409156,0.586735,0.449365,0.0225,0.276863
-0.375479,0.592014,0.430477,0.0175,0.276863
-0.362574,0.553953,0.401154,0.0175,0.276863
-0.301624,0.537964,0.374512,0.045,0.414765
-0.278165,0.530381,0.399852,0.025,0.414765
-0.277821,0.504402,0.359697,0.0125,0.414765
-0.266001,0.55788,0.367224,0.0225,0.414765
-0.289869,0.542739,0.340394,0.0175,0.414765
-0.328935,0.518538,0.359452,0.0175,0.414765
-0.0558281,0.575871,0.176807,0.045,0.474783
-0.0669977,0.551344,0.199692,0.025,0.474783
-0.0620676,0.59642,0.214903,0.0125,0.474783
-0.0972692,0.575335,0.177856,0.0225,0.474783
-0.0747128,0.606806,0.173434,0.0175,0.474783
-0.0259598,0.597256,0.17607,0.0175,0.474783
-0.953604,0.426214,0.375731,0.045,0.00359011
-0.921321,0.440628,0.375979,0.025,0.00359011
-0.947981,0.44465,0.336475,0.0125,0.00359011
-0.956008,0.466097,0.386792,0.0225,0.00359011
-0.981951,0.446521,0.365286,0.0175,0.00359011
-0.968676,0.399616,0.355349,0.0175,0.00359011
-0.806814,0.729501,0.372257,0.045,0.0108411
-0.793946,0.762354,0.374507,0.025,0.0108411
-0.763729,0.72641,0.36543,0.0125,0.0108411
-0.804898,0.746554,0.334518,0.0225,0.0108411
-0.798359,0.709149,0.343286,0.0175,0.0108411
-0.800651,0.699104,0.391957,0.0175,0.0108411
-0.773778,0.6538,0.328905,0.045,0.012313
-0.753694,0.682396,0.323531,0.025,0.012313
-0.738891,0.640336,0.30623,0.0125,0.012313
-0.782859,0.670762,0.292182,0.0225,0.012313
-0.782444,0.6327,0.300538,0.0175,0.012313
-0.76775,0.622355,0.346929,0.0175,0.012313
-0.623897,0.771591,0.341527,0.045,0.0526573
-0.633552,0.738098,0.347441,0.025,0.0526573
-0.60985,0.761575,0.381712,0.0125,0.0526573
-0.660378,0.770653,0.3612,0.0225,0.0526573
-0.632103,0.796988,0.366279,0.0175,0.0526573
-0.591033,0.787921,0.339708,0.0175,0.0526573
-0.527846,0.756098,0.444939,0.045,0.0966285
-0.553931,0.732737,0.449823,0.025,0.0966285
-0.558975,0.776861,0.467575,0.0125,0.0966285
-0.556209,0.760098,0.414967,0.0225,0.0966285
-0.535832,0.788946,0.431438,0.0175,0.0966285
-0.506021,0.774087,0.468392,0.0175,0.0966285
-0.313847,0.811751,0.420008,0.045,0.364406
-0.34537,0.818763,0.434399,0.025,0.364406
-0.306568,0.839996,0.452592,0.0125,0.364406
-0.329952,0.845881,0.402845,0.0225,0.364406
-0.292262,0.839433,0.410372,0.0175,0.364406
-0.283367,0.796295,0.433502,0.0175,0.364406
-0.258099,0.671227,0.357174,0.045,0.330741
-0.234817,0.651219,0.339634,0.025,0.330741
-0.274562,0.665345,0.317088,0.0125,0.330741
-0.232038,0.695333,0.335762,0.0225,0.330741
-0.269924,0.702084,0.341911,0.0175,0.330741
-0.293148,0.665775,0.366756,0.0175,0.330741
-0.240766,0.667772,0.215256,0.045,0.0861759
-0.229742,0.670263,0.181755,0.025,0.0861759
-0.20684,0.640457,0.211329,0.0125,0.0861759
-0.25868,0.638306,0.192244,0.0225,0.0861759
-0.247234,0.634834,0.229335,0.0175,0.0861759
-0.224422,0.675226,0.247307,0.0175,0.0861759
-0.858479,0.822536,0.236855,0.045,0.00410166
-0.891254,0.820151,0.249899,0.025,0.00410166
-0.85477,0.82579,0.280307,0.0125,0.00410166
-0.874448,0.860448,0.241995,0.0225,0.00410166
-0.837241,0.85017,0.247355,0.0175,0.00410166
-0.828587,0.801586,0.24105,0.0175,0.00410166
-0.865391,0.945622,0.217105,0.045,0.0108174
-0.858,0.963937,0.24643,0.025,0.0108174
-0.827695,0.929661,0.232492,0.0125,0.0108174
-0.84053,0.977517,0.20797,0.0225,0.0108174
-0.839782,0.942224,0.191461,0.0175,0.0108174
-0.87211,0.909983,0.211219,0.0175,0.0108174
-0.815023,0.92868,0.289496,0.045,0.0102557
-0.815021,0.914259,0.321777,0.025,0.0102557
-0.773223,0.926822,0.302216,0.0125,0.0102557
-0.815585,0.95849,0.318303,0.0225,0.0102557
-0.797031,0.959853,0.28406,0.0175,0.0102557
-0.800404,0.917881,0.257564,0.0175,0.0102557
-0.527628,0.8836,0.256769,0.045,0.0160244
-0.496857,0.898534,0.26572,0.025,0.0160244
-0.530655,0.92579,0.245661,0.0125,0.0160244
-0.530451,0.900188,0.294659,0.0225,0.0160244
-0.558666,0.899091,0.267799,0.0175,0.0160244
-0.544529,0.879209,0.224442,0.0175,0.0160244
-0.535357,0.954434,0.420036,0.045,0.0390991
-0.559891,0.930148,0.412405,0.025,0.0390991
-0.534643,0.925419,0.452749,0.0125,0.0390991
-0.571209,0.964307,0.438363,0.0225,0.0390991
-0.535518,0.969992,0.452944,0.0175,0.0390991
-0.498918,0.952327,0.424251,0.0175,0.0390991
-0.0136452,0.954825,0.180236,0.045,0.793659
0.0135677,0.971408,0.195548,0.025,0.793659
0.0161391,0.924077,0.189175,0.0125,0.793659
0.0147656,0.964701,0.151704,0.0225,0.793659
-0.00724324,0.932543,0.152174,0.0175,0.793659
-0.0366051,0.928733,0.192153,0.0175,0.793659
-0.078989,0.924747,0.120542,0.045,0.168262
-0.0736792,0.951372,0.143188,0.025,0.168262
-0.0676137,0.906514,0.158629,0.0125,0.168262
-0.0388447,0.935087,0.12105,0.0225,0.168262
-0.0533553,0.899141,0.117038,0.0175,0.168262
-0.102949,0.896892,0.120271,0.0175,0.168262
-0.940567,-0.784877,0.360143,0.045,0.00212248
-0.922652,-0.806021,0.382096,0.025,0.00212248
-0.91405,-0.809054,0.335146,0.0125,0.00212248
-0.904335,-0.767405,0.370178,0.0225,0.00212248
-0.922204,-0.765227,0.335613,0.0175,0.00212248
-0.964154,-0.791826,0.332841,0.0175,0.00212248
-0.955194,-0.845719,0.294997,0.045,0.00101975
-0.939979,-0.830108,0.267162,0.025,0.00101975
-0.914381,-0.835781,0.307163,0.0125,0.00101975
-0.934607,-0.873825,0.272525,0.0225,0.00101975
-0.938026,-0.873343,0.311343,0.0175,0.00101975
-0.962687,-0.833895,0.328968,0.0175,0.00101975
-0.731261,-0.950593,0.438787,0.045,0.0160977
-0.762954,-0.961599,0.427634,0.025,0.0160977
-0.72439,-0.987651,0.416606,0.0125,0.0160977
-0.747226,-0.977558,0.465931,0.0225,0.0160977
-0.709613,-0.973976,0.456382,0.0175,0.0160977
-0.700911,-0.940286,0.420826,0.0175,0.0160977
-0.722011,-0.830579,0.473726,0.045,0.0200385
-0.751109,-0.846675,0.461718,0.025,0.0200385
-0.719312,-0.872273,0.486641,0.0125,0.0200385
-0.751403,-0.83032,0.502963,0.0225,0.0200385
-0.713064,-0.834115,0.508832,0.0175,0.0200385
-0.686274,-0.835763,0.466945,0.0175,0.0200385
-0.479834,-0.937971,0.491483,0.045,0.0735919
-0.49749,-0.907631,0.487271,0.025,0.0735919
-0.467452,-0.911796,0.524256,0.0125,0.0735919
-0.456751,-0.911037,0.470023,0.0225,0.0735919
-0.44374,-0.936927,0.496084,0.0175,0.0735919
-0.479762,-0.963041,0.518344,0.0175,0.0735919
-0.439875,-0.952694,0.378788,0.045,0.0520152
-0.467217,-0.942227,0.358968,0.025,0.0520152
-0.473833,-0.948142,0.405966,0.0125,0.0520152
-0.442548,-0.911324,0.379097,0.0225,0.0520152
-0.43167,-0.933957,0.408898,0.0175,0.0520152
-0.434168,-0.982692,0.399221,0.0175,0.0520152
-0.111767,-0.864334,0.180206,0.045,0.053234
-0.122771,-0.838086,0.20118,0.025,0.053234
-0.155473,-0.864878,0.178814,0.0125,0.053234
-0.119377,-0.878892,0.218271,0.0225,0.053234
-0.125796,-0.89762,0.184703,0.0175,0.053234
-0.11569,-0.870548,0.144206,0.0175,0.053234
-0.0719929,-0.943173,0.199877,0.045,0.178617
-0.0457197,-0.926928,0.182677,0.025,0.178617
-0.0400565,-0.936955,0.229098,0.0125,0.178617
-0.0447803,-0.971169,0.185932,0.0225,0.178617
-0.0645533,-0.972936,0.219468,0.0175,0.178617
-0.0929397,-0.933049,0.228315,0.0175,0.178617
-0.882366,-0.658302,0.391701,0.045,0.0123368
-0.915476,-0.653047,0.402932,0.025,0.0123368
-0.879405,-0.645627,0.433451,0.0125,0.0123368
-0.892659,-0.618395,0.387202,0.0225,0.0123368
-0.857553,-0.632199,0.396986,0.0175,0.0123368
-0.856045,-0.68164,0.402308,0.0175,0.0123368
-0.85374,-0.866976,0.471448,0.045,0.0128392
-0.841432,-0.846733,0.445204,0.025,0.0128392
-0.870539,-0.827082,0.477671,0.0125,0.0128392
-0.819416,-0.84723,0.483725,0.0225,0.0128392
-0.850516,-0.855307,0.505776,0.0175,0.0128392
-0.887729,-0.87714,0.481008,0.0175,0.0128392
-0.671022,-0.740143,0.443861,0.045,0.00899945
-0.685104,-0.747346,0.475481,0.025,0.00899945
-0.654487,-0.710792,0.471747,0.0125,0.00899945
-0.704879,-0.716983,0.449872,0.0225,0.00899945
-0.672456,-0.706036,0.431226,0.0175,0.00899945
-0.636397,-0.740308,0.431571,0.0175,0.00899945
-0.555808,-0.737943,0.450005,0.045,0.0850583
-0.557943,-0.769515,0.434237,0.025,0.0850583
-0.514693,-0.751572,0.443981,0.0125,0.0850583
-0.554633,-0.76807,0.47846,0.0225,0.0850583
-0.535075,-0.734385,0.479711,0.0175,0.0850583
-0.541272,-0.705911,0.43939,0.0175,0.0850583
-0.449564,-0.66206,0.450918,0.045,0.281437
-0.481368,-0.677195,0.453988,0.025,0.281437
-0.458836,-0.679404,0.411858,0.0125,0.281437
-0.445272,-0.702199,0.460362,0.0225,0.281437
-0.422056,-0.681396,0.436974,0.0175,0.281437
-0.437179,-0.634518,0.429988,0.0175,0.281437
-0.271544,-0.633245,0.338645,0.045,0.317922
-0.250527,-0.627529,0.310796,0.025,0.317922
-0.284032,-0.661519,0.307708,0.0125,0.317922
-0.289686,-0.606729,0.312442,0.0225,0.317922
-0.307601,-0.634029,0.333714,0.0175,0.317922
-0.276629,-0.662554,0.360211,0.0175,0.317922
-0.267121,-0.707306,0.179757,0.045,0.0638679
-0.243038,-0.713256,0.204948,0.025,0.0638679
-0.289038,-0.722127,0.214578,0.0125,0.0638679
-0.255071,-0.74696,0.17872,0.0225,0.0638679
-0.290954,-0.733561,0.17153,0.0175,0.0638679
-0.295835,-0.68446,0.17787,0.0175,0.0638679
-0.955211,-0.355674,0.427763,0.045,0.00216647
-0.964325,-0.322342,0.435239,0.025,0.00216647
-0.98746,-0.357972,0.457211,0.0125,0.00216647
-0.934531,-0.342518,0.4612,0.0225,0.00216647
-0.947985,-0.378583,0.455112,0.0175,0.00216647
-0.973784,-0.383665,0.412879,0.0175,0.00216647
-0.758217,-0.497778,0.435802,0.045,0.0167402
-0.779233,-0.471739,0.424387,0.025,0.0167402
-0.799154,-0.509817,0.445381,0.0125,0.0167402
-0.765834,-0.471186,0.466682,0.0225,0.0167402
-0.761951,-0.509826,0.469947,0.0175,0.0167402
-0.75546,-0.533223,0.426525,0.0175,0.0167402
-0.700788,-0.499287,0.513125,0.045,0.0371696
-0.734075,-0.496887,0.501454,0.025,0.0371696
-0.708124,-0.535144,0.489189,0.0125,0.0371696
-0.726305,-0.519317,0.53894,0.0225,0.0371696
-0.689989,-0.529909,0.529577,0.0175,0.0371696
-0.668475,-0.500528,0.495682,0.0175,0.0371696
-0.585324,-0.501932,0.44678,0.045,0.0405208
-0.593228,-0.532465,0.430803,0.025,0.0405208
-0.619183,-0.518927,0.468626,0.0125,0.0405208
-0.61508,-0.495839,0.418562,0.0225,0.0405208
-0.611887,-0.477827,0.452973,0.0175,0.0405208
-0.573977,-0.494024,0.48082,0.0175,0.0405208
-0.522859,-0.404058,0.362662,0.045,0.0349748
-0.50216,-0.432546,0.359511,0.025,0.0349748
-0.538278,-0.433735,0.39084,0.0125,0.0349748
-0.539526,-0.43073,0.335653,0.0225,0.0349748
-0.558978,-0.408152,0.360765,0.0175,0.0349748
-0.529672,-0.381405,0.390777,0.0175,0.0349748
-0.42405,-0.43855,0.447695,0.045,0.750681
-0.446013,-0.415751,0.463437,0.025,0.750681
-0.399082,-0.411988,0.471851,0.0125,0.750681
-0.427272,-0.404028,0.424965,0.0225,0.750681
-0.395204,-0.425683,0.429603,0.0175,0.750681
-0.400963,-0.46386,0.460977,0.0175,0.750681
-0.0122242,-0.547189,0.303976,0.045,0.796858
-0.0132188,-0.567733,0.332733,0.025,0.796858
-0.0517709,-0.565852,0.304489,0.0125,0.796858
-0.00133493,-0.585941,0.294055,0.0225,0.796858
-0.0217783,-0.561317,0.271818,0.0175,0.796858
-0.031887,-0.517858,0.293822,0.0175,0.796858
-0.151031,-0.274426,0.187813,0.045,0.159808
-0.128343,-0.301513,0.189049,0.025,0.159808
-0.156419,-0.293308,0.226889,0.0125,0.159808
-0.169946,-0.30928,0.175721,0.0225,0.159808
-0.185977,-0.280242,0.196179,0.0175,0.159808
-0.15417,-0.243835,0.20792,0.0175,0.159808
-0.85413,-0.226647,0.465838,0.045,0.0407004
-0.885261,-0.24234,0.459958,0.025,0.0407004
-0.868163,-0.241217,0.504611,0.0125,0.0407004
-0.88498,-0.199697,0.472215,0.0225,0.0407004
-0.851608,-0.201715,0.49224,0.0175,0.0407004
-0.822041,-0.239293,0.478503,0.0175,0.0407004
-0.73413,-0.116117,0.433176,0.045,0.0724172
-0.714489,-0.13697,0.453897,0.025,0.0724172
-0.753955,-0.117047,0.472145,0.0125,0.0724172
-0.74878,-0.154886,0.432174,0.0225,0.0724172
-0.769945,-0.12219,0.430849,0.0175,0.0724172
-0.743089,-0.080543,0.435242,0.0175,0.0724172
-0.68745,-0.282512,0.406529,0.045,0.0313884
-0.713114,-0.258588,0.402166,0.025,0.0313884
-0.715193,-0.287898,0.439903,0.0125,0.0313884
-0.6786,-0.248194,0.42804,0.0225,0.0313884
-0.670732,-0.28482,0.438781,0.0175,0.0313884
-0.687703,-0.319248,0.407132,0.0175,0.0313884
-0.582029,-0.226313,0.491605,0.045,0.153869
-0.612088,-0.24489,0.490432,0.025,0.153869
-0.613265,-0.200347,0.507811,0.0125,0.153869
-0.602472,-0.217936,0.456524,0.0225,0.153869
-0.581433,-0.192745,0.477538,0.0175,0.153869
-0.56286,-0.211989,0.519486,0.0175,0.153869
-0.385034,-0.160487,0.512315,0.045,0.311368
-0.41252,-0.151317,0.532574,0.025,0.311368
-0.370307,-0.13015,0.540158,0.0125,0.311368
-0.40389,-0.127199,0.496344,0.0225,0.311368
-0.365587,-0.134379,0.49603,0.0175,0.311368
-0.352622,-0.175945,0.520095,0.0175,0.311368
-0.277319,-0.179602,0.40359,0.045,0.308023
-0.272147,-0.166996,0.436215,0.025,0.308023
-0.26961,-0.214232,0.429159,0.0125,0.308023
-0.236803,-0.173929,0.410302,0.0225,0.308023
-0.252934,-0.202645,0.389471,0.0175,0.308023
-0.302681,-0.202147,0.389501,0.0175,0.308023
-0.136622,-0.210698,0.351646,0.045,0.378735
-0.106061,-0.221666,0.365636,0.025,0.378735
-0.127117,-0.248757,0.332316,0.0125,0.378735
-0.104957,-0.198299,0.327933,0.0225,0.378735
-0.140097,-0.209593,0.315429,0.0175,0.378735
-0.170434,-0.225077,0.35169,0.0175,0.378735
-0.949491,-0.0950031,0.540992,0.045,0.008925
-0.975045,-0.10347,0.563911,0.025,0.008925
-0.931449,-0.0933834,0.580796,0.0125,0.008925
-0.967796,-0.0605893,0.555111,0.0225,0.008925
-0.929992,-0.0647863,0.546626,0.0175,0.008925
-0.917393,-0.110868,0.532741,0.0175,0.008925
-0.85333,-0.078145,0.442739,0.045,0.0063323
-0.860679,-0.112176,0.448897,0.025,0.0063323
-0.8181,-0.0950568,0.462371,0.0125,0.0063323
-0.868636,-0.0826074,0.481009,0.0225,0.0063323
-0.840902,-0.0575231,0.470039,0.0175,0.0063323
-0.827636,-0.0616849,0.422272,0.0175,0.0063323
-0.608829,0.126184,0.435117,0.045,0.0440841
-0.606419,0.0909681,0.437134,0.025,0.0440841
-0.619066,0.115416,0.476247,0.0125,0.0440841
-0.645977,0.109058,0.428376,0.0225,0.0440841
-0.639067,0.142547,0.44707,0.0175,0.0440841
-0.59075,0.153244,0.452172,0.0175,0.0440841
-0.610137,-0.0165768,0.481597,0.045,0.221032
-0.637553,-0.00110365,0.497688,0.025,0.221032
-0.601578,-0.0177193,0.524468,0.0125,0.221032
-0.60207,0.0236183,0.487764,0.0225,0.221032
-0.576388,-0.00562781,0.489729,0.0175,0.221032
-0.596507,-0.050659,0.483216,0.0175,0.221032
-0.318211,0.00729084,0.489524,0.045,0.64049
-0.329302,0.0139469,0.45662,0.025,0.64049
-0.350645,-0.0209121,0.481456,0.0125,0.64049
-0.35021,0.033634,0.490443,0.0225,0.64049
-0.342679,0.00557535,0.516419,0.0175,0.64049
-0.303166,-0.0224262,0.505034,0.0175,0.64049
-0.340299,-0.0130939,0.369008,0.045,0.270668
-0.361798,-0.000153365,0.393914,0.025,0.270668
-0.329159,-0.0327965,0.406428,0.0125,0.270668
-0.322145,0.0188981,0.388132,0.0225,0.270668
-0.304389,-0.0131974,0.374966,0.0175,0.270668
-0.335406,-0.0469957,0.355714,0.0175,0.270668
-0.0262308,0.021697,0.385622,0.045,0.784556
-0.0307071,-0.01228,0.394312,0.025,0.784556
-0.055202,0.0210146,0.418374,0.0125,0.784556
-0.0587927,0.00606595,0.365272,0.0225,0.784556
-0.0555375,0.042313,0.379211,0.0175,0.784556
-0.0134419,0.0505693,0.404406,0.0175,0.784556
-0.141816,0.0602236,0.249554,0.045,0.353016
-0.161285,0.0574909,0.278939,0.025,0.353016
-0.126146,0.0258792,0.271631,0.0125,0.353016
-0.12329,0.0803364,0.280715,0.0225,0.353016
-0.105523,0.0603794,0.252345,0.0175,0.353016
-0.136769,0.0376329,0.22102,0.0175,0.353016
-0.866404,0.199971,0.493328,0.045,0.00827812
-0.835936,0.21652,0.486411,0.025,0.00827812
-0.850835,0.182334,0.456463,0.0125,0.00827812
-0.873095,0.231716,0.467516,0.0225,0.00827812
-0.891456,0.197344,0.467051,0.0175,0.00827812
-0.874392,0.164863,0.500648,0.0175,0.00827812
-0.700631,0.145696,0.480304,0.045,0.0728113
-0.694168,0.172583,0.502334,0.025,0.0728113
-0.657882,0.144231,0.489409,0.0125,0.0728113
-0.688193,0.178902,0.458824,0.0225,0.0728113
-0.67984,0.141715,0.450692,0.0175,0.0728113
-0.697419,0.109289,0.484076,0.0175,0.0728113
-0.669544,0.219424,0.325745,0.045,0.00831161
-0.684857,0.250636,0.319316,0.025,0.00831161
-0.692897,0.214438,0.289107,0.0125,0.00831161
-0.70764,0.22012,0.342085,0.0225,0.00831161
-0.690061,0.189357,0.325855,0.0175,0.00831161
-0.645215,0.199428,0.306818,0.0175,0.00831161
-0.444893,0.214327,0.445783,0.045,0.280943
-0.454389,0.180597,0.44108,0.025,0.280943
-0.478411,0.207011,0.472904,0.0125,0.280943
-0.475507,0.212007,0.417923,0.0225,0.280943
-0.470406,0.240247,0.444289,0.0175,0.280943
-0.431987,0.232568,0.474949,0.0175,0.280943
-0.337918,0.238402,0.429832,0.045,0.203789
-0.338504,0.247587,0.395696,0.025,0.203789
-0.380062,0.241531,0.418582,0.0125,0.203789
-0.340744,0.279615,0.426322,0.0225,0.203789
-0.35768,0.257577,0.45364,0.0175,0.203789
-0.350228,0.208749,0.447698,0.0175,0.203789
-0.186548,0.204538,0.352242,0.045,0.282157
-0.163647,0.178781,0.344363,0.025,0.282157
-0.16113,0.219962,0.32017,0.0125,0.282157
-0.151432,0.209803,0.37364,0.0225,0.282157
-0.173899,0.238019,0.358879,0.0175,0.282157
-0.212674,0.221294,0.332578,0.0175,0.282157
-0.209927,0.19519,0.25575,0.045,0.0727505
-0.202199,0.16069,0.255706,0.025,0.0727505
-0.241798,0.175343,0.278172,0.0125,0.0727505
-0.22935,0.176387,0.224318,0.0225,0.0727505
-0.243247,0.205855,0.245701,0.0175,0.0727505
-0.213231,0.219778,0.282852,0.0175,0.0727505
-0.947994,0.271893,0.479449,0.045,0.00790982
-0.975108,0.258004,0.497392,0.025,0.00790982
-0.941055,0.28129,0.521592,0.0125,0.00790982
-0.977554,0.30047,0.484766,0.0225,0.00790982
-0.939092,0.306742,0.485043,0.0175,0.00790982
-0.911841,0.265393,0.480285,0.0175,0.00790982
-0.808483,0.404744,0.474762,0.045,0.0112841
-0.786898,0.404999,0.502762,0.025,0.0112841
-0.825987,0.432544,0.503628,0.0125,0.0112841
-0.821666,0.377433,0.50303,0.0225,0.0112841
-0.844112,0.399399,0.479956,0.0175,0.0112841
-0.81867,0.430966,0.451126,0.0175,0.0112841
-0.713176,0.420372,0.479071,0.045,0.0376299
-0.732307,0.39064,0.479159,0.025,0.0376299
-0.751831,0.430583,0.496792,0.0125,0.0376299
-0.736709,0.418596,0.444985,0.0225,0.0376299
-0.727711,0.450705,0.465155,0.0175,0.0376299
-0.700885,0.441973,0.506132,0.0175,0.0376299
-0.675461,0.341769,0.339753,0.045,0.0150013
-0.679508,0.349597,0.305514,0.025,0.0150013
-0.639668,0.32706,0.319382,0.0125,0.0150013
-0.692085,0.309493,0.319737,0.0225,0.0150013
-0.666617,0.307742,0.349182,0.0175,0.0150013
-0.65065,0.352209,0.364762,0.0175,0.0150013
-0.504005,0.505648,0.434196,0.045,0.100141
-0.47022,0.501372,0.443697,0.025,0.100141
-0.503304,0.506018,0.477921,0.0125,0.100141
-0.496196,0.465502,0.440986,0.0225,0.100141
-0.5294,0.484231,0.449079,0.0175,0.100141
-0.527929,0.533027,0.439494,0.0175,0.100141
-0.428518,0.391139,0.437385,0.045,0.174732
-0.436134,0.363929,0.416134,0.025,0.174732
-0.408989,0.399456,0.399149,0.0125,0.174732
-0.398236,0.362882,0.439186,0.0225,0.174732
-0.393831,0.40156,0.441022,0.0175,0.174732
-0.436202,0.427013,0.435379,0.0175,0.174732
-0.0892191,0.571519,0.263094,0.045,0.796531
-0.0586888,0.580817,0.278307,0.025,0.796531
-0.0577164,0.562537,0.234121,0.0125,0.796531
-0.0791557,0.61021,0.252118,0.0225,0.796531
-0.0967077,0.583675,0.22961,0.0175,0.796531
-0.102154,0.539223,0.251275,0.0175,0.796531
-0.213395,0.431228,0.196528,0.045,0.104624
-0.178428,0.436439,0.196202,0.025,0.104624
-0.205611,0.464646,0.223641,0.0125,0.104624
-0.195703,0.410411,0.227711,0.0225,0.104624
-0.230485,0.42797,0.228502,0.0175,0.104624
-0.241683,0.452519,0.186706,0.0175,0.104624
-0.863876,0.519821,0.384453,0.045,0.0304414
-0.872832,0.552846,0.375556,0.025,0.0304414
-0.832058,0.545759,0.39953,0.0125,0.0304414
-0.84612,0.530069,0.348419,0.0225,0.0304414
-0.830522,0.507743,0.376294,0.0175,0.0304414
-0.858857,0.503444,0.416958,0.0175,0.0304414
-0.754393,0.543915,0.370174,0.045,0.015385
-0.755973,0.509369,0.362821,0.025,0.015385
-0.795417,0.535858,0.357346,0.0125,0.015385
-0.747547,0.537731,0.329756,0.0225,0.015385
-0.766628,0.567801,0.345583,0.0175,0.015385
-0.771726,0.564757,0.394976,0.0175,0.015385
-0.728459,0.746892,0.436172,0.045,0.0469039
-0.718009,0.730158,0.46551,0.025,0.0469039
-0.764538,0.739638,0.459798,0.0125,0.0469039
-0.731605,0.705885,0.430946,0.0225,0.0469039
-0.755776,0.732886,0.416611,0.0175,0.0469039
-0.744817,0.77933,0.430676,0.0175,0.0469039
-0.620051,0.623387,0.367863,0.045,0.0244095
-0.608571,0.607962,0.397532,0.025,0.0244095
-0.60245,0.585173,0.35593,0.0125,0.0244095
-0.580041,0.632402,0.37392,0.0225,0.0244095
-0.597368,0.626322,0.339546,0.0175,0.0244095
-0.645334,0.613597,0.343064,0.0175,0.0244095
-0.529476,0.661224,0.455219,0.045,0.0440519
-0.543798,0.673898,0.484956,0.025,0.0440519
-0.510957,0.700216,0.462232,0.0125,0.0440519
-0.561768,0.685574,0.446103,0.0225,0.0440519
-0.528829,0.682285,0.425537,0.0175,0.0440519
-0.495003,0.652239,0.446227,0.0175,0.0440519
-0.185969,0.717271,0.384884,0.045,0.75963
-0.176693,0.727323,0.417486,0.025,0.75963
-0.150772,0.742837,0.380406,0.0125,0.75963
-0.203247,0.753874,0.393851,0.0225,0.75963
-0.18989,0.742587,0.359024,0.0175,0.75963
-0.168584,0.697631,0.359154,0.0175,0.75963
-0.164472,0.628864,0.260104,0.045,0.129322
-0.19108,0.620582,0.281862,0.025,0.129322
-0.148726,0.599291,0.288211,0.0125,0.129322
-0.162747,0.652434,0.294167,0.0225,0.129322
-0.132323,0.638342,0.274303,0.0175,0.129322
-0.144931,0.608943,0.236202,0.0175,0.129322
-0.884896,0.750175,0.320997,0.045,0.00567307
-0.900369,0.733498,0.348061,0.025,0.00567307
-0.873532,0.772034,0.357129,0.0125,0.00567307
-0.92132,0.767995,0.329629,0.0225,0.00567307
-0.888966,0.786203,0.317778,0.0175,0.00567307
-0.849654,0.756173,0.312511,0.0175,0.00567307
-0.817159,0.811642,0.322592,0.045,0.00784225
-0.838174,0.796728,0.298385,0.025,0.00784225
-0.847968,0.841181,0.313066,0.0125,0.00784225
-0.804594,0.822203,0.284522,0.0225,0.00784225
-0.80365,0.844839,0.316231,0.0175,0.00784225
-0.823414,0.823738,0.356717,0.0175,0.00784225
-0.73336,0.779909,0.344358,0.045,0.00633626
-0.732102,0.752643,0.36683,0.025,0.00633626
-0.6983,0.786359,0.36969,0.0125,0.00633626
-0.752551,0.789845,0.379738,0.0225,0.00633626
-0.731279,0.81378,0.357527,0.0175,0.00633626
-0.710251,0.791578,0.318286,0.0175,0.00633626
-0.502737,0.789091,0.36492,0.045,0.128978
-0.484144,0.802266,0.391952,0.025,0.128978
-0.499005,0.756863,0.394244,0.0125,0.128978
-0.462509,0.780356,0.360004,0.0225,0.128978
-0.492458,0.757449,0.35015,0.0175,0.128978
-0.536961,0.775943,0.362498,0.0175,0.128978
-0.394018,0.918238,0.432456,0.045,0.459524
-0.370595,0.912539,0.406593,0.025,0.459524
-0.417091,0.906317,0.397271,0.0125,0.459524
-0.389475,0.952574,0.409672,0.0225,0.459524
-0.422519,0.939949,0.426027,0.0175,0.459524
-0.41811,0.896213,0.449322,0.0175,0.459524
-0.349311,0.944641,0.340152,0.045,0.540414
-0.360746,0.974716,0.354806,0.025,0.540414
-0.313813,0.965504,0.354888,0.0125,0.540414
-0.347755,0.975387,0.312385,0.0225,0.540414
-0.322365,0.946011,0.315717,0.0175,0.540414
-0.331606,0.915554,0.353953,0.0175,0.540414
-0.141883,0.955414,0.17649,0.045,0.0858467
-0.132733,0.932038,0.201387,0.025,0.0858467
-0.130858,0.978671,0.211846,0.0125,0.0858467
-0.17457,0.946789,0.200488,0.0225,0.0858467
-0.166073,0.981364,0.184641,0.0175,0.0858467
-0.123158,0.982064,0.159485,0.0175,0.0858467
-0.155942,0.718147,0.263338,0.045,0.171755
-0.132209,0.691955,0.262503,0.025,0.171755
-0.174928,0.684915,0.24218,0.0125,0.171755
-0.134393,0.719711,0.227955,0.0225,0.171755
-0.172145,0.728314,0.232369,0.0175,0.171755
-0.189324,0.720825,0.278454,0.0175,0.171755
-0.9494,-0.825145,0.443643,0.045,0.0041762
-0.975109,-0.84925,0.44082,0.025,0.0041762
-0.98461,-0.808022,0.463125,0.0125,0.0041762
-0.972404,-0.817415,0.41003,0.0225,0.0041762
-0.95612,-0.790855,0.433442,0.0175,0.0041762
-0.932494,-0.810277,0.472679,0.0175,0.0041762
-0.874275,-0.857715,0.384425,0.045,0.00145594
-0.86986,-0.892732,0.382359,0.025,0.00145594
-0.844632,-0.868263,0.414798,0.0125,0.00145594
-0.899168,-0.876734,0.411579,0.0225,0.00145594
-0.881053,-0.842635,0.416855,0.0175,0.00145594
-0.8513,-0.829522,0.379201,0.0175,0.00145594
-0.61351,-0.808758,0.450388,0.045,0.0330797
-0.648545,-0.813393,0.449343,0.025,0.0330797
-0.622858,-0.839234,0.480326,0.0125,0.0330797
-0.631811,-0.784703,0.478764,0.0225,0.0330797
-0.597432,-0.802677,0.482474,0.0175,0.0330797
-0.585342,-0.831374,0.443676,0.0175,0.0330797
-0.513379,-0.823021,0.440989,0.045,0.0874358
-0.47814,-0.820703,0.442666,0.025,0.0874358
-0.503693,-0.780404,0.439422,0.0125,0.0874358
-0.501422,-0.817547,0.480305,0.0225,0.0874358
-0.533517,-0.802943,0.463711,0.0175,0.0874358
-0.537629,-0.813178,0.4152,0.0175,0.0874358
-0.427144,-0.866462,0.428971,0.045,0.0721203
-0.392765,-0.872603,0.434483,0.025,0.0721203
-0.419945,-0.907961,0.417202,0.0125,0.0721203
-0.40581,-0.859787,0.394056,0.0225,0.0721203
-0.441647,-0.874875,0.396662,0.0175,0.0721203
-0.457545,-0.881241,0.443372,0.0175,0.0721203
-0.0220938,-0.846674,0.221795,0.045,0.45957
-0.0211505,-0.82381,0.248746,0.025,0.45957
-0.0366869,-0.868305,0.25689,0.0125,0.45957
0.0136493,-0.850602,0.242429,0.0225,0.45957
-0.00668999,-0.879406,0.225834,0.0175,0.45957
-0.0497018,-0.864719,0.205604,0.0175,0.45957
-0.264277,-0.753821,0.257708,0.045,0.197404
-0.296659,-0.752479,0.271835,0.025,0.197404
-0.284555,-0.719907,0.23897,0.0125,0.197404
-0.291022,-0.774564,0.233766,0.0225,0.197404
-0.260759,-0.753304,0.221481,0.0175,0.197404
-0.236141,-0.730193,0.258016,0.0175,0.197404
-0.953432,-0.450842,0.422171,0.045,0.00357434
-0.974053,-0.479498,0.424075,0.025,0.00357434
-0.961261,-0.463214,0.380962,0.0125,0.00357434
-0.930144,-0.485123,0.421061,0.0225,0.00357434
-0.923391,-0.452013,0.401648,0.0175,0.00357434
-0.958692,-0.417483,0.407695,0.0175,0.00357434
-0.815298,-0.608778,0.436567,0.045,0.0121775
-0.814902,-0.642327,0.447718,0.025,0.0121775
-0.817753,-0.607343,0.480207,0.0125,0.0121775
-0.854107,-0.622526,0.441424,0.0225,0.0121775
-0.841346,-0.586427,0.448689,0.0175,0.0121775
-0.792383,-0.580592,0.442086,0.0175,0.0121775
-0.752026,-0.572047,0.488907,0.045,0.0326647
-0.740046,-0.593891,0.513993,0.025,0.0326647
-0.710846,-0.559914,0.497246,0.0125,0.0326647
-0.757624,-0.555056,0.526306,0.0225,0.0326647
-0.748367,-0.536126,0.493523,0.0175,0.0326647
-0.741362,-0.5659,0.454287,0.0175,0.0326647
-0.679146,-0.545112,0.439004,0.045,0.0204226
-0.674058,-0.550875,0.473513,0.025,0.0204226
-0.637233,-0.556734,0.443561,0.0125,0.0204226
-0.664718,-0.51072,0.45711,0.0225,0.0204226
-0.656212,-0.523176,0.421175,0.0175,0.0204226
-0.676661,-0.567032,0.409621,0.0175,0.0204226
-0.618394,-0.586815,0.387642,0.045,0.0202036
-0.586599,-0.589407,0.402886,0.025,0.0202036
-0.589781,-0.594212,0.355407,0.0125,0.0202036
-0.599411,-0.549962,0.387115,0.0225,0.0202036
-0.622642,-0.564341,0.359325,0.0175,0.0202036
-0.638551,-0.610628,0.368235,0.0175,0.0202036
-0.332028,-0.595595,0.393681,0.045,0.544317
-0.297379,-0.602312,0.395756,0.025,0.544317
-0.312655,-0.557691,0.403702,0.0125,0.544317
-0.321532,-0.603757,0.432948,0.0225,0.544317
-0.348305,-0.578036,0.421099,0.0175,0.544317
-0.35173,-0.573765,0.371651,0.0175,0.544317
-0.246471,-0.547553,0.349358,0.045,0.542504
-0.227157,-0.566216,0.326365,0.025,0.542504
-0.246649,-0.525011,0.311883,0.0125,0.542504
-0.207266,-0.534076,0.349607,0.0225,0.542504
-0.239212,-0.512177,0.353924,0.0175,0.542504
-0.281811,-0.537501,0.349567,0.0175,0.542504
-0.108503,-0.46712,0.18414,0.045,0.219936
-0.0738989,-0.469046,0.177153,0.025,0.219936
-0.0937968,-0.42595,0.183016,0.0125,0.219936
-0.0868971,-0.466889,0.219522,0.0225,0.219936
-0.119742,-0.447152,0.212423,0.0175,0.219936
-0.136638,-0.452103,0.165894,0.0175,0.219936
-0.856499,-0.457066,0.424062,0.045,0.00901562
-0.834683,-0.464868,0.450767,0.025,0.00901562
-0.846008,-0.419058,0.442979,0.0125,0.00901562
-0.87807,-0.461056,0.45924,0.0225,0.00901562
-0.885366,-0.435831,0.430444,0.0175,0.00901562
-0.852074,-0.437156,0.3935,0.0175,0.00901562
-0.750423,-0.244966,0.459651,0.045,0.0351195
-0.777492,-0.22383,0.451249,0.025,0.0351195
-0.749422,-0.240261,0.416184,0.0125,0.0351195
-0.78363,-0.267751,0.449805,0.0225,0.0351195
-0.746481,-0.276526,0.441947,0.0175,0.0351195
-0.714071,-0.241378,0.455701,0.0175,0.0351195
-0.722758,-0.437995,0.57511,0.045,0.0551199
-0.715925,-0.468888,0.590887,0.025,0.0551199
-0.720633,-0.429778,0.618011,0.0125,0.0551199
-0.758187,-0.455942,0.587005,0.0225,0.0551199
-0.750492,-0.417738,0.587173,0.0175,0.0551199
-0.704053,-0.406418,0.57338,0.0175,0.0551199
-0.571809,-0.399986,0.440398,0.045,0.0503329
-0.596749,-0.378961,0.426762,0.025,0.0503329
-0.551278,-0.372241,0.413543,0.0125,0.0503329
-0.584798,-0.415172,0.404074,0.0225,0.0503329
-0.548404,-0.416512,0.417945,0.0175,0.0503329
-0.542498,-0.393163,0.461477,0.0175,0.0503329
-0.52999,-0.341619,0.494403,0.045,0.106785
-0.519747,-0.375089,0.499388,0.025,0.106785
-0.527178,-0.347387,0.537662,0.0125,0.106785
-0.563147,-0.365877,0.49997,0.0225,0.106785
-0.559076,-0.329166,0.512402,0.0175,0.106785
-0.514406,-0.309444,0.502881,0.0175,0.106785
-0.361852,-0.308274,0.449416,0.045,0.362893
-0.355148,-0.332353,0.474421,0.025,0.362893
-0.327338,-0.33126,0.435526,0.0125,0.362893
-0.333276,-0.29377,0.475719,0.0225,0.362893
-0.33466,-0.28732,0.43731,0.0175,0.362893
-0.37156,-0.311303,0.414109,0.0175,0.362893
-0.0189543,-0.454773,0.31237,0.045,0.953549
0.00290042,-0.430335,0.325605,0.025,0.953549
-0.0430628,-0.42963,0.338811,0.0125,0.953549
-0.00402722,-0.467452,0.348911,0.0225,0.953549
-0.0399017,-0.473947,0.335142,0.0175,0.953549
-0.0489184,-0.452341,0.291246,0.0175,0.953549
-0.954659,-0.178183,0.507291,0.045,0.011171
-0.925784,-0.17131,0.488082,0.025,0.011171
-0.931449,-0.148821,0.529911,0.0125,0.011171
-0.92341,-0.202523,0.519529,0.0225,0.011171
-0.950852,-0.186963,0.542411,0.0175,0.011171
-0.98257,-0.157051,0.518447,0.0175,0.011171
-0.8072,-0.150387,0.472587,0.045,0.0606279
-0.774316,-0.146951,0.485109,0.025,0.0606279
-0.799596,-0.107439,0.475769,0.0125,0.0606279
-0.808109,-0.14659,0.51386,0.0225,0.0606279
-0.834275,-0.132242,0.488796,0.0175,0.0606279
-0.822864,-0.140034,0.441004,0.0175,0.0606279
-0.711942,-0.00932407,0.488194,0.045,0.0647157
-0.710844,-0.0280938,0.518136,0.025,0.0647157
-0.677243,0.00509133,0.510571,0.0125,0.0647157
-0.731635,0.0111032,0.518421,0.0225,0.0647157
-0.710193,0.0269886,0.49002,0.0175,0.0647157
-0.688554,-0.00628048,0.460021,0.0175,0.0647157
-0.495665,-0.167402,0.520372,0.045,0.444416
-0.497417,-0.192585,0.495618,0.025,0.444416
-0.489029,-0.205433,0.540918,0.0125,0.444416
-0.534147,-0.182706,0.518467,0.0225,0.444416
-0.515565,-0.170954,0.550644,0.0175,0.444416
-0.468618,-0.156519,0.542734,0.0175,0.444416
-0.481052,-0.267169,0.53877,0.045,0.25027
-0.476478,-0.2436,0.512816,0.025,0.25027
-0.505139,-0.281089,0.505027,0.0125,0.25027
-0.511186,-0.238723,0.540025,0.0225,0.25027
-0.514886,-0.276626,0.5483,0.0175,0.25027
-0.473276,-0.302988,0.541327,0.0175,0.25027
-0.357764,-0.103284,0.429178,0.045,0.532181
-0.366541,-0.137524,0.428395,0.025,0.532181
-0.337081,-0.120576,0.394744,0.0125,0.532181
-0.329201,-0.125667,0.449226,0.0225,0.532181
-0.322607,-0.0940034,0.427484,0.0175,0.532181
-0.363327,-0.0757608,0.405482,0.0175,0.532181
-0.0184727,-0.11203,0.334034,0.045,0.859502
0.000391079,-0.129832,0.310008,0.025,0.859502
0.018743,-0.0897336,0.328523,0.0125,0.859502
0.00764626,-0.138043,0.353004,0.0225,0.859502
-0.00268628,-0.102585,0.365444,0.0175,0.859502
-0.0327002,-0.0781545,0.334182,0.0175,0.859502
-0.0886621,-0.208333,0.194603,0.045,0.369105
-0.0865767,-0.195799,0.227596,0.025,0.369105
-0.122785,-0.224946,0.216332,0.0125,0.369105
-0.0685469,-0.235365,0.218756,0.0225,0.369105
-0.0927792,-0.244142,0.189524,0.0175,0.369105
-0.113936,-0.204477,0.168215,0.0175,0.369105
-0.841246,0.00874043,0.538247,0.045,0.040424
-0.811996,-0.00879661,0.547571,0.025,0.040424
-0.813924,0.0383786,0.555206,0.0125,0.040424
-0.843495,-0.00231231,0.578141,0.0225,0.040424
-0.857215,0.0306549,0.562531,0.0175,0.040424
-0.847267,0.0357276,0.514051,0.0175,0.040424
-0.781112,0.0660095,0.486389,0.045,0.0345106
-0.756676,0.0568238,0.510233,0.025,0.0345106
-0.744813,0.0880992,0.476047,0.0125,0.0345106
-0.780881,0.0932688,0.517624,0.0225,0.0345106
-0.7872,0.101328,0.480023,0.0175,0.0345106
-0.782846,0.0619667,0.449911,0.0175,0.0345106
-0.6167,0.202138,0.482635,0.045,0.0517184
-0.650998,0.19957,0.490826,0.025,0.0517184
-0.633293,0.242455,0.47921,0.0125,0.0517184
-0.639139,0.197103,0.448141,0.0225,0.0517184
-0.607096,0.218975,0.451825,0.0175,0.0517184
-0.588871,0.220486,0.498092,0.0175,0.0517184
-0.497803,0.0177031,0.460551,0.045,0.30816
-0.531716,0.0276681,0.461299,0.025,0.30816
-0.506413,0.0292054,0.501856,0.0125,0.30816
-0.500594,0.0587569,0.455497,0.0225,0.30816
-0.472583,0.0397455,0.474802,0.0175,0.30816
-0.479607,-0.00943946,0.47735,0.0175,0.30816
-0.238438,0.181758,0.436007,0.045,0.635813
-0.261823,0.156438,0.443883,0.025,0.635813
-0.219649,0.143769,0.42522,0.0125,0.635813
-0.231063,0.167034,0.474053,0.0225,0.635813
-0.204294,0.178716,0.448252,0.0175,0.635813
-0.223194,0.192376,0.404307,0.0175,0.635813
-0.126171,0.0914745,0.376082,0.045,0.859841
-0.152344,0.0903322,0.399825,0.025,0.859841
-0.111299,0.111724,0.411878,0.0125,0.859841
-0.14878,0.126156,0.373888,0.0225,0.859841
-0.110233,0.123394,0.368864,0.0175,0.859841
-0.0921435,0.0776138,0.376072,0.0175,0.859841
-0.0780077,0.1672,0.331428,0.045,0.608683
-0.0708118,0.201812,0.330923,0.025,0.608683
-0.0608654,0.175703,0.292104,0.0125,0.608683
-0.109764,0.188006,0.314772,0.0225,0.608683
-0.0971489,0.152723,0.304059,0.0175,0.608683
-0.0566511,0.137438,0.32858,0.0175,0.608683
-0.953356,0.19892,0.531661,0.045,0.0143737
-0.922087,0.182422,0.531838,0.025,0.0143737
-0.923794,0.228288,0.518387,0.0125,0.0143737
-0.934052,0.205586,0.56774,0.0225,0.0143737
-0.956508,0.23101,0.548553,0.0175,0.0143737
-0.973086,0.214272,0.504735,0.0175,0.0143737
-0.801936,0.278194,0.474337,0.045,0.0184163
-0.799691,0.243956,0.465813,0.025,0.0184163
-0.801972,0.256029,0.512035,0.0125,0.0184163
-0.839883,0.261637,0.472192,0.0225,0.0184163
-0.828053,0.289029,0.497261,0.0175,0.0184163
-0.779786,0.300453,0.493413,0.0175,0.0184163
-0.718666,0.326775,0.453676,0.045,0.0438723
-0.699059,0.352882,0.46724,0.025,0.0438723
-0.746707,0.35669,0.468884,0.0125,0.0438723
-0.713284,0.320758,0.49434,0.0225,0.0438723
-0.745353,0.312405,0.473833,0.0175,0.0438723
-0.742789,0.325765,0.42598,0.0175,0.0438723
-0.561639,0.208639,0.383821,0.045,0.0177641
-0.565454,0.212991,0.418699,0.025,0.0177641
-0.526065,0.191287,0.40242,0.0125,0.0177641
-0.542816,0.243561,0.395857,0.0225,0.0177641
-0.530624,0.219218,0.367973,0.0175,0.0177641
-0.558939,0.178645,0.362771,0.0175,0.0177641
-0.453347,0.258464,0.527591,0.045,0.432478
-0.422621,0.240994,0.528433,0.025,0.432478
-0.42599,0.280272,0.501352,0.0125,0.432478
-0.428459,0.275002,0.556328,0.0225,0.432478
-0.453432,0.294376,0.533531,0.0175,0.432478
-0.47697,0.265691,0.500393,0.0175,0.432478
-0.1822,0.339825,0.397633,0.045,0.497061
-0.173014,0.362377,0.423264,0.025,0.497061
-0.207621,0.375079,0.392792,0.0125,0.497061
-0.206909,0.334679,0.430522,0.0225,0.497061
-0.217364,0.331577,0.393108,0.0175,0.497061
-0.180871,0.342134,0.360987,0.0175,0.497061
-0.173989,0.276897,0.300779,0.045,0.274981
-0.194737,0.283581,0.272943,0.025,0.274981
-0.186191,0.318753,0.304207,0.0125,0.274981
-0.151458,0.292867,0.269859,0.0225,0.274981
-0.146234,0.299335,0.307933,0.0175,0.274981
-0.180203,0.277497,0.336988,0.0175,0.274981
-0.275169,0.257921,0.262961,0.045,0.0218624
-0.261457,0.283307,0.283395,0.025,0.0218624
-0.258978,0.288206,0.235883,0.0125,0.0218624
-0.303201,0.287852,0.269057,0.0225,0.0218624
-0.298278,0.267164,0.236399,0.0175,0.0218624
-0.260169,0.235239,0.238253,0.0175,0.0218624
-0.858862,0.493413,0.499686,0.045,0.0221445
-0.832767,0.517028,0.503058,0.025,0.0221445
-0.877401,0.532888,0.496446,0.0125,0.0221445
-0.855689,0.505433,0.539236,0.0225,0.0221445
-0.888666,0.49694,0.520285,0.0175,0.0221445
-0.882088,0.485949,0.472212,0.0175,0.0221445
-0.771033,0.484791,0.435756,0.045,0.0264838
-0.752933,0.483241,0.405425,0.025,0.0264838
-0.783381,0.447861,0.415849,0.0125,0.0264838
-0.793545,0.501109,0.405003,0.0225,0.0264838
-0.807153,0.480332,0.435035,0.0175,0.0264838
-0.7717,0.462985,0.46532,0.0175,0.0264838
-0.681297,0.561206,0.425235,0.045,0.0319857
-0.664408,0.592263,0.425691,0.025,0.0319857
-0.638626,0.552133,0.422177,0.0125,0.0319857
-0.674572,0.574218,0.386451,0.0225,0.0319857
-0.673623,0.537295,0.398884,0.0175,0.0319857
-0.680549,0.532292,0.447894,0.0175,0.0319857
-0.647474,0.713233,0.412812,0.045,0.102061
-0.680374,0.704662,0.40311,0.025,0.102061
-0.644138,0.693264,0.374049,0.0125,0.102061
-0.656053,0.674436,0.424643,0.0225,0.102061
-0.621599,0.68764,0.4121,0.0175,0.102061
-0.622204,0.735292,0.397819,0.0175,0.102061
-0.602127,0.706919,0.504351,0.045,0.0875439
-0.569631,0.720456,0.501067,0.025,0.0875439
-0.580526,0.680703,0.476807,0.0125,0.0875439
-0.600507,0.73196,0.47135,0.0225,0.0875439
-0.6211,0.699007,0.47431,0.0175,0.0875439
-0.614352,0.674746,0.517216,0.0175,0.0875439
-0.304142,0.428869,0.415251,0.045,0.395159
-0.281824,0.4273,0.387875,0.025,0.395159
-0.288608,0.469359,0.409613,0.0125,0.395159
-0.265429,0.423016,0.428882,0.0225,0.395159
-0.293022,0.444357,0.446259,0.0175,0.395159
-0.335532,0.44721,0.420572,0.0175,0.395159
-0.0118437,0.520608,0.268668,0.045,0.669628
-0.0273692,0.505201,0.296445,0.025,0.669628
0.019046,0.516371,0.299334,0.0125,0.669628
-0.0250326,0.549495,0.29532,0.0225,0.669628
0.00744057,0.551046,0.27383,0.0175,0.669628
0.0157394,0.510131,0.246773,0.0175,0.669628
-0.955101,0.54048,0.419381,0.045,0.00681007
-0.948366,0.505795,0.4181,0.025,0.00681007
-0.93131,0.533819,0.383296,0.0125,0.00681007
-0.918448,0.532529,0.437047,0.0225,0.00681007
-0.927524,0.563983,0.415905,0.0175,0.00681007
-0.97348,0.56297,0.396877,0.0175,0.00681007
-0.874268,0.670473,0.362827,0.045,0.00579631
-0.889421,0.640592,0.374117,0.025,0.00579631
-0.849451,0.655645,0.395641,0.0125,0.00579631
-0.89972,0.678623,0.394521,0.0225,0.00579631
-0.865764,0.696243,0.387088,0.0175,0.00579631
-0.841393,0.677477,0.347987,0.0175,0.00579631
-0.787577,0.869019,0.43167,0.045,0.013933
-0.820193,0.876664,0.442971,0.025,0.013933
-0.810573,0.880455,0.396274,0.0125,0.013933
-0.811847,0.835557,0.428505,0.0225,0.013933
-0.78347,0.845883,0.40387,0.0175,0.013933
-0.761765,0.889223,0.415071,0.0175,0.013933
-0.626763,0.799271,0.428405,0.045,0.0926545
-0.615348,0.811987,0.459356,0.025,0.0926545
-0.583995,0.807021,0.423582,0.0125,0.0926545
-0.627615,0.840716,0.427845,0.0225,0.0926545
-0.618884,0.817418,0.39785,0.0175,0.0926545
-0.618167,0.76903,0.409389,0.0175,0.0926545
-0.465745,0.837303,0.449596,0.045,0.34889
-0.453598,0.834363,0.482669,0.025,0.34889
-0.424853,0.8528,0.449184,0.0125,0.34889
-0.471948,0.872771,0.470146,0.0225,0.34889
-0.462747,0.869266,0.432439,0.0175,0.34889
-0.454901,0.822363,0.417829,0.0175,0.34889
-0.418756,0.715425,0.469806,0.045,0.209883
-0.450466,0.707848,0.456129,0.025,0.209883
-0.434203,0.681378,0.492493,0.0125,0.209883
-0.448432,0.734786,0.491328,0.0225,0.209883
-0.415585,0.71963,0.505823,0.0175,0.209883
-0.387544,0.696172,0.472083,0.0175,0.209883
-0.106646,0.843529,0.3656,0.045,0.658946
-0.101741,0.874011,0.382827,0.025,0.658946
-0.0907633,0.83307,0.404981,0.0125,0.658946
-0.0675832,0.85648,0.360586,0.0225,0.658946
-0.0793513,0.819493,0.364079,0.0175,0.658946
-0.128165,0.814508,0.372285,0.0175,0.658946
-0.0567236,0.67724,0.16876,0.045,0.145423
-0.0552497,0.645323,0.183896,0.025,0.145423
-0.0970176,0.660443,0.166167,0.0125,0.145423
-0.0499075,0.648225,0.139944,0.0225,0.145423
-0.0714285,0.680425,0.135615,0.0175,0.145423
-0.0755376,0.707701,0.177017,0.0175,0.145423
-0.936887,0.948816,0.282328,0.045,0.0048371
-0.945071,0.974919,0.25993,0.025,0.0048371
-0.931733,0.932618,0.242034,0.0125,0.0048371
-0.976733,0.945966,0.271242,0.0225,0.0048371
-0.952467,0.916214,0.27793,0.0175,0.0048371
-0.905822,0.930106,0.288238,0.0175,0.0048371
-0.792654,0.954688,0.39847,0.045,0.0125582
-0.764536,0.934308,0.405106,0.025,0.0125582
-0.777027,0.942127,0.359605,0.0125,0.0125582
-0.758086,0.977557,0.397581,0.0225,0.0125582
-0.789383,0.982167,0.374822,0.0175,0.0125582
-0.82477,0.947933,0.38195,0.0175,0.0125582
-0.706845,0.945845,0.367445,0.045,0.0100708
-0.702219,0.975138,0.386693,0.025,0.0100708
-0.672978,0.967083,0.349713,0.0125,0.0100708
-0.727268,0.977506,0.350146,0.0225,0.0100708
-0.709125,0.948668,0.331226,0.0175,0.0100708
-0.68531,0.916768,0.361062,0.0175,0.0100708
-0.617816,0.955031,0.381794,0.045,0.013705
-0.609443,0.930757,0.406097,0.025,0.013705
-0.605725,0.977031,0.417604,0.0125,0.013705
-0.650687,0.947114,0.405785,0.0225,0.013705
-0.64095,0.981694,0.390679,0.0175,0.013705
-0.598169,0.981329,0.365288,0.0175,0.013705
-0.252323,0.950399,0.35357,0.045,0.198771
-0.247103,0.922956,0.3319,0.025,0.198771
-0.227332,0.965073,0.320819,0.0125,0.198771
-0.216854,0.931259,0.363281,0.0225,0.198771
-0.223595,0.969604,0.365012,0.0175,0.198771
-0.268694,0.982944,0.348789,0.0175,0.198771
-0.273485,0.908278,0.430026,0.045,0.295069
-0.24929,0.902345,0.404938,0.025,0.295069
-0.287238,0.929449,0.394317,0.0125,0.295069
-0.245748,0.939088,0.429559,0.0225,0.295069
-0.283886,0.942494,0.436815,0.0175,0.295069
-0.309168,0.899867,0.43248,0.0175,0.295069
-0.251745,0.946724,0.179476,0.045,0.0412115
-0.225441,0.968147,0.169518,0.025,0.0412115
-0.241188,0.970517,0.214617,0.0125,0.0412115
-0.215189,0.929346,0.188441,0.0225,0.0412115
-0.247794,0.926712,0.209624,0.0175,0.0412115
-0.285783,0.953325,0.191635,0.0175,0.0412115
-0.955082,-0.72318,0.42381,0.045,0.00857255
-0.93541,-0.716844,0.395124,0.025,0.00857255
-0.98304,-0.714961,0.391202,0.0125,0.00857255
-0.948677,-0.682419,0.419775,0.0225,0.00857255
-0.981143,-0.699472,0.432963,0.0175,0.00857255
-0.979845,-0.749185,0.431587,0.0175,0.00857255
-0.952363,-0.89891,0.367304,0.045,0.00850439
-0.974066,-0.871277,0.363378,0.025,0.00850439
-0.983057,-0.902793,0.398212,0.0125,0.00850439
-0.94053,-0.867978,0.392243,0.0225,0.00850439
-0.938643,-0.906071,0.40025,0.0175,0.00850439
-0.957734,-0.935163,0.364695,0.0175,0.00850439
-0.829457,-0.950387,0.446125,0.045,0.0117013
-0.830844,-0.918849,0.430205,0.025,0.0117013
-0.788777,-0.934353,0.446864,0.0125,0.0117013
-0.820077,-0.954404,0.405943,0.0225,0.0117013
-0.804391,-0.97451,0.435412,0.0175,0.0117013
-0.820569,-0.960481,0.480317,0.0175,0.0117013
-0.587396,-0.955079,0.525599,0.045,0.112366
-0.554608,-0.941905,0.524416,0.025,0.112366
-0.591517,-0.912376,0.517116,0.0125,0.112366
-0.576883,-0.939953,0.56274,0.0225,0.112366
-0.612287,-0.938693,0.546502,0.0175,0.112366
-0.614065,-0.957384,0.500431,0.0175,0.112366
-0.396991,-0.953046,0.457846,0.045,0.0957121
-0.391788,-0.974998,0.485067,0.025,0.0957121
-0.354177,-0.961931,0.458569,0.0125,0.0957121
-0.386364,-0.931448,0.4916,0.0225,0.0957121
-0.376176,-0.923332,0.454869,0.0175,0.0957121
-0.391916,-0.95686,0.421656,0.0175,0.0957121
-0.159724,-0.947896,0.37272,0.045,0.472791
-0.150605,-0.917185,0.387676,0.025,0.472791
-0.195221,-0.933327,0.393701,0.0125,0.472791
-0.14737,-0.954302,0.411772,0.0225,0.472791
-0.175748,-0.973427,0.393126,0.0175,0.472791
-0.184698,-0.956541,0.347194,0.0175,0.472791
-0.203771,-0.82139,0.254681,0.045,0.518091
-0.179171,-0.845244,0.245971,0.025,0.518091
-0.200965,-0.849136,0.288367,0.0125,0.518091
-0.221704,-0.854538,0.237407,0.0225,0.518091
-0.236231,-0.832948,0.266418,0.0175,0.518091
-0.205811,-0.79673,0.281841,0.0175,0.518091
-0.180718,-0.922621,0.200349,0.045,0.0483574
-0.199353,-0.94985,0.187647,0.025,0.0483574
-0.158225,-0.93816,0.166216,0.0125,0.0483574
-0.167125,-0.958063,0.217018,0.0225,0.0483574
-0.145316,-0.927213,0.207459,0.0175,0.0483574
-0.170771,-0.890443,0.185664,0.0175,0.0483574
-0.949965,-0.593404,0.446421,0.045,0.00674956
-0.974717,-0.588836,0.421592,0.025,0.00674956
-0.982938,-0.620214,0.456739,0.0125,0.00674956
-0.977636,-0.565234,0.459051,0.0225,0.00674956
-0.95953,-0.591455,0.481488,0.0175,0.00674956
-0.929959,-0.622579,0.456351,0.0175,0.00674956
-0.769966,-0.741592,0.471051,0.045,0.0032722
-0.801458,-0.744515,0.486853,0.025,0.0032722
-0.764053,-0.767594,0.505713,0.0125,0.0032722
-0.773364,-0.713291,0.501155,0.0225,0.0032722
-0.740951,-0.732409,0.491021,0.0175,0.0032722
-0.747823,-0.766285,0.455242,0.0175,0.0032722
-0.684457,-0.651746,0.471359,0.045,0.0244222
-0.695271,-0.683651,0.482089,0.025,0.0244222
-0.695528,-0.647548,0.513458,0.0125,0.0244222
-0.725643,-0.654704,0.467653,0.0225,0.0244222
-0.705623,-0.622831,0.477756,0.0175,0.0244222
-0.6566,-0.630223,0.481883,0.0175,0.0244222
-0.586783,-0.59631,0.47232,0.045,0.067363
-0.566081,-0.591134,0.500509,0.025,0.067363
-0.555504,-0.56845,0.459753,0.0125,0.067363
-0.59926,-0.562637,0.493038,0.0225,0.067363
-0.599747,-0.567421,0.454364,0.0175,0.067363
-0.580243,-0.610565,0.439093,0.0175,0.067363
-0.511361,-0.606208,0.416463,0.045,0.116932
-0.502949,-0.640192,0.411531,0.025,0.116932
-0.471708,-0.611816,0.434033,0.0125,0.116932
-0.522028,-0.628401,0.449816,0.0225,0.116932
-0.508349,-0.59191,0.449802,0.0175,0.116932
-0.496045,-0.574959,0.404677,0.0175,0.116932
-0.326287,-0.694269,0.380949,0.045,0.352043
-0.356582,-0.711208,0.387682,0.025,0.352043
-0.315953,-0.728658,0.405911,0.0125,0.352043
-0.342081,-0.681215,0.416989,0.0225,0.352043
-0.304279,-0.68572,0.408654,0.0175,0.352043
-0.29566,-0.704383,0.36335,0.0175,0.352043
-0.180948,-0.511318,0.262134,0.045,0.382521
-0.176543,-0.494524,0.231335,0.025,0.382521
-0.145997,-0.485489,0.267012,0.0125,0.382521
-0.154047,-0.532109,0.23841,0.0225,0.382521
-0.152541,-0.528401,0.277175,0.0175,0.382521
-0.188157,-0.499265,0.296086,0.0175,0.382521
-0.954508,-0.263949,0.472053,0.045,0.0117676
-0.956246,-0.26816,0.507113,0.025,0.0117676
-0.959954,-0.306762,0.47912,0.0125,0.0117676
-0.91694,-0.272961,0.487094,0.0225,0.0117676
-0.931499,-0.284639,0.452882,0.0175,0.0117676
-0.978585,-0.270591,0.445105,0.0175,0.0117676
-0.807364,-0.326289,0.473395,0.045,0.0178351
-0.821414,-0.350211,0.495313,0.025,0.0178351
-0.80441,-0.309438,0.513642,0.0125,0.0178351
-0.847404,-0.317723,0.479891,0.0225,0.0178351
-0.818711,-0.291755,0.475298,0.0175,0.0178351
-0.773574,-0.312137,0.47058,0.0175,0.0178351
-0.817406,-0.574292,0.566617,0.045,0.0161211
-0.846448,-0.554207,0.568398,0.025,0.0161211
-0.850451,-0.599008,0.552138,0.0125,0.0161211
-0.836956,-0.580855,0.602582,0.0225,0.0161211
-0.817961,-0.607528,0.581452,0.0175,0.0161211
-0.799987,-0.590172,0.538432,0.0175,0.0161211
-0.628368,-0.438172,0.498712,0.045,0.0390259
-0.663145,-0.441079,0.504382,0.025,0.0390259
-0.637415,-0.480958,0.498456,0.0125,0.0390259
-0.635699,-0.443584,0.539156,0.0225,0.0390259
-0.605435,-0.457751,0.519102,0.0175,0.0390259
-0.607024,-0.447775,0.470389,0.0175,0.0390259
-0.472501,-0.513264,0.43387,0.045,0.279512
-0.491875,-0.541076,0.443925,0.025,0.279512
-0.444237,-0.545281,0.443281,0.0125,0.279512
-0.476431,-0.513583,0.47514,0.0225,0.279512
-0.445006,-0.502288,0.45505,0.0175,0.279512
-0.449332,-0.508081,0.405829,0.0175,0.279512
-0.15946,-0.513044,0.394557,0.045,0.893419
-0.167876,-0.533076,0.422448,0.025,0.893419
-0.195077,-0.535736,0.383199,0.0125,0.893419
-0.142358,-0.550609,0.390664,0.0225,0.893419
-0.156616,-0.528653,0.361796,0.0175,0.893419
-0.177372,-0.486116,0.37712,0.0175,0.893419
-0.0881281,-0.587513,0.371322,0.045,0.779334
-0.110319,-0.610756,0.35658,0.025,0.779334
-0.121135,-0.592716,0.399534,0.0125,0.779334
-0.117821,-0.567453,0.350472,0.0225,0.779334
-0.101314,-0.555987,0.383861,0.0175,0.779334
-0.0683509,-0.588381,0.402275,0.0175,0.779334
-0.170316,-0.376042,0.186285,0.045,0.0987411
-0.151097,-0.357181,0.163375,0.025,0.0987411
-0.168785,-0.335274,0.202037,0.0125,0.0987411
-0.130685,-0.375169,0.198425,0.0225,0.0987411
-0.161949,-0.374704,0.221686,0.0175,0.0987411
-0.20528,-0.373457,0.197275,0.0175,0.0987411
-0.846189,-0.28044,0.540312,0.045,0.0476573
-0.836186,-0.314085,0.536068,0.025,0.0476573
-0.802739,-0.281146,0.545225,0.0125,0.0476573
-0.844046,-0.299313,0.577163,0.0225,0.0476573
-0.83483,-0.262192,0.569688,0.0175,0.0476573
-0.838401,-0.249764,0.521649,0.0175,0.0476573
-0.664871,-0.194098,0.465745,0.045,0.0919274
-0.681688,-0.16567,0.478358,0.025,0.0919274
-0.637339,-0.174841,0.493739,0.0125,0.0919274
-0.654966,-0.160686,0.443289,0.0225,0.0919274
-0.631244,-0.190248,0.452351,0.0175,0.0919274
-0.651965,-0.224437,0.48196,0.0175,0.0919274
-0.684546,-0.291677,0.499267,0.045,0.0219982
-0.711979,-0.312917,0.506071,0.025,0.0219982
-0.682493,-0.301274,0.541883,0.0125,0.0219982
-0.716793,-0.269295,0.512608,0.0225,0.0219982
-0.679204,-0.262425,0.520263,0.0175,0.0219982
-0.648219,-0.296626,0.501681,0.0175,0.0219982
-0.661765,-0.367131,0.54256,0.045,0.014871
-0.661186,-0.395616,0.563495,0.025,0.014871
-0.619914,-0.379473,0.545508,0.0125,0.014871
-0.654298,-0.355752,0.58172,0.0225,0.014871
-0.639182,-0.339489,0.549692,0.0175,0.014871
-0.652419,-0.362073,0.507388,0.0175,0.014871
-0.439397,-0.347753,0.477988,0.045,0.75487
-0.432097,-0.37868,0.493488,0.025,0.75487
-0.395801,-0.350898,0.479407,0.0125,0.75487
-0.433725,-0.342189,0.518678,0.0225,0.75487
-0.423283,-0.317545,0.490351,0.0175,0.75487
-0.432193,-0.334563,0.44446,0.0175,0.75487
-0.279516,-0.248358,0.47482,0.045,0.42205
-0.301869,-0.248709,0.50221,0.025,0.42205
-0.256289,-0.236428,0.509901,0.0125,0.42205
-0.295361,-0.21049,0.48063,0.0225,0.42205
-0.259086,-0.218788,0.469054,0.0175,0.42205
-0.249001,-0.267481,0.467533,0.0175,0.42205
-0.0124836,-0.0244303,0.302904,0.045,0.987844
-0.0342229,-0.0181206,0.275745,0.025,0.987844
-0.0500505,-0.0101849,0.320175,0.0125,0.987844
-0.0100951,0.0154547,0.291848,0.0225,0.987844
-0.00773731,0.00139185,0.328117,0.0175,0.987844
-0.0143445,-0.0478218,0.331177,0.0175,0.987844
-0.904566,-0.0282965,0.590485,0.045,0.0294991
-0.923797,-0.0540117,0.60528,0.025,0.0294991
-0.890176,-0.0658968,0.573407,0.0125,0.0294991
-0.88481,-0.0434396,0.623638,0.0225,0.0294991
-0.868272,-0.0310751,0.590588,0.0175,0.0294991
-0.900852,-0.0170605,0.5557,0.0175,0.0294991
-0.808763,-0.0734234,0.521048,0.045,0.0275239
-0.817976,-0.101902,0.539865,0.025,0.0275239
-0.772086,-0.096324,0.527596,0.0125,0.0275239
-0.803488,-0.0659668,0.561487,0.0225,0.0275239
-0.780957,-0.0529095,0.532494,0.0175,0.0275239
-0.794225,-0.0695504,0.487527,0.0175,0.0275239
-0.656979,0.0623817,0.476089,0.045,0.1171
-0.644108,0.0675921,0.508603,0.025,0.1171
-0.646722,0.104815,0.478684,0.0125,0.1171
-0.687279,0.07493,0.50145,0.0225,0.1171
-0.683368,0.0842408,0.46381,0.0175,0.1171
-0.642121,0.0661355,0.442694,0.0175,0.1171
-0.54728,-0.0784597,0.5107,0.045,0.404101
-0.544837,-0.112517,0.519874,0.025,0.404101
-0.504851,-0.0863601,0.517761,0.0125,0.404101
-0.548048,-0.0820736,0.551993,0.0225,0.404101
-0.531357,-0.0533194,0.531662,0.0175,0.404101
-0.533716,-0.0594317,0.482346,0.0175,0.404101
-0.35945,-0.0691948,0.51239,0.045,0.556669
-0.354404,-0.066768,0.547299,0.025,0.556669
-0.362232,-0.109892,0.528154,0.0125,0.556669
-0.319474,-0.0755123,0.521374,0.0225,0.556669
-0.339899,-0.0932699,0.493334,0.0175,0.556669
-0.38799,-0.0805769,0.492242,0.0175,0.556669
-0.249199,-0.00212479,0.404773,0.045,0.506051
-0.223755,0.00835464,0.382574,0.025,0.506051
-0.260771,-0.0163675,0.365077,0.0125,0.506051
-0.259525,0.0341355,0.38753,0.0225,0.506051
-0.283914,0.00510851,0.396552,0.0175,0.506051
-0.261333,-0.0353909,0.414578,0.0175,0.506051
-0.129623,-0.0528116,0.346106,0.045,0.387464
-0.148845,-0.0738089,0.325137,0.025,0.387464
-0.132312,-0.0914551,0.366402,0.0125,0.387464
-0.169469,-0.051506,0.357478,0.0225,0.387464
-0.138632,-0.0498979,0.381253,0.0175,0.387464
-0.0949198,-0.0547957,0.35801,0.0175,0.387464
-0.0691366,0.162981,0.200734,0.045,0.3827
-0.0946027,0.185054,0.211423,0.025,0.3827
-0.0538144,0.183239,0.236334,0.0125,0.3827
-0.0628496,0.200673,0.184655,0.0225,0.3827
-0.0353171,0.17575,0.196468,0.0175,0.3827
-0.0532136,0.133975,0.216707,0.0175,0.3827
-0.869538,0.100651,0.52968,0.045,0.0155112
-0.843191,0.0786161,0.538064,0.025,0.0155112
-0.88203,0.0796611,0.565955,0.0125,0.0155112
-0.87673,0.0631855,0.513451,0.0225,0.0155112
-0.903488,0.0876698,0.527707,0.0175,0.0155112
-0.88444,0.129245,0.547296,0.0175,0.0155112
-0.782975,0.16952,0.507453,0.045,0.108179
-0.79701,0.182325,0.477636,0.025,0.108179
-0.826081,0.162644,0.510117,0.0125,0.108179
-0.795512,0.208592,0.513364,0.0225,0.108179
-0.797116,0.179661,0.539425,0.0175,0.108179
-0.781915,0.135702,0.521776,0.0175,0.108179
-0.655503,0.249967,0.409693,0.045,0.0321647
-0.687586,0.2552,0.423597,0.025,0.0321647
-0.669008,0.21114,0.424613,0.0125,0.0321647
-0.652282,0.257087,0.450407,0.0225,0.0321647
-0.63028,0.232687,0.429447,0.0175,0.0321647
-0.643743,0.229314,0.381672,0.0175,0.0321647
-0.364664,0.143282,0.480326,0.045,0.418035
-0.339063,0.158555,0.461317,0.025,0.418035
-0.379842,0.182523,0.468397,0.0125,0.418035
-0.341188,0.167129,0.5048,0.0225,0.418035
-0.379669,0.161774,0.507855,0.0175,0.418035
-0.399005,0.133205,0.47201,0.0175,0.418035
-0.179883,0.250126,0.436009,0.045,0.529895
-0.156224,0.274189,0.446556,0.025,0.529895
-0.20265,0.285646,0.44752,0.0125,0.529895
-0.174964,0.24805,0.477122,0.0225,0.529895
-0.208225,0.242571,0.457565,0.0175,0.529895
-0.204237,0.249764,0.408501,0.0175,0.529895
-0.0663042,0.263326,0.298306,0.045,0.612655
-0.0318871,0.269324,0.292876,0.025,0.612655
-0.0621732,0.306312,0.291406,0.0125,0.612655
-0.0480095,0.273977,0.333951,0.0225,0.612655
-0.0841163,0.283509,0.322808,0.0175,0.612655
-0.0958965,0.26799,0.277032,0.0175,0.612655
-0.166504,0.249365,0.198359,0.045,0.110828
-0.142458,0.238321,0.221808,0.025,0.110828
-0.132672,0.276906,0.195294,0.0125,0.110828
-0.171303,0.269686,0.234176,0.0225,0.110828
-0.176512,0.284362,0.198451,0.0175,0.110828
-0.165749,0.252534,0.161762,0.0175,0.110828
-0.955128,0.370075,0.445865,0.045,0.00714005
-0.970766,0.371071,0.477558,0.025,0.00714005
-0.925721,0.386666,0.473658,0.0125,0.00714005
-0.972213,0.407341,0.45204,0.0225,0.00714005
-0.938863,0.400088,0.433227,0.0175,0.00714005
-0.925579,0.352145,0.4334,0.0175,0.00714005
-0.877153,0.334846,0.473294,0.045,0.0185365
-0.900848,0.32171,0.450579,0.025,0.0185365
-0.916458,0.347449,0.487744,0.0125,0.0185365
-0.886086,0.363075,0.444275,0.0225,0.0185365
-0.878575,0.3702,0.481846,0.0175,0.0185365
-0.871494,0.329227,0.509161,0.0175,0.0185365
-0.777872,0.466997,0.533689,0.045,0.0268938
-0.806067,0.445693,0.532594,0.025,0.0268938
-0.812417,0.491635,0.544276,0.0125,0.0268938
-0.795935,0.469344,0.496446,0.0225,0.0268938
-0.778911,0.498632,0.515712,0.0175,0.0268938
-0.76237,0.486154,0.560942,0.0175,0.0268938
-0.626848,0.335165,0.428891,0.045,0.0563444
-0.598305,0.34984,0.443721,0.025,0.0563444
-0.634181,0.378267,0.429854,0.0125,0.0563444
-0.632926,0.339892,0.469628,0.0225,0.0563444
-0.659819,0.34377,0.441691,0.0175,0.0563444
-0.641934,0.338563,0.395561,0.0175,0.0563444
-0.569035,0.435253,0.445096,0.045,0.125072
-0.588142,0.407055,0.435622,0.025,0.125072
-0.604595,0.450646,0.424821,0.0125,0.125072
-0.559712,0.424265,0.406223,0.0225,0.125072
-0.561398,0.460628,0.42014,0.0175,0.125072
-0.576001,0.463438,0.467615,0.0175,0.125072
-0.487224,0.426972,0.495438,0.045,0.17371
-0.50025,0.434215,0.527498,0.025,0.17371
-0.45789,0.412237,0.524332,0.0125,0.17371
-0.472395,0.463289,0.508854,0.0225,0.17371
-0.453123,0.436961,0.487542,0.0175,0.17371
-0.478913,0.395356,0.478664,0.0175,0.17371
-0.0896988,0.511236,0.382996,0.045,0.889636
-0.104628,0.485221,0.401713,0.025,0.889636
-0.128216,0.526553,0.396937,0.0125,0.889636
-0.114823,0.488947,0.358691,0.0225,0.889636
-0.108996,0.52743,0.356721,0.0175,0.889636
-0.0787822,0.545128,0.39206,0.0175,0.889636
-0.0392942,0.396601,0.202954,0.045,0.148594
-0.0416152,0.361437,0.205807,0.025,0.148594
-0.00192522,0.383179,0.221282,0.0125,0.148594
-0.0536736,0.386374,0.24047,0.0225,0.148594
-0.0299011,0.416127,0.232203,0.0175,0.148594
-0.0163209,0.418463,0.1844,0.0175,0.148594
-0.870732,0.575132,0.458134,0.045,0.00976212
-0.845892,0.599302,0.451148,0.025,0.00976212
-0.859399,0.569487,0.416275,0.0125,0.00976212
-0.888185,0.609083,0.441961,0.0225,0.00976212
-0.899362,0.572254,0.435839,0.0175,0.00976212
-0.870296,0.538394,0.457831,0.0175,0.00976212
-0.822459,0.600595,0.385325,0.045,0.0160888
-0.857772,0.599777,0.383785,0.025,0.0160888
-0.834219,0.630065,0.35523,0.0125,0.0160888
-0.83471,0.574784,0.355285,0.0225,0.0160888
-0.803351,0.597907,0.35446,0.0175,0.0160888
-0.798694,0.627075,0.394492,0.0175,0.0160888
-0.763593,0.753672,0.518642,0.045,0.0580367
-0.76867,0.746726,0.552935,0.025,0.0580367
-0.746861,0.787504,0.540731,0.0125,0.0580367
-0.798879,0.771195,0.531547,0.0225,0.0580367
-0.774017,0.78594,0.505409,0.0175,0.0580367
-0.73317,0.758372,0.498583,0.0175,0.0580367
-0.664693,0.771338,0.505542,0.045,0.0770657
-0.670392,0.797701,0.5284,0.025,0.0770657
-0.693947,0.756522,0.534476,0.0125,0.0770657
-0.639839,0.767138,0.538457,0.0225,0.0770657
-0.656604,0.73825,0.518377,0.0175,0.0770657
-0.686777,0.753785,0.482001,0.0175,0.0770657
-0.371425,0.634244,0.478874,0.045,0.288527
-0.367083,0.599181,0.477563,0.025,0.288527
-0.32839,0.62699,0.481685,0.0125,0.288527
-0.369866,0.61874,0.517292,0.0225,0.288527
-0.355482,0.653041,0.50566,0.0175,0.288527
-0.360178,0.661415,0.456846,0.0175,0.288527
-0.257907,0.739292,0.434499,0.045,0.717493
-0.274877,0.715741,0.454683,0.025,0.717493
-0.230068,0.706189,0.440954,0.0125,0.717493
-0.249004,0.745885,0.474449,0.0225,0.717493
-0.224642,0.750308,0.444354,0.0175,0.717493
-0.24419,0.737395,0.400466,0.0175,0.717493
-0.0600882,0.592259,0.355618,0.045,1.06721
-0.0298568,0.600843,0.371816,0.025,1.06721
-0.0583658,0.635953,0.356258,0.0125,1.06721
-0.066973,0.598519,0.396018,0.0225,1.06721
-0.0911274,0.607623,0.366821,0.0175,1.06721
-0.0725491,0.598399,0.321602,0.0175,1.06721
-0.955138,0.627504,0.393757,0.045,0.00221864
-0.939837,0.646728,0.368333,0.025,0.00221864
-0.986293,0.653511,0.377463,0.0125,0.00221864
-0.94223,0.663728,0.409248,0.0225,0.00221864
-0.974513,0.644452,0.419494,0.0175,0.00221864
-0.98251,0.603,0.393173,0.0175,0.00221864
-0.90792,0.864853,0.300807,0.045,0.00184958
-0.939841,0.874824,0.31228,0.025,0.00184958
-0.910583,0.852153,0.34257,0.0125,0.00184958
-0.905408,0.901955,0.319134,0.0225,0.00184958
-0.878533,0.873759,0.320354,0.0175,0.00184958
-0.892111,0.831885,0.297177,0.0175,0.00184958
-0.692645,0.866404,0.407288,0.045,0.0357405
-0.712698,0.840326,0.420242,0.025,0.0357405
-0.733876,0.880964,0.406547,0.0125,0.0357405
-0.707293,0.843094,0.376289,0.0225,0.0357405
-0.701841,0.881675,0.375551,0.0175,0.0357405
-0.686196,0.900704,0.418773,0.0175,0.0357405
-0.589834,0.874865,0.33357,0.045,0.0931195
-0.618322,0.892039,0.345549,0.025,0.0931195
-0.575037,0.906659,0.359698,0.0125,0.0931195
-0.597866,0.907544,0.309356,0.0225,0.0931195
-0.562584,0.893964,0.318817,0.0175,0.0931195
-0.563514,0.855699,0.350598,0.0175,0.0931195
-0.62939,0.955065,0.471004,0.045,0.0261921
-0.62578,0.924095,0.454336,0.025,0.0261921
-0.599281,0.932468,0.493261,0.0125,0.0261921
-0.654047,0.926661,0.488441,0.0225,0.0261921
-0.635082,0.955232,0.506957,0.0175,0.0261921
-0.60594,0.982625,0.477371,0.0175,0.0261921
-0.421954,0.944422,0.514023,0.045,0.443706
-0.435929,0.973084,0.498752,0.025,0.443706
-0.462822,0.94785,0.529207,0.0125,0.443706
-0.417062,0.977389,0.538681,0.0225,0.443706
-0.424115,0.940827,0.550181,0.0175,0.443706
-0.430933,0.908818,0.512712,0.0175,0.443706
-0.0798798,0.778231,0.151505,0.045,0.0967139
-0.0912621,0.781228,0.184843,0.025,0.0967139
-0.0621773,0.744943,0.173664,0.0125,0.0967139
-0.0522104,0.799319,0.174053,0.0225,0.0967139
-0.0442341,0.77427,0.145284,0.0175,0.0967139
-0.0844167,0.752118,0.126057,0.0175,0.0967139
-0.182279,0.815931,0.192918,0.045,0.130534
-0.19794,0.819668,0.161442,0.025,0.130534
-0.21891,0.79209,0.194415,0.0125,0.130534
-0.210063,0.84666,0.194506,0.0225,0.130534
-0.20177,0.82156,0.223141,0.0175,0.130534
-0.168655,0.786664,0.210463,0.0175,0.130534
-0.870021,-0.783591,0.435865,0.045,0.0204238
-0.889933,-0.79392,0.463193,0.025,0.0204238
-0.848992,-0.770825,0.472022,0.0125,0.0204238
-0.895132,-0.752734,0.447526,0.0225,0.0204238
-0.858646,-0.749047,0.434339,0.0175,0.0204238
-0.835927,-0.792387,0.425365,0.0175,0.0204238
-0.882307,-0.955116,0.520815,0.045,0.00805153
-0.871031,-0.924608,0.506956,0.025,0.00805153
-0.909055,-0.924009,0.535961,0.0125,0.00805153
-0.856342,-0.936366,0.54714,0.0225,0.00805153
-0.887816,-0.95725,0.556733,0.0175,0.00805153
-0.913938,-0.973542,0.517654,0.0175,0.00805153
-0.606516,-0.741883,0.52423,0.045,0.0750424
-0.587354,-0.721657,0.545995,0.025,0.0750424
-0.618355,-0.700533,0.516326,0.0125,0.0750424
-0.627823,-0.734386,0.558994,0.0225,0.0750424
-0.642611,-0.737327,0.523058,0.0175,0.0750424
-0.60836,-0.743973,0.487594,0.0175,0.0750424
-0.359636,-0.844717,0.489237,0.045,0.26781
-0.337617,-0.851655,0.516014,0.025,0.26781
-0.364599,-0.887131,0.498667,0.0125,0.26781
-0.323579,-0.858977,0.474564,0.0225,0.26781
-0.358929,-0.866086,0.459777,0.0175,0.26781
-0.396213,-0.846418,0.486197,0.0175,0.26781
-0.245352,-0.855704,0.422684,0.045,0.426248
-0.245437,-0.829735,0.398692,0.025,0.426248
-0.209688,-0.831602,0.430411,0.0125,0.426248
-0.222683,-0.866771,0.389784,0.0225,0.426248
-0.215242,-0.875703,0.426981,0.0175,0.426248
-0.247132,-0.8555,0.459382,0.0175,0.426248
-0.127076,-0.878086,0.299484,0.045,0.772459
-0.120567,-0.909681,0.285014,0.025,0.772459
-0.161556,-0.903314,0.308823,0.0125,0.772459
-0.144129,-0.880143,0.261752,0.0225,0.772459
-0.158933,-0.8618,0.292785,0.0175,0.772459
-0.132039,-0.867346,0.33427,0.0175,0.772459
-0.0437355,-0.61842,0.212233,0.045,0.203258
-0.0706316,-0.606648,0.231931,0.025,0.203258
-0.051941,-0.649543,0.241838,0.0125,0.203258
-0.0292069,-0.599326,0.246043,0.0225,0.203258
-0.0137214,-0.630656,0.228798,0.0175,0.203258
-0.0401202,-0.647582,0.190177,0.0175,0.203258
-0.955045,-0.427134,0.51144,0.045,0.0111646
-0.943208,-0.455837,0.528353,0.025,0.0111646
-0.91337,-0.432367,0.499261,0.0125,0.0111646
-0.936425,-0.41605,0.546784,0.0225,0.0111646
-0.93568,-0.396359,0.513161,0.0175,0.0111646
-0.959094,-0.419341,0.475763,0.0175,0.0111646
-0.828368,-0.519243,0.496434,0.045,0.014377
-0.797465,-0.502249,0.493944,0.025,0.014377
-0.800184,-0.541033,0.521799,0.0125,0.014377
-0.805018,-0.536609,0.466905,0.0225,0.014377
-0.829226,-0.555241,0.491104,0.0175,0.014377
-0.850859,-0.52568,0.524766,0.0175,0.014377
-0.701703,-0.724054,0.539253,0.045,0.0418382
-0.698168,-0.692348,0.554491,0.025,0.0418382
-0.726197,-0.724931,0.575472,0.0125,0.0418382
-0.671478,-0.725279,0.567603,0.0225,0.0418382
-0.696497,-0.753984,0.559306,0.0175,0.0418382
-0.730766,-0.741745,0.525383,0.0175,0.0418382
-0.654334,-0.585974,0.530648,0.045,0.0639626
-0.688813,-0.589071,0.523466,0.025,0.0639626
-0.65747,-0.592191,0.487474,0.0125,0.0639626
-0.665219,-0.625977,0.530541,0.0225,0.0639626
-0.63133,-0.611261,0.518142,0.0175,0.0639626
-0.628945,-0.561606,0.520083,0.0175,0.0639626
-0.365713,-0.629645,0.47764,0.045,0.450485
-0.380112,-0.600851,0.463026,0.025,0.450485
-0.383744,-0.642591,0.43996,0.0125,0.450485
-0.405708,-0.626916,0.488211,0.0225,0.450485
-0.385927,-0.659724,0.48106,0.0175,0.450485
-0.338917,-0.652233,0.466607,0.0175,0.450485
-0.191046,-0.598625,0.398087,0.045,0.719495
-0.156377,-0.603342,0.393006,0.025,0.719495
-0.181172,-0.637523,0.415465,0.0125,0.719495
-0.184652,-0.620004,0.363146,0.0225,0.719495
-0.214112,-0.62498,0.388168,0.0175,0.719495
-0.211468,-0.595998,0.428517,0.0175,0.719495
-0.0937605,-0.504302,0.301602,0.045,1.03178
-0.126466,-0.490876,0.301276,0.025,1.03178
-0.119111,-0.533951,0.281834,0.0125,1.03178
-0.114944,-0.517861,0.33456,0.0225,1.03178
-0.0886492,-0.538098,0.31412,0.0175,1.03178
-0.0706088,-0.513733,0.274675,0.0175,1.03178
-0.234359,-0.613826,0.174457,0.045,0.0673062
-0.210728,-0.618907,0.200259,0.025,0.0673062
-0.257219,-0.623722,0.210401,0.0125,0.0673062
-0.22499,-0.654109,0.177322,0.0225,0.0673062
-0.259895,-0.639107,0.168643,0.0175,0.0673062
-0.261479,-0.589406,0.170192,0.0175,0.0673062
-0.878193,-0.388297,0.479328,0.045,0.00936526
-0.912953,-0.381861,0.478744,0.025,0.00936526
-0.89593,-0.413284,0.51053,0.0125,0.00936526
-0.88757,-0.358759,0.506866,0.0225,0.00936526
-0.860389,-0.386375,0.511019,0.0175,0.00936526
-0.85856,-0.418764,0.473302,0.0175,0.00936526
-0.75146,-0.363856,0.533052,0.045,0.0110885
-0.78674,-0.365532,0.534642,0.025,0.0110885
-0.761189,-0.401943,0.552216,0.0125,0.0110885
-0.764659,-0.349605,0.569678,0.0225,0.0110885
-0.732091,-0.37002,0.563249,0.0175,0.0110885
-0.726434,-0.384708,0.516056,0.0175,0.0110885
-0.727342,-0.589327,0.582992,0.045,0.0994356
-0.717779,-0.563742,0.605441,0.025,0.0994356
-0.751218,-0.595057,0.61918,0.0125,0.0994356
-0.697612,-0.603157,0.608361,0.0225,0.0994356
-0.727647,-0.623826,0.594599,0.0175,0.0994356
-0.759337,-0.597382,0.566824,0.0175,0.0994356
-0.509514,-0.44819,0.483769,0.045,0.31691
-0.48333,-0.466211,0.49925,0.025,0.31691
-0.48093,-0.418453,0.498302,0.0125,0.31691
-0.516733,-0.451469,0.524462,0.0225,0.31691
-0.5253,-0.420863,0.501909,0.0175,0.31691
-0.510279,-0.425695,0.454728,0.0175,0.31691
-0.335041,-0.521836,0.447287,0.045,0.711172
-0.32237,-0.503389,0.419916,0.025,0.711172
-0.354973,-0.482924,0.448302,0.0125,0.711172
-0.303118,-0.498417,0.459582,0.0225,0.711172
-0.335044,-0.506639,0.480363,0.0175,0.711172
-0.368824,-0.533578,0.455702,0.0175,0.711172
-0.148413,-0.435024,0.348698,0.045,0.478183
-0.129407,-0.407552,0.337119,0.025,0.478183
-0.136546,-0.41236,0.384166,0.0125,0.478183
-0.108052,-0.444476,0.349339,0.0225,0.478183
-0.134852,-0.455994,0.375181,0.0175,0.478183
-0.180177,-0.437169,0.367039,0.0175,0.478183
-0.033555,-0.417466,0.203313,0.045,0.543324
-0.0434422,-0.44797,0.218205,0.025,0.543324
-0.0311197,-0.411481,0.246565,0.0125,0.543324
-0.0740583,-0.41644,0.212098,0.0225,0.543324
-0.0492001,-0.386512,0.214361,0.0175,0.543324
-0.00203808,-0.398598,0.20413,0.0175,0.543324
-0.87107,-0.159178,0.535237,0.045,0.0704037
-0.882828,-0.165562,0.567963,0.025,0.0704037
-0.883793,-0.201014,0.535873,0.0125,0.0704037
-0.840536,-0.174983,0.558403,0.0225,0.0704037
-0.846624,-0.181775,0.520514,0.0175,0.0704037
-0.887551,-0.160043,0.50241,0.0175,0.0704037
-0.787671,-0.212399,0.534685,0.045,0.055372
-0.761159,-0.195068,0.550393,0.025,0.055372
-0.805965,-0.180004,0.557671,0.0125,0.055372
-0.781726,-0.227294,0.572916,0.0225,0.055372
-0.815988,-0.223347,0.554768,0.0175,0.055372
-0.812765,-0.202054,0.509921,0.0175,0.055372
-0.640909,-0.100005,0.46889,0.045,0.118653
-0.606217,-0.101836,0.462325,0.025,0.118653
-0.620738,-0.0944488,0.507293,0.0125,0.118653
-0.627406,-0.138741,0.474889,0.0225,0.118653
-0.654967,-0.120468,0.49551,0.0175,0.118653
-0.662221,-0.0731258,0.482054,0.0175,0.118653
-0.648916,-0.217382,0.551054,0.045,0.141358
-0.628837,-0.228119,0.578101,0.025,0.141358
-0.660897,-0.193436,0.58563,0.0125,0.141358
-0.668813,-0.246603,0.572712,0.0225,0.141358
-0.685012,-0.215658,0.555428,0.0175,0.141358
-0.652206,-0.185005,0.533998,0.0175,0.141358
-0.589902,-0.292275,0.55229,0.045,0.0879033
-0.58258,-0.293761,0.517733,0.025,0.0879033
-0.57652,-0.33312,0.544221,0.0125,0.0879033
-0.622971,-0.306023,0.531406,0.0225,0.0879033
-0.611641,-0.317577,0.566858,0.0175,0.0879033
-0.56909,-0.296878,0.582218,0.0175,0.0879033
-0.195276,-0.0781507,0.413754,0.045,0.348471
-0.204647,-0.0848515,0.447179,0.025,0.348471
-0.237347,-0.0667597,0.417331,0.0125,0.348471
-0.212116,-0.115941,0.416415,0.0225,0.348471
-0.215922,-0.0910346,0.386684,0.0175,0.348471
-0.193873,-0.0470759,0.394199,0.0175,0.348471
-0.0921412,-0.139072,0.382694,0.045,0.738393
-0.0714189,-0.167661,0.380885,0.025,0.738393
-0.070879,-0.136551,0.344562,0.0125,0.738393
-0.0542567,-0.129999,0.396879,0.0225,0.738393
-0.0775839,-0.106273,0.37659,0.0175,0.738393
-0.12015,-0.127455,0.361945,0.0175,0.738393
-0.012311,-0.278443,0.286352,0.045,0.600442
-0.0142573,-0.278195,0.321653,0.025,0.600442
-0.0446177,-0.250871,0.296771,0.0125,0.600442
-0.0405614,-0.305954,0.299152,0.0225,0.600442
-0.0426434,-0.284009,0.267014,0.0175,0.600442
-0.00477303,-0.252172,0.261796,0.0175,0.600442
-0.77218,-0.118376,0.590139,0.045,0.0725023
-0.750455,-0.12688,0.616705,0.025,0.0725023
-0.751749,-0.0814815,0.601712,0.0125,0.0725023
-0.790945,-0.11159,0.626479,0.0225,0.0725023
-0.794821,-0.090159,0.594161,0.0175,0.0725023
-0.766043,-0.105103,0.556432,0.0175,0.0725023
-0.683865,0.0390749,0.558588,0.045,0.146515
-0.653192,0.0566496,0.559145,0.025,0.146515
-0.667561,0.0342372,0.598878,0.0125,0.146515
-0.652605,0.0132414,0.549972,0.0225,0.146515
-0.684714,0.00462298,0.570307,0.0175,0.146515
-0.715168,0.0433262,0.57735,0.0175,0.146515
-0.692604,0.21203,0.559981,0.045,0.0452461
-0.674286,0.21953,0.530686,0.025,0.0452461
-0.651461,0.219617,0.572715,0.0125,0.0452461
-0.674725,0.177633,0.545287,0.0225,0.0452461
-0.679823,0.186744,0.582834,0.0175,0.0452461
-0.700086,0.231582,0.590176,0.0175,0.0452461
-0.495633,0.0833368,0.524103,0.045,0.618901
-0.476909,0.0545775,0.532607,0.025,0.618901
-0.475986,0.0700506,0.487361,0.0125,0.618901
-0.456642,0.0940432,0.533257,0.0225,0.618901
-0.47927,0.110387,0.506061,0.0175,0.618901
-0.523733,0.0886454,0.501034,0.0175,0.618901
-0.264166,0.0900297,0.465774,0.045,0.532836
-0.261636,0.0551386,0.460653,0.025,0.532836
-0.224395,0.0783304,0.479699,0.0125,0.532836
-0.274976,0.0698441,0.500334,0.0225,0.532836
-0.255856,0.10375,0.498449,0.0175,0.532836
-0.245354,0.118477,0.452105,0.0175,0.532836
-0.119238,0.270438,0.372541,0.045,0.5451
-0.149515,0.2872,0.365308,0.025,0.5451
-0.151486,0.243775,0.385255,0.0125,0.5451
-0.132203,0.29127,0.405959,0.0225,0.5451
-0.114146,0.256734,0.405877,0.0175,0.5451
-0.104909,0.238868,0.360375,0.0175,0.5451
-0.0135078,0.0522213,0.228306,0.045,0.81914
-0.0283361,0.0453432,0.259656,0.025,0.81914
-0.0517153,0.0326751,0.219901,0.0125,0.81914
-0.00397002,0.0137045,0.240316,0.0225,0.81914
-0.0107796,0.0254554,0.203788,0.0175,0.81914
-0.0239605,0.0732828,0.200072,0.0175,0.81914
-0.946378,0.121254,0.576487,0.045,0.015283
-0.922968,0.106584,0.59855,0.025,0.015283
-0.920461,0.153637,0.590348,0.0125,0.015283
-0.959943,0.124269,0.615546,0.0225,0.015283
-0.964842,0.150693,0.587323,0.0175,0.015283
-0.942545,0.138845,0.544457,0.0175,0.015283
-0.881833,0.275125,0.540296,0.045,0.00414177
-0.876616,0.241232,0.548901,0.025,0.00414177
-0.878265,0.273827,0.583863,0.0125,0.00414177
-0.918054,0.257089,0.549324,0.0225,0.00414177
-0.90797,0.293869,0.55734,0.0175,0.00414177
-0.86122,0.305224,0.544668,0.0175,0.00414177
-0.724573,0.232419,0.478394,0.045,0.0615336
-0.725361,0.262014,0.49772,0.025,0.0615336
-0.749169,0.261007,0.456251,0.0125,0.0615336
-0.758108,0.232503,0.502768,0.0225,0.0615336
-0.755922,0.218171,0.466594,0.0175,0.0615336
-0.7118,0.22519,0.44471,0.0175,0.0615336
-0.560116,0.273931,0.453363,0.045,0.0725103
-0.5542,0.250392,0.479072,0.025,0.0725103
-0.552807,0.29698,0.489803,0.0125,0.0725103
-0.595437,0.265791,0.473487,0.0225,0.0725103
-0.584673,0.300245,0.458796,0.0175,0.0725103
-0.539182,0.300303,0.438658,0.0175,0.0725103
-0.563086,0.36138,0.50308,0.045,0.0995916
-0.580863,0.346273,0.529647,0.025,0.0995916
-0.561539,0.389474,0.536559,0.0125,0.0995916
-0.602526,0.374151,0.502772,0.0225,0.0995916
-0.571288,0.395519,0.493479,0.0175,0.0995916
-0.528013,0.371728,0.499497,0.0175,0.0995916
-0.376575,0.313955,0.480949,0.045,0.361597
-0.349693,0.313873,0.457985,0.025,0.361597
-0.35956,0.354235,0.48167,0.0125,0.361597
-0.341086,0.305748,0.500748,0.0225,0.361597
-0.37099,0.32651,0.514657,0.0175,0.361597
-0.408078,0.332828,0.482107,0.0175,0.361597
-0.201549,0.344748,0.240297,0.045,0.130038
-0.169902,0.331093,0.248174,0.025,0.130038
-0.174412,0.378636,0.245558,0.0125,0.130038
-0.196744,0.342998,0.281439,0.0225,0.130038
-0.215302,0.370905,0.261549,0.0175,0.130038
-0.213364,0.365215,0.212164,0.0175,0.130038
-0.127542,0.355239,0.185005,0.045,0.347084
-0.115538,0.329281,0.164219,0.025,0.347084
-0.0839866,0.359096,0.184295,0.0125,0.347084
-0.117639,0.322171,0.207966,0.0225,0.347084
-0.113032,0.359515,0.218113,0.0175,0.347084
-0.12566,0.391846,0.182473,0.0175,0.347084
-0.953232,0.525885,0.507991,0.045,0.00926659
-0.973235,0.532065,0.536481,0.025,0.00926659
-0.929704,0.513224,0.542612,0.0125,0.00926659
-0.944215,0.563138,0.52379,0.0225,0.00926659
-0.919035,0.538343,0.50736,0.0175,0.00926659
-0.939321,0.495006,0.493744,0.0175,0.00926659
-0.834793,0.634205,0.515536,0.045,0.0137457
-0.806258,0.619658,0.530508,0.025,0.0137457
-0.833243,0.592793,0.501566,0.0125,0.0137457
-0.802337,0.637123,0.489908,0.0225,0.0137457
-0.839421,0.631073,0.479567,0.0175,0.0137457
-0.87065,0.626588,0.518032,0.0175,0.0137457
-0.712011,0.529538,0.503503,0.045,0.028222
-0.713304,0.564028,0.51117,0.025,0.028222
-0.754306,0.539575,0.508287,0.0125,0.028222
-0.712896,0.534865,0.544608,0.0225,0.028222
-0.729968,0.506029,0.524713,0.0175,0.028222
-0.725167,0.509934,0.47535,0.0175,0.028222
-0.618949,0.627775,0.465075,0.045,0.0817479
-0.643965,0.606456,0.478102,0.025,0.0817479
-0.599354,0.602473,0.49488,0.0125,0.0817479
-0.63516,0.644345,0.499447,0.0225,0.0817479
-0.597929,0.646518,0.488138,0.0175,0.0817479
-0.587923,0.621099,0.446559,0.0175,0.0817479
-0.488879,0.583234,0.477003,0.045,0.196112
-0.466578,0.556365,0.482544,0.025,0.196112
-0.485535,0.561886,0.438982,0.0125,0.196112
-0.45036,0.594438,0.466538,0.0225,0.196112
-0.483219,0.605345,0.448647,0.0175,0.196112
-0.524302,0.5844,0.467315,0.0175,0.196112
-0.283915,0.389314,0.496131,0.045,0.415872
-0.312093,0.392544,0.517238,0.025,0.415872
-0.269483,0.383543,0.537008,0.0125,0.415872
-0.286977,0.428349,0.509756,0.0225,0.415872
-0.253954,0.408603,0.503566,0.0175,0.415872
-0.260966,0.361375,0.489589,0.0175,0.415872
-0.0625,0.439512,0.280833,0.045,0.404185
-0.0878281,0.416018,0.273315,0.025,0.404185
-0.0526539,0.403162,0.303064,0.0125,0.404185
-0.0922921,0.441137,0.309618,0.0225,0.404185
-0.0540893,0.445901,0.315668,0.0175,0.404185
-0.0262331,0.439543,0.274942,0.0175,0.404185
-0.950546,0.616343,0.48282,0.045,0.00709368
-0.973924,0.589877,0.484565,0.025,0.00709368
-0.927785,0.580365,0.49282,0.0125,0.00709368
-0.96321,0.611219,0.521962,0.0225,0.00709368
-0.927373,0.621311,0.510448,0.0175,0.00709368
-0.921568,0.622371,0.461049,0.0175,0.00709368
-0.955151,0.727353,0.390824,0.045,0.00363738
-0.936777,0.752814,0.407077,0.025,0.00363738
-0.935,0.750079,0.35936,0.0125,0.00363738
-0.977609,0.762163,0.392446,0.0225,0.00363738
-0.977217,0.736303,0.363293,0.0175,0.00363738
-0.944909,0.699032,0.369777,0.0175,0.00363738
-0.799626,0.694436,0.454644,0.045,0.0212101
-0.765067,0.693235,0.462007,0.025,0.0212101
-0.789181,0.733455,0.471405,0.0125,0.0212101
-0.793967,0.683308,0.494178,0.0225,0.0212101
-0.822809,0.705599,0.480392,0.0175,0.0212101
-0.819337,0.715323,0.431726,0.0175,0.0212101
-0.724022,0.841834,0.489055,0.045,0.0260811
-0.708919,0.814309,0.472798,0.025,0.0260811
-0.724492,0.808775,0.51768,0.0125,0.0260811
-0.753094,0.818192,0.471317,0.0225,0.0260811
-0.756368,0.837302,0.505123,0.0175,0.0260811
-0.714863,0.860908,0.519093,0.0175,0.0260811
-0.679789,0.792263,0.597439,0.045,0.0687495
-0.711855,0.781659,0.607893,0.025,0.0687495
-0.682776,0.801973,0.639974,0.0125,0.0687495
-0.706575,0.82382,0.595112,0.0225,0.0687495
-0.668992,0.826159,0.605153,0.0175,0.0687495
-0.645904,0.782149,0.607417,0.0175,0.0687495
-0.331687,0.489042,0.476125,0.045,0.454285
-0.344257,0.46013,0.492127,0.025,0.454285
-0.307174,0.48302,0.511837,0.0125,0.454285
-0.359408,0.499792,0.505016,0.0225,0.454285
-0.3271,0.519447,0.495605,0.0175,0.454285
-0.298994,0.496892,0.461308,0.0175,0.454285
-0.0996752,0.703091,0.406034,0.045,0.460256
-0.0986525,0.671438,0.421752,0.025,0.460256
-0.0840328,0.709779,0.446322,0.0125,0.460256
-0.134477,0.696931,0.427706,0.0225,0.460256
-0.115805,0.73084,0.423204,0.0175,0.460256
-0.0734157,0.727297,0.397405,0.0175,0.460256
-0.191605,0.600634,0.166853,0.045,0.105042
-0.172054,0.615781,0.192118,0.025,0.105042
-0.209316,0.639915,0.174323,0.0125,0.105042
-0.208406,0.593305,0.204038,0.0225,0.105042
-0.227773,0.599488,0.17079,0.0175,0.105042
-0.198461,0.609905,0.131967,0.0175,0.105042
-0.950628,0.817438,0.364802,0.045,0.00263245
-0.975137,0.814136,0.339536,0.025,0.00263245
-0.98429,0.796194,0.382916,0.0125,0.00263245
-0.977676,0.848769,0.367155,0.0225,0.00263245
-0.960321,0.830976,0.397172,0.0175,0.00263245
-0.931382,0.792715,0.383995,0.0175,0.00263245
-0.932282,0.955152,0.451424,0.045,0.0019727
-0.963679,0.953972,0.43521,0.025,0.0019727
-0.929225,0.924101,0.42078,0.0125,0.0019727
-0.956193,0.926198,0.468994,0.0225,0.0019727
-0.917617,0.92423,0.463823,0.0175,0.0019727
-0.898494,0.963115,0.439384,0.0175,0.0019727
-0.84608,0.936331,0.468431,0.045,0.0218196
-0.84409,0.924169,0.435292,0.025,0.0218196
-0.837683,0.970929,0.443035,0.0125,0.0218196
-0.806636,0.927981,0.458776,0.0225,0.0218196
-0.819186,0.95726,0.481225,0.0175,0.0218196
-0.868723,0.960265,0.484691,0.0175,0.0218196
-0.548233,0.857218,0.410966,0.045,0.293409
-0.53588,0.831326,0.43163,0.025,0.293409
-0.514418,0.874046,0.433009,0.0125,0.293409
-0.565485,0.859697,0.448582,0.0225,0.293409
-0.555536,0.88967,0.425748,0.0175,0.293409
-0.533097,0.876252,0.383423,0.0175,0.293409
-0.54093,0.826559,0.501419,0.045,0.363509
-0.563111,0.828795,0.52886,0.025,0.363509
-0.517075,0.839904,0.535557,0.0125,0.363509
-0.55538,0.865269,0.504806,0.0225,0.363509
-0.519496,0.854937,0.493656,0.0175,0.363509
-0.51116,0.805918,0.495277,0.0175,0.363509
-0.0895052,0.938377,0.342982,0.045,0.505567
-0.107842,0.960463,0.363621,0.025,0.505567
-0.115636,0.913447,0.367643,0.0125,0.505567
-0.0703319,0.942839,0.379468,0.0225,0.505567
-0.0721812,0.910223,0.35822,0.0175,0.505567
-0.0997795,0.914466,0.317046,0.0175,0.505567
-0.0208759,0.83836,0.224,0.045,1.00182
0.00947466,0.852062,0.212122,0.025,1.00182
0.00753103,0.836126,0.257175,0.0125,1.00182
0.00362295,0.808148,0.209654,0.0225,1.00182
-0.0204063,0.805789,0.240245,0.0175,1.00182
-0.0436849,0.848422,0.250991,0.0175,1.00182
-0.952808,-0.665379,0.500166,0.045,0.00858634
-0.918609,-0.665616,0.50913,0.025,0.00858634
-0.939222,-0.706741,0.496041,0.0125,0.00858634
-0.929278,-0.661221,0.466287,0.0225,0.00858634
-0.962952,-0.680686,0.468737,0.0175,0.00858634
-0.982282,-0.681935,0.51456,0.0175,0.00858634
-0.94416,-0.955171,0.438228,0.045,0.00751364
-0.970571,-0.937402,0.42284,0.025,0.00751364
-0.975437,-0.984497,0.429614,0.0125,0.00751364
-0.971977,-0.943683,0.466741,0.0225,0.00751364
-0.951569,-0.976882,0.466489,0.0175,0.00751364
-0.922537,-0.982453,0.426476,0.0175,0.00751364
-0.676175,-0.95503,0.509763,0.045,0.0305408
-0.704853,-0.944905,0.527792,0.025,0.0305408
-0.661996,-0.929191,0.54207,0.0125,0.0305408
-0.689735,-0.918563,0.495446,0.0225,0.0305408
-0.652529,-0.929747,0.498509,0.0175,0.0305408
-0.646541,-0.974536,0.519322,0.0175,0.0305408
-0.576008,-0.888911,0.465916,0.045,0.0774188
-0.608294,-0.875539,0.471284,0.025,0.0774188
-0.571483,-0.845415,0.466278,0.0125,0.0774188
-0.593905,-0.880137,0.429564,0.0225,0.0774188
-0.556077,-0.876384,0.438152,0.0175,0.0774188
-0.544926,-0.887134,0.485428,0.0175,0.0774188
-0.254551,-0.945044,0.418151,0.045,0.29186
-0.276734,-0.918469,0.425341,0.025,0.29186
-0.286786,-0.962032,0.442334,0.0125,0.29186
-0.244939,-0.928107,0.45475,0.0225,0.29186
-0.24248,-0.965873,0.445454,0.0175,0.29186
-0.2588,-0.97652,0.399679,0.0175,0.29186
-0.0674448,-0.955122,0.28896,0.045,0.288065
-0.0985432,-0.967053,0.300816,0.025,0.288065
-0.0584054,-0.983798,0.320717,0.0125,0.288065
-0.0796309,-0.93276,0.321674,0.0225,0.288065
-0.042988,-0.942706,0.312892,0.0175,0.288065
-0.0390291,-0.971902,0.272805,0.0175,0.288065
-0.11453,-0.798566,0.258398,0.045,0.365479
-0.109512,-0.763916,0.26332,0.025,0.365479
-0.113714,-0.792203,0.301657,0.0125,0.365479
-0.0741074,-0.79066,0.263119,0.0225,0.365479
-0.0930904,-0.822197,0.275918,0.0175,0.365479
-0.142099,-0.82111,0.267435,0.0175,0.365479
-0.143986,-0.665443,0.208353,0.045,0.112929
-0.121418,-0.638233,0.207821,0.025,0.112929
-0.138549,-0.653062,0.249942,0.0125,0.112929
-0.105275,-0.679058,0.214258,0.0225,0.112929
-0.137526,-0.69333,0.230839,0.0175,0.112929
-0.178965,-0.668378,0.21921,0.0175,0.112929
-0.878684,-0.54489,0.420811,0.045,0.00836531
-0.911895,-0.534615,0.427248,0.025,0.00836531
-0.893944,-0.571279,0.452168,0.0125,0.00836531
-0.8793,-0.517971,0.452334,0.0225,0.00836531
-0.855641,-0.548728,0.448727,0.0175,0.00836531
-0.864505,-0.576416,0.408356,0.0175,0.00836531
-0.941382,-0.762033,0.511133,0.045,0.00920839
-0.956159,-0.743961,0.537686,0.025,0.00920839
-0.968596,-0.733127,0.492793,0.0125,0.00920839
-0.977514,-0.77941,0.521683,0.0225,0.00920839
-0.962836,-0.776758,0.485679,0.0175,0.00920839
-0.919892,-0.751769,0.483154,0.0175,0.00920839
-0.622777,-0.664114,0.566443,0.045,0.166744
-0.611917,-0.683765,0.593755,0.025,0.166744
-0.585008,-0.682471,0.554236,0.0125,0.166744
-0.596828,-0.64219,0.590208,0.0225,0.166744
-0.599593,-0.64044,0.551375,0.0175,0.166744
-0.632129,-0.672681,0.53196,0.0175,0.166744
-0.477489,-0.755724,0.491618,0.045,0.300097
-0.477477,-0.780244,0.517089,0.025,0.300097
-0.514871,-0.778015,0.487354,0.0125,0.300097
-0.462248,-0.79137,0.476926,0.0225,0.300097
-0.484247,-0.765868,0.457319,0.0175,0.300097
-0.499678,-0.727277,0.484661,0.0175,0.300097
-0.388918,-0.736826,0.447476,0.045,0.294818
-0.379891,-0.706135,0.432423,0.025,0.294818
-0.36456,-0.715363,0.476777,0.0125,0.294818
-0.351906,-0.740411,0.429146,0.0225,0.294818
-0.362943,-0.757522,0.462375,0.0175,0.294818
-0.408637,-0.744848,0.477423,0.0175,0.294818
-0.195346,-0.688769,0.348159,0.045,0.341961
-0.205475,-0.662114,0.369061,0.025,0.341961
-0.17745,-0.696285,0.387347,0.0125,0.341961
-0.166522,-0.658971,0.348047,0.0225,0.341961
-0.16002,-0.697357,0.346328,0.0175,0.341961
-0.201247,-0.725004,0.349646,0.0175,0.341961
-0.00618362,-0.507368,0.212409,0.045,0.929869
0.00836088,-0.476409,0.221351,0.025,0.929869
-0.031112,-0.476308,0.194344,0.0125,0.929869
-0.0242294,-0.492647,0.246708,0.0225,0.929869
-0.0417679,-0.512487,0.218115,0.0175,0.929869
-0.0118701,-0.523578,0.17993,0.0175,0.929869
-0.947237,-0.335024,0.527382,0.045,0.00412807
-0.975072,-0.332506,0.505728,0.025,0.00412807
-0.941606,-0.36538,0.496409,0.0125,0.00412807
-0.976666,-0.361812,0.539005,0.0225,0.00412807
-0.938172,-0.367624,0.540801,0.0175,0.00412807
-0.911199,-0.330278,0.522018,0.0175,0.00412807
-0.804925,-0.434216,0.513735,0.045,0.0143662
-0.832601,-0.415312,0.524991,0.025,0.0143662
-0.816851,-0.408638,0.480327,0.0125,0.0143662
-0.840243,-0.453201,0.503202,0.0225,0.0143662
-0.807447,-0.452177,0.482175,0.0175,0.0143662
-0.771334,-0.424571,0.502393,0.0175,0.0143662
-0.955013,-0.574416,0.553328,0.045,0.0129788
-0.948289,-0.574488,0.518618,0.025,0.0129788
-0.921237,-0.601538,0.547322,0.0125,0.0129788
-0.974984,-0.605854,0.535119,0.0225,0.0129788
-0.95895,-0.606195,0.570637,0.0175,0.0129788
-0.934989,-0.564211,0.582394,0.0175,0.0129788
-0.616043,-0.508134,0.554244,0.045,0.217333
-0.64771,-0.50552,0.569748,0.025,0.217333
-0.64504,-0.524752,0.526039,0.0125,0.217333
-0.625034,-0.543411,0.574079,0.0225,0.217333
-0.605743,-0.540173,0.540372,0.0175,0.217333
-0.602265,-0.493507,0.523484,0.0175,0.217333
-0.457028,-0.582678,0.492434,0.045,0.380003
-0.4621,-0.605237,0.51918,0.025,0.380003
-0.481444,-0.561584,0.521954,0.0125,0.380003
-0.492755,-0.603043,0.487176,0.0225,0.380003
-0.485802,-0.565863,0.477793,0.0175,0.380003
-0.440388,-0.54998,0.490454,0.0175,0.380003
-0.246094,-0.674242,0.440351,0.045,0.522545
-0.269296,-0.657371,0.461015,0.025,0.522545
-0.222573,-0.651595,0.469443,0.0125,0.522545
-0.252753,-0.635984,0.425835,0.0225,0.522545
-0.218938,-0.655345,0.425169,0.0175,0.522545
-0.220667,-0.699804,0.447426,0.0175,0.522545
-0.158729,-0.598373,0.266581,0.045,0.364289
-0.150845,-0.601749,0.30088,0.025,0.364289
-0.153219,-0.557845,0.282058,0.0125,0.364289
-0.193213,-0.595301,0.289386,0.0225,0.364289
-0.185331,-0.575569,0.256717,0.0175,0.364289
-0.140052,-0.5845,0.238143,0.0175,0.364289
-0.0344296,-0.319121,0.209284,0.045,0.16561
-0.0680746,-0.321052,0.198593,0.025,0.16561
-0.0373821,-0.354741,0.184084,0.0125,0.16561
-0.056031,-0.343528,0.234905,0.0225,0.16561
-0.0188976,-0.348485,0.224168,0.0175,0.16561
-0.00283349,-0.315098,0.190967,0.0175,0.16561
-0.873933,-0.359658,0.573371,0.045,0.045867
-0.895581,-0.337088,0.589861,0.025,0.045867
-0.911643,-0.380935,0.579518,0.0125,0.045867
-0.871684,-0.365309,0.61438,0.0225,0.045867
-0.86942,-0.393061,0.587114,0.0175,0.045867
-0.875808,-0.37635,0.540693,0.0175,0.045867
-0.736213,-0.285625,0.575014,0.045,0.0251568
-0.766425,-0.298189,0.561623,0.025,0.0251568
-0.733092,-0.329229,0.576216,0.0125,0.0251568
-0.763126,-0.293301,0.6056,0.0225,0.0251568
-0.724497,-0.298236,0.607088,0.0175,0.0251568
-0.701225,-0.288579,0.56419,0.0175,0.0251568
-0.714781,-0.359133,0.622211,0.045,0.160546
-0.708903,-0.363587,0.656788,0.025,0.160546
-0.672061,-0.3522,0.628494,0.0125,0.160546
-0.716848,-0.322614,0.641726,0.0225,0.160546
-0.70267,-0.32889,0.605972,0.0175,0.160546
-0.70228,-0.376781,0.592507,0.0175,0.160546
-0.411798,-0.505495,0.523917,0.045,0.709793
-0.431725,-0.508675,0.494886,0.025,0.709793
-0.390225,-0.4851,0.491805,0.0125,0.709793
-0.399743,-0.538586,0.502045,0.0225,0.709793
-0.376602,-0.514641,0.522289,0.0175,0.709793
-0.400474,-0.476264,0.543083,0.0175,0.709793
-0.238648,-0.403259,0.474692,0.045,0.951397
-0.260541,-0.375626,0.472023,0.025,0.951397
-0.214119,-0.369172,0.462491,0.0125,0.951397
-0.251801,-0.399364,0.43557,0.0225,0.951397
-0.216357,-0.410896,0.446948,0.0175,0.951397
-0.209615,-0.409842,0.496227,0.0175,0.951397
-0.190366,-0.254103,0.412535,0.045,0.510449
-0.197187,-0.245225,0.378999,0.025,0.510449
-0.152116,-0.255378,0.391372,0.0125,0.510449
-0.196542,-0.288245,0.389843,0.0225,0.510449
-0.171301,-0.284369,0.419282,0.0175,0.510449
-0.169585,-0.238523,0.438524,0.0175,0.510449
-0.0183783,-0.369662,0.283903,0.045,0.746462
-0.0155246,-0.378515,0.318013,0.025,0.746462
-0.00101212,-0.335069,0.304255,0.0125,0.746462
-0.0518491,-0.356786,0.304704,0.0225,0.746462
-0.0345686,-0.338277,0.27508,0.0175,0.746462
0.0065995,-0.360739,0.258477,0.0175,0.746462
-0.955015,-0.162822,0.599802,0.045,0.0110655
-0.934392,-0.190199,0.608472,0.025,0.0110655
-0.922723,-0.16381,0.570328,0.0125,0.0110655
-0.923783,-0.149947,0.623834,0.0225,0.0110655
-0.939744,-0.130252,0.594236,0.0175,0.0110655
-0.975091,-0.155445,0.569926,0.0175,0.0110655
-0.714775,-0.11659,0.520942,0.045,0.0987942
-0.73278,-0.142373,0.537099,0.025,0.0987942
-0.689061,-0.151957,0.520239,0.0125,0.0987942
-0.704474,-0.118027,0.561074,0.0225,0.0987942
-0.680617,-0.109635,0.531423,0.0175,0.0987942
-0.702054,-0.113022,0.486657,0.0175,0.0987942
-0.569266,0.0317869,0.546154,0.045,0.504015
-0.592779,0.0123812,0.564059,0.025,0.504015
-0.546546,0.000346251,0.566348,0.0125,0.504015
-0.572207,0.0455612,0.585146,0.0225,0.504015
-0.539824,0.0443258,0.5635,0.0175,0.504015
-0.546234,0.0236472,0.518709,0.0175,0.504015
-0.604272,-0.136724,0.548035,0.045,0.474218
-0.632982,-0.150474,0.563418,0.025,0.474218
-0.5901,-0.159462,0.582598,0.0125,0.474218
-0.617496,-0.111639,0.578278,0.0225,0.474218
-0.580387,-0.118323,0.56843,0.0175,0.474218
-0.574829,-0.152117,0.532345,0.0175,0.474218
-0.270687,-0.0678244,0.467137,0.045,0.477008
-0.238385,-0.0534616,0.466601,0.025,0.477008
-0.261596,-0.0562718,0.508325,0.0125,0.477008
-0.242237,-0.0966693,0.475929,0.0225,0.477008
-0.277962,-0.0940761,0.491281,0.0175,0.477008
-0.30365,-0.0542773,0.476076,0.0175,0.477008
-0.166656,-0.167332,0.436119,0.045,0.618202
-0.150669,-0.192671,0.45489,0.025,0.618202
-0.126942,-0.152058,0.446222,0.0125,0.618202
-0.172307,-0.160614,0.476637,0.0225,0.618202
-0.167309,-0.133376,0.449217,0.0175,0.618202
-0.158753,-0.151764,0.403789,0.0175,0.618202
-0.021183,-0.179651,0.247214,0.045,0.915667
-0.0190898,-0.187056,0.212706,0.025,0.915667
0.00874856,-0.152485,0.230522,0.0125,0.915667
0.00933806,-0.206873,0.240417,0.0225,0.915667
0.00941332,-0.178269,0.266885,0.0175,0.915667
-0.0310191,-0.149317,0.265465,0.0175,0.915667
-0.0720978,0.051527,0.314212,0.045,0.752013
-0.0739727,0.0252912,0.290586,0.025,0.752013
-0.0492209,0.0181963,0.330892,0.0125,0.752013
-0.10346,0.0261389,0.32373,0.0225,0.752013
-0.0802414,0.0445984,0.349007,0.0175,0.752013
-0.0438347,0.070849,0.327548,0.0175,0.752013
-0.804827,0.0994844,0.592625,0.045,0.0381722
-0.796918,0.133606,0.597437,0.025,0.0381722
-0.761177,0.102124,0.593082,0.0125,0.0381722
-0.798973,0.117951,0.555971,0.0225,0.0381722
-0.789127,0.0813945,0.565215,0.0175,0.0381722
-0.798065,0.069446,0.612674,0.0175,0.0381722
-0.715207,0.123221,0.565995,0.045,0.104492
-0.708237,0.102676,0.538079,0.025,0.104492
-0.6783,0.101715,0.575366,0.0125,0.104492
-0.731003,0.0853643,0.572002,0.0225,0.104492
-0.715344,0.108414,0.599247,0.0175,0.104492
-0.696834,0.151028,0.581461,0.0175,0.104492
-0.657256,0.285058,0.511524,0.045,0.0203421
-0.676737,0.289974,0.540616,0.025,0.0203421
-0.630513,0.302217,0.541572,0.0125,0.0203421
-0.672117,0.323755,0.51222,0.0225,0.0203421
-0.637263,0.31267,0.498762,0.0175,0.0203421
-0.627792,0.264193,0.504704,0.0175,0.0203421
-0.445819,0.165811,0.521404,0.045,0.404823
-0.438163,0.138259,0.500612,0.025,0.404823
-0.419367,0.18095,0.490042,0.0125,0.404823
-0.410331,0.14825,0.533692,0.0225,0.404823
-0.418647,0.186319,0.534293,0.0175,0.404823
-0.463096,0.1976,0.515004,0.0175,0.404823
-0.291645,0.213643,0.502886,0.045,0.686745
-0.28311,0.196841,0.5328,0.025,0.686745
-0.279761,0.244532,0.531471,0.0125,0.686745
-0.324479,0.212197,0.528157,0.0225,0.686745
-0.314993,0.241533,0.504319,0.0175,0.686745
-0.272185,0.234701,0.479911,0.0175,0.686745
-0.137941,0.372729,0.297268,0.045,0.681399
-0.132986,0.407495,0.301366,0.025,0.681399
-0.0960259,0.38049,0.287502,0.0125,0.681399
-0.143124,0.392126,0.260996,0.0225,0.681399
-0.127323,0.356893,0.266261,0.0175,0.681399
-0.123263,0.343496,0.314,0.0175,0.681399
-0.0517378,0.291133,0.211091,0.045,0.204346
-0.0706879,0.320206,0.217846,0.025,0.204346
-0.0464215,0.317634,0.176712,0.0125,0.204346
-0.0894511,0.287668,0.194225,0.0225,0.204346
-0.0561258,0.274191,0.179174,0.0175,0.204346
-0.0157737,0.285683,0.205907,0.0175,0.204346
-0.946712,0.341615,0.536245,0.045,0.0152541
-0.911474,0.339655,0.538345,0.025,0.0152541
-0.931078,0.376176,0.514484,0.0125,0.0152541
-0.93319,0.364049,0.568379,0.0225,0.0152541
-0.963246,0.372793,0.545164,0.0175,0.0152541
-0.969898,0.340676,0.507758,0.0175,0.0152541
-0.87517,0.402977,0.53509,0.045,0.0158232
-0.855115,0.375723,0.545338,0.025,0.0158232
-0.845361,0.419225,0.562657,0.0125,0.0158232
-0.889753,0.387239,0.570564,0.0225,0.0158232
-0.889527,0.424858,0.560391,0.0175,0.0158232
-0.867459,0.433848,0.516719,0.0175,0.0158232
-0.750733,0.35635,0.537613,0.045,0.0307671
-0.716151,0.362624,0.533777,0.025,0.0307671
-0.746064,0.399824,0.536764,0.0125,0.0307671
-0.733144,0.361799,0.574757,0.0225,0.0307671
-0.768906,0.373199,0.564275,0.0175,0.0307671
-0.779801,0.364237,0.516568,0.0175,0.0307671
-0.631624,0.447116,0.508562,0.045,0.120304
-0.656982,0.425557,0.520487,0.025,0.120304
-0.63737,0.456937,0.550788,0.0125,0.120304
-0.668504,0.465878,0.505989,0.0225,0.120304
-0.634527,0.482886,0.514649,0.0175,0.120304
-0.596285,0.451216,0.517746,0.0175,0.120304
-0.6369,0.567193,0.535725,0.045,0.115587
-0.653729,0.567068,0.566817,0.025,0.115587
-0.611426,0.545002,0.563494,0.0125,0.115587
-0.623628,0.598744,0.559116,0.0225,0.115587
-0.602031,0.577572,0.534539,0.0175,0.115587
-0.62677,0.540192,0.512958,0.0175,0.115587
-0.267023,0.560159,0.464413,0.045,0.683079
-0.296241,0.549733,0.481371,0.025,0.683079
-0.261854,0.517578,0.472939,0.0125,0.683079
-0.261125,0.562328,0.505391,0.0225,0.683079
-0.234503,0.5523,0.478756,0.0175,0.683079
-0.252179,0.550246,0.432297,0.0175,0.683079
-0.154473,0.433855,0.362579,0.045,0.668127
-0.157162,0.404204,0.381648,0.025,0.668127
-0.124585,0.436832,0.394365,0.0125,0.668127
-0.179774,0.440031,0.394836,0.0225,0.668127
-0.154957,0.465981,0.379688,0.0175,0.668127
-0.127096,0.448027,0.342588,0.0175,0.668127
-0.0434961,0.486044,0.19196,0.045,0.166114
-0.0559822,0.463276,0.215955,0.025,0.166114
-0.0400534,0.446227,0.174205,0.0125,0.166114
-0.0123456,0.471254,0.214975,0.0225,0.166114
-0.0109019,0.479842,0.176989,0.0175,0.166114
-0.0544215,0.494618,0.157944,0.0175,0.166114
-0.890278,0.679545,0.461192,0.045,0.00554384
-0.915628,0.68975,0.438759,0.025,0.00554384
-0.870401,0.702314,0.429585,0.0125,0.00554384
-0.893645,0.652159,0.43025,0.0225,0.00554384
-0.860686,0.662915,0.448048,0.0175,0.00554384
-0.866901,0.698401,0.482358,0.0175,0.00554384
-0.766481,0.591012,0.454977,0.045,0.018691
-0.733154,0.585502,0.465413,0.025,0.018691
-0.757662,0.62165,0.484911,0.0125,0.018691
-0.766039,0.567149,0.488876,0.0225,0.018691
-0.792568,0.59433,0.480146,0.0175,0.018691
-0.782818,0.619372,0.43828,0.0175,0.018691
-0.711903,0.656142,0.489008,0.045,0.0473037
-0.685744,0.650282,0.465956,0.025,0.0473037
-0.674544,0.663043,0.510669,0.0125,0.0473037
-0.698793,0.616938,0.49216,0.0225,0.0473037
-0.710922,0.639627,0.521432,0.0175,0.0473037
-0.722218,0.686076,0.507651,0.0175,0.0473037
-0.77307,0.832534,0.565029,0.045,0.0509367
-0.77164,0.814918,0.59565,0.025,0.0509367
-0.790352,0.793086,0.55743,0.0125,0.0509367
-0.738458,0.809771,0.566646,0.0225,0.0509367
-0.760006,0.816764,0.534935,0.0175,0.0509367
-0.801176,0.843211,0.54391,0.0175,0.0509367
-0.502004,0.71517,0.527313,0.045,0.468748
-0.502693,0.686997,0.548663,0.025,0.468748
-0.504811,0.730636,0.568123,0.0125,0.468748
-0.541242,0.704687,0.535632,0.0225,0.468748
-0.527493,0.740874,0.531134,0.0175,0.468748
-0.478323,0.743053,0.523889,0.0175,0.468748
-0.214225,0.497916,0.383725,0.045,0.544381
-0.227428,0.509426,0.414437,0.025,0.544381
-0.194884,0.474384,0.415104,0.0125,0.544381
-0.189559,0.527192,0.399639,0.0225,0.544381
-0.178112,0.495708,0.379728,0.0175,0.544381
-0.215304,0.465204,0.367029,0.0175,0.544381
-0.01717,0.674995,0.365625,0.045,0.607834
0.00373001,0.703213,0.369746,0.025,0.607834
-0.0344094,0.706848,0.341116,0.0125,0.607834
-0.0319521,0.699255,0.39582,0.0225,0.607834
-0.0530754,0.678761,0.370275,0.0175,0.607834
-0.0258852,0.654732,0.336241,0.0175,0.607834
-0.943761,0.779275,0.471382,0.045,0.00683469
-0.975048,0.779594,0.487845,0.025,0.00683469
-0.962719,0.817343,0.46119,0.0125,0.00683469
-0.973303,0.765287,0.445881,0.0225,0.00683469
-0.942431,0.786828,0.435799,0.0175,0.00683469
-0.914073,0.800734,0.474236,0.0175,0.00683469
-0.865038,0.859203,0.386359,0.045,0.0108269
-0.878195,0.835501,0.363663,0.025,0.0108269
-0.89635,0.837533,0.407864,0.0125,0.0108269
-0.898265,0.874916,0.367182,0.0225,0.0108269
-0.887918,0.881159,0.404232,0.0175,0.0108269
-0.847668,0.855661,0.418542,0.0175,0.0108269
-0.816644,0.700266,0.573759,0.045,0.10245
-0.818239,0.706027,0.538913,0.025,0.10245
-0.858876,0.706287,0.564133,0.0125,0.10245
-0.8159,0.741005,0.566112,0.0225,0.10245
-0.833266,0.723517,0.5963,0.0175,0.10245
-0.830611,0.673852,0.595142,0.0175,0.10245
-0.777941,0.920324,0.524902,0.045,0.0411355
-0.766027,0.887181,0.521803,0.025,0.0411355
-0.737627,0.92003,0.541849,0.0125,0.0411355
-0.785613,0.899221,0.559753,0.0225,0.0411355
-0.775916,0.936884,0.557255,0.0175,0.0411355
-0.766253,0.952233,0.510929,0.0175,0.0411355
-0.631453,0.863324,0.504054,0.045,0.0309106
-0.659225,0.844502,0.515208,0.025,0.0309106
-0.652091,0.849259,0.468156,0.0125,0.0309106
-0.621432,0.823144,0.506027,0.0225,0.0309106
-0.608961,0.848747,0.479425,0.0175,0.0309106
-0.628796,0.894121,0.484192,0.0175,0.0309106
-0.334146,0.750869,0.482864,0.045,0.634264
-0.323942,0.773739,0.507821,0.025,0.634264
-0.370639,0.769173,0.498541,0.0125,0.634264
-0.335203,0.732606,0.520068,0.0225,0.634264
-0.360096,0.726573,0.490696,0.0175,0.634264
-0.351795,0.755314,0.450946,0.0175,0.634264
-0.191839,0.819893,0.417746,0.045,0.491178
-0.181188,0.841594,0.443546,0.025,0.491178
-0.175831,0.85554,0.398111,0.0125,0.491178
-0.222076,0.846677,0.427079,0.0225,0.491178
-0.213649,0.832839,0.391636,0.0175,0.491178
-0.173787,0.803095,0.390507,0.0175,0.491178
-0.0260811,0.744739,0.219821,0.045,0.565094
0.00371755,0.731633,0.233615,0.025,0.565094
-0.0155734,0.770645,0.253451,0.0125,0.565094
-0.0350801,0.718974,0.251029,0.0225,0.565094
-0.0542114,0.751664,0.24186,0.0175,0.565094
-0.0339882,0.777005,0.204126,0.0175,0.565094
-0.858297,-0.697165,0.469107,0.045,0.0188372
-0.870647,-0.720876,0.492243,0.025,0.0188372
-0.823383,-0.71423,0.489164,0.0125,0.0188372
-0.862845,-0.679538,0.506354,0.0225,0.0188372
-0.834648,-0.671966,0.48054,0.0175,0.0188372
-0.836497,-0.700313,0.439698,0.0175,0.0188372
-0.944435,-0.892647,0.502766,0.045,0.00965559
-0.945807,-0.927654,0.50752,0.025,0.00965559
-0.968406,-0.90867,0.469885,0.0125,0.00965559
-0.914312,-0.911061,0.481034,0.0225,0.00965559
-0.934612,-0.879596,0.470236,0.0175,0.00965559
-0.970448,-0.866703,0.502245,0.0175,0.00965559
-0.834904,-0.794391,0.522629,0.045,0.0118898
-0.851344,-0.818261,0.542876,0.025,0.0118898
-0.862361,-0.772036,0.548297,0.0125,0.0118898
-0.870797,-0.805487,0.505098,0.0225,0.0118898
-0.854803,-0.769955,0.50441,0.0175,0.0118898
-0.812692,-0.766239,0.530637,0.0175,0.0118898
-0.553488,-0.820991,0.522916,0.045,0.236164
-0.57732,-0.819937,0.54901,0.025,0.236164
-0.566603,-0.862208,0.529368,0.0125,0.236164
-0.534951,-0.828168,0.559298,0.0225,0.236164
-0.525867,-0.844594,0.525145,0.0175,0.236164
-0.555779,-0.831233,0.487704,0.0175,0.236164
-0.0322342,-0.874779,0.314681,0.045,0.617164
-0.0609175,-0.881055,0.334376,0.025,0.617164
-0.0221214,-0.90824,0.34096,0.0125,0.617164
-0.029466,-0.854306,0.350625,0.0225,0.617164
-1.42083e-05,-0.870791,0.331142,0.0175,0.617164
-0.0140744,-0.895262,0.290173,0.0175,0.617164
-0.0912313,-0.742396,0.328936,0.045,0.792719
-0.073514,-0.711807,0.32956,0.025,0.792719
-0.119171,-0.712215,0.343799,0.0125,0.792719
-0.0749021,-0.736277,0.366548,0.0225,0.792719
-0.109218,-0.753019,0.358746,0.0175,0.792719
-0.121002,-0.75338,0.310414,0.0175,0.792719
-0.0532122,-0.63156,0.301,0.045,0.321198
-0.0446377,-0.646267,0.331986,0.025,0.321198
-0.0663492,-0.673224,0.298979,0.0125,0.321198
-0.0161892,-0.649996,0.298141,0.0225,0.321198
-0.0432814,-0.648199,0.270185,0.0175,0.321198
-0.0854816,-0.625978,0.284341,0.0175,0.321198
-0.876584,-0.595806,0.501084,0.045,0.0135511
-0.890124,-0.615563,0.475078,0.025,0.0135511
-0.86213,-0.636549,0.507688,0.0125,0.0135511
-0.911972,-0.613383,0.513635,0.0225,0.0135511
-0.880395,-0.606914,0.535539,0.0175,0.0135511
-0.842033,-0.58755,0.51047,0.0175,0.0135511
-0.78663,-0.649627,0.518325,0.045,0.0215043
-0.778749,-0.628554,0.545598,0.025,0.0215043
-0.814004,-0.615602,0.515987,0.0125,0.0215043
-0.811024,-0.658584,0.550627,0.0225,0.0215043
-0.821268,-0.659488,0.513037,0.0175,0.0215043
-0.785415,-0.644535,0.481957,0.0175,0.0215043
-0.773253,-0.900476,0.500516,0.045,0.0139478
-0.754246,-0.93018,0.503039,0.025,0.0139478
-0.768795,-0.908723,0.543231,0.0125,0.0139478
-0.79851,-0.93321,0.503562,0.0225,0.0139478
-0.804558,-0.897903,0.518912,0.0175,0.0139478
-0.767004,-0.866064,0.511775,0.0175,0.0139478
-0.510134,-0.600745,0.571095,0.045,0.38404
-0.525527,-0.59106,0.601414,0.025,0.38404
-0.528012,-0.561487,0.563907,0.0125,0.38404
-0.55012,-0.611689,0.570781,0.0225,0.38404
-0.529373,-0.599237,0.540231,0.0175,0.38404
-0.482721,-0.586121,0.551481,0.0175,0.38404
-0.543148,-0.667899,0.504899,0.045,0.241735
-0.577077,-0.662064,0.512948,0.025,0.241735
-0.548636,-0.681614,0.546061,0.0125,0.241735
-0.547121,-0.631117,0.523609,0.0225,0.241735
-0.517293,-0.655889,0.527532,0.0175,0.241735
-0.523148,-0.698649,0.502787,0.0175,0.241735
-0.229403,-0.755452,0.398582,0.045,0.385719
-0.2521,-0.728452,0.396161,0.025,0.385719
-0.244166,-0.748028,0.439072,0.0125,0.385719
-0.209786,-0.719752,0.406289,0.0225,0.385719
-0.202851,-0.754051,0.423442,0.0175,0.385719
-0.233575,-0.790429,0.409031,0.0175,0.385719
-0.173231,-0.727088,0.269765,0.045,0.162381
-0.139517,-0.728059,0.280367,0.025,0.162381
-0.166121,-0.689999,0.291819,0.0125,0.162381
-0.170916,-0.7426,0.308141,0.0225,0.162381
-0.199231,-0.719761,0.294164,0.0175,0.162381
-0.191531,-0.704283,0.247515,0.0175,0.162381
-0.0904665,-0.553963,0.170425,0.045,0.273822
-0.0685066,-0.578328,0.15723,0.025,0.273822
-0.0696298,-0.535019,0.136967,0.0125,0.273822
-0.0529162,-0.549898,0.187519,0.0225,0.273822
-0.0774309,-0.520961,0.178549,0.0175,0.273822
-0.119122,-0.53606,0.155991,0.0175,0.273822
-0.942749,-0.512655,0.48649,0.045,0.00734602
-0.959851,-0.50207,0.515567,0.025,0.00734602
-0.976872,-0.488954,0.472839,0.0125,0.00734602
-0.973245,-0.539276,0.49544,0.0225,0.00734602
-0.961552,-0.528735,0.45979,0.0175,0.00734602
-0.92577,-0.494172,0.459656,0.0175,0.00734602
-0.892369,-0.493438,0.558425,0.045,0.227372
-0.894093,-0.522682,0.538631,0.025,0.227372
-0.932758,-0.494698,0.541703,0.0125,0.227372
-0.883437,-0.484358,0.518972,0.0225,0.227372
-0.902872,-0.461699,0.544025,0.0175,0.227372
-0.910693,-0.482741,0.588422,0.0175,0.227372
-0.558114,-0.406363,0.553757,0.045,0.230629
-0.560337,-0.408393,0.588984,0.025,0.230629
-0.544124,-0.367944,0.569272,0.0125,0.230629
-0.594366,-0.390849,0.566557,0.0225,0.230629
-0.572945,-0.377817,0.536723,0.0175,0.230629
-0.529665,-0.401669,0.530983,0.0175,0.230629
-0.53614,-0.529959,0.516579,0.045,0.309883
-0.532686,-0.538255,0.482385,0.025,0.309883
-0.49531,-0.519112,0.505277,0.0125,0.309883
-0.520043,-0.567977,0.512807,0.0225,0.309883
-0.511141,-0.541778,0.54025,0.0175,0.309883
-0.534122,-0.498015,0.534621,0.0175,0.309883
-0.26228,-0.573903,0.457764,0.045,0.803897
-0.243049,-0.553713,0.479501,0.025,0.803897
-0.273601,-0.585257,0.498451,0.0125,0.803897
-0.227736,-0.59397,0.468842,0.0225,0.803897
-0.262793,-0.609932,0.462928,0.0175,0.803897
-0.298498,-0.576937,0.45237,0.0175,0.803897
-0.0115051,-0.722059,0.285283,0.045,0.701474
-0.0234795,-0.751996,0.270778,0.025,0.701474
-0.0362699,-0.710265,0.251223,0.0125,0.701474
0.0136067,-0.733885,0.254489,0.0225,0.701474
0.0044117,-0.697218,0.263962,0.0175,0.701474
-0.028624,-0.69359,0.300982,0.0175,0.701474
-0.0573263,-0.752019,0.198077,0.045,0.282559
-0.0565561,-0.749743,0.233351,0.025,0.282559
-0.0989895,-0.751589,0.211362,0.0125,0.282559
-0.059304,-0.789929,0.214741,0.0225,0.282559
-0.0775705,-0.777936,0.182473,0.0175,0.282559
-0.0707716,-0.729751,0.172128,0.0175,0.282559
-0.930075,-0.248045,0.568783,0.045,0.050997
-0.957398,-0.230828,0.583172,0.025,0.050997
-0.962039,-0.277481,0.573713,0.0125,0.050997
-0.929107,-0.251952,0.610045,0.0225,0.050997
-0.918703,-0.279067,0.584058,0.0175,0.050997
-0.925949,-0.265536,0.536735,0.0175,0.050997
-0.855467,-0.219167,0.609941,0.045,0.0843771
-0.855676,-0.216905,0.574658,0.025,0.0843771
-0.881159,-0.185241,0.599868,0.0125,0.0843771
-0.826405,-0.192434,0.59731,0.0225,0.0843771
-0.848127,-0.189372,0.629521,0.0175,0.0843771
-0.882077,-0.225394,0.634499,0.0175,0.0843771
-0.652796,-0.0542803,0.551283,0.045,0.228661
-0.642408,-0.03091,0.575694,0.025,0.228661
-0.669473,-0.0679052,0.589345,0.0125,0.228661
-0.617899,-0.0673653,0.569442,0.0225,0.228661
-0.647413,-0.089764,0.55736,0.0175,0.228661
-0.685998,-0.0642238,0.539087,0.0175,0.228661
-0.718135,-0.203369,0.606824,0.045,0.154626
-0.725548,-0.169136,0.602017,0.025,0.154626
-0.732473,-0.188293,0.64529,0.0125,0.154626
-0.685428,-0.180195,0.617407,0.0225,0.154626
-0.696963,-0.213115,0.634784,0.0175,0.154626
-0.738997,-0.232134,0.616171,0.0175,0.154626
-0.198858,-0.49985,0.486396,0.045,0.900513
-0.178004,-0.490913,0.459281,0.025,0.900513
-0.16265,-0.524092,0.490118,0.0125,0.900513
-0.205028,-0.525799,0.454657,0.0225,0.900513
-0.205796,-0.535057,0.492505,0.0175,0.900513
-0.194618,-0.49721,0.522797,0.0175,0.900513
-0.249807,-0.327127,0.411498,0.045,0.497887
-0.231812,-0.337635,0.44006,0.025,0.497887
-0.207411,-0.324212,0.401177,0.0125,0.497887
-0.23964,-0.294293,0.434678,0.0225,0.497887
-0.241074,-0.295491,0.395752,0.0175,0.497887
-0.251912,-0.340404,0.377303,0.0175,0.497887
-0.157621,-0.343536,0.34363,0.045,0.537723
-0.164555,-0.334869,0.377198,0.025,0.537723
-0.141105,-0.303506,0.349738,0.0125,0.537723
-0.193023,-0.322058,0.345667,0.0225,0.537723
-0.166529,-0.320206,0.317147,0.0175,0.537723
-0.126139,-0.3481,0.325244,0.0175,0.537723
-0.0227833,-0.201635,0.335063,0.045,0.6181
-0.0300861,-0.227119,0.358456,0.025,0.6181
-0.0451821,-0.232298,0.31337,0.0125,0.6181
0.00632526,-0.23111,0.333416,0.0225,0.6181
-0.0075319,-0.210666,0.303269,0.0175,0.6181
-0.0442376,-0.179308,0.315284,0.0175,0.6181
-0.754668,-0.0253506,0.584098,0.045,0.113548
-0.72951,-0.0137554,0.562129,0.025,0.113548
-0.765333,0.0157588,0.573668,0.0125,0.113548
-0.725344,-0.00532188,0.605491,0.0225,0.113548
-0.763581,-0.00512189,0.613018,0.0175,0.113548
-0.790828,-0.0303252,0.579892,0.0175,0.113548
-0.730844,0.0602827,0.64271,0.045,0.18346
-0.699423,0.054226,0.657745,0.025,0.18346
-0.705397,0.0429553,0.61165,0.0125,0.18346
-0.705589,0.0925037,0.636169,0.0225,0.18346
-0.732165,0.0786037,0.611284,0.0175,0.18346
-0.755742,0.0379237,0.62754,0.0175,0.18346
-0.600129,0.12146,0.530042,0.045,0.145693
-0.597722,0.135696,0.562315,0.025,0.145693
-0.622194,0.0949565,0.556935,0.0125,0.145693
-0.56817,0.104776,0.550511,0.0225,0.145693
-0.591733,0.0863273,0.525547,0.0175,0.145693
-0.628788,0.114571,0.508105,0.0175,0.145693
-0.54086,0.214475,0.542894,0.045,0.239823
-0.529394,0.181291,0.538732,0.025,0.239823
-0.499,0.217303,0.530556,0.0125,0.239823
-0.522811,0.201265,0.577801,0.0225,0.239823
-0.52144,0.237448,0.56339,0.0175,0.239823
-0.544282,0.242596,0.519496,0.0175,0.239823
-0.111133,0.17519,0.414854,0.045,0.569441
-0.141401,0.193123,0.418348,0.025,0.569441
-0.122459,0.172259,0.456992,0.0125,0.569441
-0.103207,0.214176,0.426518,0.0225,0.569441
-0.0836159,0.182355,0.437581,0.0175,0.569441
-0.102573,0.139836,0.420036,0.0175,0.569441
-0.127721,0.00886345,0.411554,0.045,0.763975
-0.129047,-0.00023761,0.445692,0.025,0.763975
-0.131319,-0.0347076,0.412614,0.0125,0.763975
-0.0897091,-0.000542419,0.42517,0.0225,0.763975
-0.103992,-0.00797244,0.38968,0.0175,0.763975
-0.151677,0.00500636,0.383964,0.0175,0.763975
-0.00794983,0.217527,0.242107,0.045,0.665939
0.0087753,0.23731,0.266168,0.025,0.665939
-0.0335307,0.252206,0.24956,0.0125,0.665939
-0.0212793,0.207811,0.280142,0.0225,0.665939
-0.0428083,0.208641,0.247668,0.0175,0.665939
-0.0180214,0.22405,0.20738,0.0175,0.665939
-0.955024,0.0555878,0.637352,0.045,0.0157235
-0.938705,0.0511316,0.668398,0.025,0.0157235
-0.986452,0.0538314,0.667712,0.0125,0.0157235
-0.952988,0.0152245,0.646594,0.0225,0.0157235
-0.982337,0.0332636,0.628373,0.0175,0.0157235
-0.976353,0.0824785,0.624239,0.0175,0.0157235
-0.846756,0.178885,0.578478,0.045,0.107698
-0.868589,0.179224,0.606284,0.025,0.107698
-0.886716,0.187123,0.562735,0.0125,0.107698
-0.863701,0.141398,0.583612,0.0225,0.107698
-0.855236,0.158421,0.549593,0.0175,0.107698
-0.837434,0.204666,0.554015,0.0175,0.107698
-0.773783,0.272097,0.559491,0.045,0.233339
-0.783574,0.304,0.571167,0.025,0.233339
-0.803821,0.265233,0.590525,0.0125,0.233339
-0.751343,0.282476,0.59277,0.0225,0.233339
-0.763856,0.246719,0.583625,0.0175,0.233339
-0.792301,0.24508,0.542843,0.0175,0.233339
-0.645053,0.365739,0.557583,0.045,0.111011
-0.64197,0.349943,0.589063,0.025,0.111011
-0.634796,0.397145,0.586235,0.0125,0.111011
-0.681017,0.367931,0.578089,0.0225,0.111011
-0.666154,0.395249,0.554604,0.0175,0.111011
-0.621093,0.384149,0.536678,0.0175,0.111011
-0.526112,0.301818,0.559844,0.045,0.400849
-0.527313,0.290062,0.593166,0.025,0.400849
-0.502998,0.330171,0.58381,0.0125,0.400849
-0.557243,0.320138,0.58019,0.0225,0.400849
-0.534616,0.33655,0.553034,0.0175,0.400849
-0.498296,0.306908,0.536384,0.0175,0.400849
-0.0651503,0.3588,0.35184,0.045,0.318547
-0.095267,0.340283,0.351543,0.025,0.318547
-0.0966583,0.386612,0.339748,0.0125,0.318547
-0.0724506,0.344284,0.313699,0.0225,0.318547
-0.0562871,0.378606,0.322614,0.0175,0.318547
-0.0541608,0.387865,0.371448,0.0175,0.318547
-0.00998592,0.34883,0.275561,0.045,0.57043
-0.0108793,0.329873,0.305391,0.025,0.57043
-0.0436978,0.364052,0.298892,0.0125,0.57043
-0.0359781,0.316827,0.271206,0.0225,0.57043
-0.0404585,0.352419,0.255977,0.0175,0.57043
-0.00492578,0.384652,0.269146,0.0175,0.57043
-0.0220871,0.131586,0.270663,0.045,0.658333
0.00984721,0.118437,0.278233,0.025,0.658333
-0.0166033,0.13645,0.313777,0.0125,0.658333
-0.0255053,0.0919249,0.282241,0.0225,0.658333
-0.0508217,0.120501,0.290066,0.0175,0.658333
-0.0363804,0.165279,0.273899,0.0175,0.658333
-0.955078,0.436062,0.510591,0.045,0.0158661
-0.969631,0.404135,0.514937,0.025,0.0158661
-0.924668,0.406901,0.498871,0.0125,0.0158661
-0.945496,0.421135,0.548062,0.0225,0.0158661
-0.922447,0.442761,0.525264,0.0175,0.0158661
-0.942285,0.453601,0.480947,0.0175,0.0158661
-0.876925,0.747076,0.526181,0.045,0.0169006
-0.907231,0.764786,0.530419,0.025,0.0169006
-0.877054,0.77877,0.496048,0.0125,0.0169006
-0.905889,0.731835,0.500734,0.0225,0.0169006
-0.867853,0.735257,0.49297,0.0175,0.0169006
-0.841728,0.757179,0.52919,0.0175,0.0169006
-0.694582,0.470042,0.568605,0.045,0.0956745
-0.721508,0.447347,0.571753,0.025,0.0956745
-0.685212,0.436059,0.542723,0.0125,0.0956745
-0.685947,0.441802,0.597703,0.0225,0.0956745
-0.660562,0.457806,0.572839,0.0175,0.0956745
-0.681306,0.488878,0.539987,0.0175,0.0956745
-0.791314,0.555036,0.552372,0.045,0.0186781
-0.816433,0.55736,0.5276,0.025,0.0186781
-0.778153,0.530003,0.519016,0.0125,0.0186781
-0.818248,0.523799,0.556568,0.0225,0.0186781
-0.779825,0.522128,0.562864,0.0175,0.0186781
-0.755801,0.564458,0.552568,0.0175,0.0186781
-0.541092,0.50063,0.521115,0.045,0.212075
-0.542908,0.484781,0.489564,0.025,0.212075
-0.500033,0.490507,0.509972,0.0125,0.212075
-0.542895,0.459505,0.526031,0.0225,0.212075
-0.522562,0.484487,0.547968,0.0175,0.212075
-0.524918,0.531656,0.532331,0.0175,0.212075
-0.421496,0.52039,0.522202,0.045,0.620532
-0.422244,0.51759,0.557439,0.025,0.620532
-0.448083,0.552002,0.536566,0.0125,0.620532
-0.453736,0.497075,0.533856,0.0225,0.620532
-0.452935,0.522023,0.503928,0.0175,0.620532
-0.410227,0.547192,0.499739,0.0175,0.620532
-0.0219631,0.452321,0.368605,0.045,0.7654
-0.0171978,0.459351,0.334284,0.025,0.7654
-0.0602181,0.467298,0.353613,0.0125,0.7654
-0.0118971,0.492227,0.363607,0.0225,0.7654
-0.0366983,0.477824,0.389993,0.0175,0.7654
-0.043973,0.428755,0.386217,0.0175,0.7654
-0.93346,0.864447,0.444393,0.045,0.00722327
-0.949764,0.875888,0.473604,0.025,0.00722327
-0.925817,0.834524,0.475356,0.0125,0.00722327
-0.906926,0.885942,0.467901,0.0225,0.00722327
-0.898485,0.85456,0.446391,0.0175,0.00722327
-0.937914,0.834399,0.423721,0.0175,0.00722327
-0.876967,0.955271,0.348839,0.045,0.00453743
-0.869964,0.936734,0.378119,0.025,0.00453743
-0.83878,0.935123,0.341891,0.0125,0.00453743
-0.853039,0.977572,0.37431,0.0225,0.00453743
-0.851382,0.977387,0.335375,0.0175,0.00453743
-0.882721,0.945221,0.313969,0.0175,0.00453743
-0.886501,0.573524,0.557116,0.045,0.0206306
-0.889572,0.544428,0.537265,0.025,0.0206306
-0.926648,0.557772,0.564373,0.0125,0.0206306
-0.903961,0.583007,0.520729,0.0225,0.0206306
-0.912413,0.59902,0.555238,0.0175,0.0206306
-0.887664,0.578938,0.593438,0.0175,0.0206306
-0.697875,0.706395,0.562202,0.045,0.0592864
-0.670228,0.717761,0.581083,0.025,0.0592864
-0.702868,0.749611,0.566672,0.0125,0.0592864
-0.707813,0.707739,0.602429,0.0225,0.0592864
-0.731454,0.715908,0.572544,0.0175,0.0592864
-0.709263,0.713816,0.528067,0.0175,0.0592864
-0.555302,0.618754,0.530107,0.045,0.244723
-0.561786,0.595902,0.556294,0.025,0.244723
-0.529244,0.630245,0.563296,0.0125,0.244723
-0.583856,0.634391,0.555776,0.0225,0.244723
-0.556086,0.654449,0.537196,0.0175,0.244723
-0.525049,0.626096,0.510592,0.0175,0.244723
-0.169576,0.619831,0.389879,0.045,0.963908
-0.14577,0.637794,0.408869,0.025,0.963908
-0.136922,0.591991,0.398318,0.0125,0.963908
-0.140664,0.635824,0.364838,0.0225,0.963908
-0.158505,0.601453,0.360474,0.0175,0.963908
-0.189915,0.590162,0.397365,0.0175,0.963908
-0.0972614,0.753858,0.331645,0.045,0.415973
-0.118835,0.773706,0.35141,0.025,0.415973
-0.0740697,0.766344,0.366555,0.0125,0.415973
-0.0922294,0.793913,0.322211,0.0225,0.415973
-0.0643148,0.766732,0.323056,0.0175,0.415973
-0.0801038,0.722011,0.338082,0.0175,0.415973
-0.0170431,0.644534,0.243198,0.045,0.77595
-0.0124952,0.630781,0.210947,0.025,0.77595
-0.0558671,0.646792,0.223196,0.0125,0.77595
-0.00868748,0.674697,0.216011,0.0225,0.77595
-0.0329155,0.677131,0.246439,0.0175,0.77595
-0.038066,0.634539,0.271626,0.0175,0.77595
-0.955235,0.915776,0.367724,0.045,0.00296545
-0.960226,0.913683,0.402663,0.025,0.00296545
-0.955454,0.873189,0.377664,0.0125,0.00296545
-0.918671,0.913363,0.387114,0.0225,0.00296545
-0.927616,0.897448,0.352683,0.0175,0.00296545
-0.975046,0.903923,0.339141,0.0175,0.00296545
-0.870601,0.772134,0.419042,0.045,0.00521519
-0.869163,0.805434,0.430833,0.025,0.00521519
-0.875232,0.770091,0.46248,0.0125,0.00521519
-0.8318,0.781509,0.430238,0.0225,0.00521519
-0.849333,0.746969,0.434514,0.0175,0.00521519
-0.896979,0.746584,0.420207,0.0175,0.00521519
-0.844198,0.831553,0.490689,0.045,0.0287365
-0.836643,0.79957,0.503727,0.025,0.0287365
-0.869651,0.803142,0.469301,0.0125,0.0287365
-0.815327,0.813196,0.467276,0.0225,0.0287365
-0.843919,0.836458,0.454622,0.0175,0.0287365
-0.875053,0.851501,0.49039,0.0175,0.0287365
-0.722708,0.947702,0.459439,0.045,0.0343652
-0.699662,0.926342,0.475645,0.025,0.0343652
-0.684444,0.968872,0.459925,0.0125,0.0343652
-0.720825,0.956954,0.499808,0.0225,0.0343652
-0.725625,0.982243,0.470548,0.0175,0.0343652
-0.723996,0.961441,0.425386,0.0175,0.0343652
-0.513996,0.936651,0.505561,0.045,0.193864
-0.541226,0.914533,0.501164,0.025,0.193864
-0.499825,0.897046,0.517524,0.0125,0.193864
-0.534875,0.932673,0.541156,0.0225,0.193864
-0.496309,0.936809,0.537375,0.0175,0.193864
-0.480671,0.938245,0.490169,0.0175,0.193864
-0.381452,0.847386,0.487542,0.045,0.678102
-0.359549,0.82654,0.505864,0.025,0.678102
-0.387147,0.857477,0.529711,0.0125,0.678102
-0.401439,0.81321,0.499839,0.0225,0.678102
-0.4165,0.849058,0.49723,0.0175,0.678102
-0.383583,0.883881,0.483857,0.0175,0.678102
-0.0208139,0.81463,0.326857,0.045,0.852563
-0.0399169,0.797894,0.351453,0.025,0.852563
0.00455009,0.78267,0.342597,0.0125,0.852563
-0.0127033,0.830505,0.364286,0.0225,0.852563
0.0127973,0.825851,0.335186,0.0175,0.852563
-0.00623077,0.803486,0.295026,0.0175,0.852563
0.013607,-0.471927,0.0450726,0.045,0.137157
0.0448704,-0.461403,0.0323501,0.025,0.137157
0.0434436,-0.482522,0.0752392,0.0125,0.137157
0.0321093,-0.503307,0.0252817,0.0225,0.137157
0.0100734,-0.506026,0.0573094,0.0175,0.137157
-0.00553097,-0.462178,0.0748837,0.0175,0.137157
0.288654,-0.523608,0.0451136,0.045,0.0412547
0.261712,-0.541432,0.0307463,0.025,0.0412547
0.306384,-0.554885,0.0202152,0.0125,0.0412547
0.279468,-0.556604,0.0684728,0.0225,0.0412547
0.315058,-0.542092,0.0620314,0.0175,0.0412547
0.315805,-0.503699,0.0304015,0.0175,0.0412547
0.331749,-0.602788,0.0444927,0.045,0.0329413
0.366779,-0.60581,0.0407817,0.025,0.0329413
0.345871,-0.625968,0.0787821,0.0125,0.0329413
0.340908,-0.638276,0.0251153,0.0225,0.0329413
0.311974,-0.632727,0.0506255,0.0175,0.0329413
0.310862,-0.587046,0.0702984,0.0175,0.0329413
0.516627,-0.642609,0.0471363,0.045,0.0355147
0.512811,-0.60746,0.0470914,0.025,0.0355147
0.537817,-0.627906,0.0118186,0.0125,0.0355147
0.484014,-0.631954,0.0238643,0.0225,0.0355147
0.508711,-0.661288,0.0169139,0.0175,0.0355147
0.546198,-0.664289,0.0494818,0.0175,0.0355147
0.606518,-0.649707,0.045125,0.045,0.0258061
0.625467,-0.629076,0.0666954,0.025,0.0258061
0.641291,-0.673235,0.0573625,0.0125,0.0258061
0.635821,-0.629835,0.0235565,0.0225,0.0258061
0.623174,-0.666154,0.0172487,0.0175,0.0258061
0.58944,-0.681827,0.0502846,0.0175,0.0258061
0.70119,-0.650185,0.0448828,0.045,0.017107
0.683169,-0.627357,0.0247797,0.025,0.017107
0.69818,-0.613123,0.0679024,0.0125,0.017107
0.727502,-0.626733,0.0230548,0.0225,0.017107
0.732905,-0.639754,0.0593867,0.0175,0.017107
0.694219,-0.665086,0.0777365,0.0175,0.017107
0.782834,-0.687389,0.0504265,0.045,0.035624
0.773118,-0.661018,0.071878,0.025,0.035624
0.816357,-0.659326,0.0515051,0.0125,0.035624
0.766272,-0.656509,0.0282712,0.0225,0.035624
0.795864,-0.679413,0.017387,0.0175,0.035624
0.810075,-0.711981,0.0522063,0.0175,0.035624
0.865506,-0.531521,0.0448914,0.045,0.0235441
0.894625,-0.526084,0.0255903,0.025,0.0235441
0.899425,-0.536048,0.0721218,0.0125,0.0235441
0.880262,-0.567708,0.0310535,0.0225,0.0235441
0.863335,-0.561389,0.0655831,0.0175,0.0235441
0.851305,-0.513819,0.0737869,0.0175,0.0235441
0.149763,-0.318071,0.0448656,0.045,0.0997735
0.117422,-0.329155,0.0358551,0.025,0.0997735
0.122459,-0.302655,0.0753506,0.0125,0.0997735
0.130588,-0.288973,0.0224075,0.0225,0.0997735
0.15496,-0.282795,0.052183,0.0175,0.0997735
0.170799,-0.324443,0.0743089,0.0175,0.0997735
0.361044,-0.426815,0.0478935,0.045,0.175927
0.336997,-0.438767,0.0248955,0.025,0.175927
0.374894,-0.466193,0.0348531,0.0125,0.175927
0.333193,-0.450418,0.0675397,0.0225,0.175927
0.371281,-0.448226,0.0754935,0.0175,0.175927
0.396745,-0.418836,0.0444647,0.0175,0.175927
0.445227,-0.458535,0.0493107,0.045,0.156541
0.471695,-0.446524,0.0291815,0.025,0.156541
0.482183,-0.467068,0.0710798,0.0125,0.156541
0.459937,-0.489154,0.0255438,0.0225,0.156541
0.446765,-0.492595,0.0620597,0.0175,0.156541
0.433608,-0.449404,0.0829504,0.0175,0.156541
0.535896,-0.464687,0.0508261,0.045,0.0264431
0.531573,-0.441345,0.0246263,0.025,0.0264431
0.565145,-0.475098,0.0200258,0.0125,0.0264431
0.510135,-0.480119,0.022244,0.0225,0.0264431
0.536323,-0.500223,0.0429502,0.0175,0.0264431
0.564276,-0.472067,0.072965,0.0175,0.0264431
0.622643,-0.442918,0.0445814,0.045,0.0266513
0.657094,-0.436277,0.0402213,0.025,0.0266513
0.643466,-0.463904,0.0768066,0.0125,0.0266513
0.640195,-0.473238,0.0224151,0.0225,0.0266513
0.611657,-0.477384,0.0486284,0.0175,0.0266513
0.599189,-0.435151,0.071777,0.0175,0.0266513
0.724238,-0.517589,0.048008,0.045,0.0340462
0.69909,-0.506022,0.0260136,0.025,0.0340462
0.744726,-0.503978,0.0118485,0.0125,0.0340462
0.712935,-0.548005,0.0222038,0.0225,0.0340462
0.748883,-0.541396,0.0357253,0.0175,0.0340462
0.752612,-0.500768,0.0641935,0.0175,0.0340462
0.817072,-0.455771,0.0448837,0.045,0.0549029
0.829904,-0.428518,0.0633936,0.025,0.0549029
0.853778,-0.469957,0.0639606,0.0125,0.0549029
0.844779,-0.434993,0.0220951,0.0225,0.0549029
0.839114,-0.47355,0.0220133,0.0175,0.0549029
0.805142,-0.489053,0.0548843,0.0175,0.0549029
0.138545,-0.222798,0.0468969,0.045,0.150313
0.119342,-0.251777,0.0533389,0.025,0.150313
0.165806,-0.25679,0.0431636,0.0125,0.150313
0.141614,-0.23319,0.0869137,0.0225,0.150313
0.169882,-0.218019,0.0647895,0.0175,0.150313
0.156948,-0.211398,0.0172092,0.0175,0.150313
0.32039,-0.255131,0.0445986,0.045,0.106344
0.30507,-0.286654,0.0399485,0.025,0.106344
0.348298,-0.279082,0.0209356,0.0125,0.106344
0.333025,-0.281472,0.0740135,0.0225,0.106344
0.354555,-0.253749,0.0570824,0.0175,0.106344
0.330881,-0.228991,0.021005,0.0175,0.106344
0.414242,-0.266661,0.0448961,0.045,0.1636
0.43452,-0.290425,0.0283415,0.025,0.1636
0.4544,-0.249454,0.0429595,0.0125,0.1636
0.433141,-0.290934,0.0726878,0.0225,0.1636
0.425459,-0.252938,0.0766901,0.0175,0.1636
0.40467,-0.232186,0.0365379,0.0175,0.1636
0.501966,-0.2934,0.0465698,0.045,0.0988326
0.529868,-0.291115,0.0249772,0.025,0.0988326
0.536487,-0.307484,0.0694267,0.0125,0.0988326
0.508106,-0.329699,0.0275072,0.0225,0.0988326
0.495699,-0.324675,0.0641074,0.0175,0.0988326
0.493989,-0.277088,0.0785118,0.0175,0.0988326
0.581818,-0.334806,0.0446253,0.045,0.0420141
0.605526,-0.316068,0.0262739,0.025,0.0420141
0.618064,-0.333396,0.0690528,0.0125,0.0420141
0.605767,-0.360262,0.0223274,0.0225,0.0420141
0.591407,-0.367332,0.0578599,0.0175,0.0420141
0.565827,-0.329321,0.0772475,0.0175,0.0420141
0.707402,-0.290225,0.0447311,0.045,0.080083
0.736805,-0.293088,0.0253073,0.025,0.080083
0.740982,-0.286943,0.0725545,0.0125,0.080083
0.720236,-0.329643,0.0442257,0.0225,0.080083
0.703605,-0.311184,0.0742493,0.0175,0.080083
0.69411,-0.26311,0.0656615,0.0175,0.080083
0.806761,-0.26913,0.0448437,0.045,0.0458061
0.814439,-0.29778,0.0256028,0.025,0.0458061
0.83277,-0.255629,0.0123819,0.0125,0.0458061
0.842516,-0.285671,0.0577556,0.0225,0.0458061
0.833887,-0.247697,0.0562378,0.0175,0.0458061
0.789155,-0.237901,0.0367937,0.0175,0.0458061
0.899193,-0.252307,0.0447521,0.045,0.0119465
0.934064,-0.257829,0.0428823,0.025,0.0119465
0.918118,-0.21935,0.0663901,0.0125,0.0119465
0.912054,-0.272994,0.0782987,0.0225,0.0119465
0.884018,-0.245947,0.0772217,0.0175,0.0119465
0.87775,-0.22511,0.0324829,0.0175,0.0119465
0.302145,-0.124922,0.0491047,0.045,0.155942
0.310811,-0.147717,0.0235058,0.025,0.155942
0.292563,-0.105241,0.0112452,0.0125,0.155942
0.340638,-0.117239,0.0357623,0.0225,0.155942
0.314486,-0.0907273,0.0472487,0.0175,0.155942
0.270129,-0.109902,0.0590728,0.0175,0.155942
0.3771,-0.173211,0.0447502,0.045,0.112207
0.370543,-0.207173,0.0374269,0.025,0.112207
0.405169,-0.18472,0.0132515,0.0125,0.112207
0.402254,-0.197575,0.0669405,0.0225,0.112207
0.411324,-0.1629,0.0516379,0.0175,0.112207
0.374895,-0.142649,0.024475,0.0175,0.112207
0.466412,-0.191058,0.044363,0.045,0.0663039
0.481293,-0.216355,0.0246495,0.025,0.0663039
0.489419,-0.17061,0.0132983,0.0125,0.0663039
0.504672,-0.199075,0.0581687,0.0225,0.0663039
0.487273,-0.164212,0.057366,0.0175,0.0663039
0.44211,-0.164644,0.0365084,0.0175,0.0663039
0.563734,-0.228142,0.0448017,0.045,0.0482472
0.585809,-0.206197,0.0280339,0.025,0.0482472
0.589491,-0.21065,0.0755114,0.0125,0.0482472
0.599074,-0.247832,0.0357381,0.0225,0.0482472
0.577424,-0.252859,0.0677501,0.0175,0.0482472
0.538059,-0.222563,0.0704854,0.0175,0.0482472
0.657043,-0.199422,0.0447111,0.045,0.0831984
0.639313,-0.224327,0.0269526,0.025,0.0831984
0.684033,-0.233645,0.0411236,0.0125,0.0831984
0.638483,-0.225248,0.0713059,0.0225,0.0831984
0.67321,-0.208227,0.0761137,0.0175,0.0831984
0.687876,-0.180896,0.0372178,0.0175,0.0831984
0.746167,-0.196835,0.0541544,0.045,0.0487466
0.753415,-0.215001,0.0247018,0.025,0.0487466
0.789118,-0.205027,0.0549228,0.0125,0.0487466
0.744959,-0.237529,0.0619806,0.0225,0.0487466
0.757681,-0.209755,0.0861776,0.0175,0.0487466
0.757432,-0.16409,0.0664385,0.0175,0.0487466
0.830304,-0.167339,0.044445,0.045,0.0389811
0.849943,-0.19204,0.0285013,0.025,0.0389811
0.869834,-0.165648,0.0630748,0.0125,0.0389811
0.828891,-0.202673,0.0660844,0.0225,0.0389811
0.828944,-0.166592,0.0808125,0.0175,0.0389811
0.833435,-0.130792,0.0465613,0.0175,0.0389811
0.161451,-0.0339813,0.0448227,0.045,0.122865
0.14523,-0.0587605,0.0641322,0.025,0.122865
0.1929,-0.0555136,0.0662672,0.0125,0.122865
0.154306,-0.0196755,0.0830724,0.0225,0.122865
0.185445,-0.0118799,0.0609734,0.0175,0.122865
0.185889,-0.0359906,0.0174593,0.0175,0.122865
0.350952,-0.0370064,0.0450087,0.045,0.108868
0.365318,-0.068291,0.0369532,0.025,0.108868
0.379127,-0.0296516,0.0123802,0.0125,0.108868
0.386493,-0.042011,0.0657584,0.0225,0.108868
0.372825,-0.00856606,0.0511512,0.0175,0.108868
0.33039,-0.0134967,0.0256568,0.0175,0.108868
0.430081,-0.0962934,0.0479164,0.045,0.0524915
0.413715,-0.117512,0.0248528,0.025,0.0524915
0.422312,-0.0721761,0.0122724,0.0125,0.0524915
0.457815,-0.11336,0.0222582,0.0225,0.0524915
0.459107,-0.0772763,0.0369228,0.0175,0.0524915
0.41966,-0.0653687,0.0647998,0.0175,0.0524915
0.527724,-0.075882,0.0446501,0.045,0.0114795
0.528577,-0.111208,0.0434985,0.025,0.0114795
0.565652,-0.086736,0.0257767,0.0125,0.0114795
0.547623,-0.0906392,0.0778918,0.0225,0.0114795
0.556221,-0.0579532,0.0584892,0.0175,0.0114795
0.527892,-0.0502507,0.018325,0.0175,0.0114795
0.600531,-0.129459,0.0452805,0.045,0.0721034
0.61996,-0.108089,0.0248895,0.025,0.0721034
0.606726,-0.0927403,0.0682113,0.0125,0.0721034
0.640741,-0.134034,0.0542797,0.0225,0.0721034
0.611121,-0.13563,0.0795555,0.0175,0.0721034
0.56668,-0.126326,0.0592209,0.0175,0.0721034
0.708243,-0.109784,0.0448484,0.045,0.0112495
0.707436,-0.143015,0.032804,0.025,0.0112495
0.745898,-0.11614,0.023536,0.0125,0.0112495
0.726907,-0.13508,0.0718768,0.0225,0.0112495
0.737343,-0.0984652,0.0635598,0.0175,0.0112495
0.710032,-0.0773044,0.0277643,0.0175,0.0112495
0.787394,-0.0665741,0.0443716,0.045,0.0308343
0.781132,-0.0975224,0.0284658,0.025,0.0308343
0.825554,-0.079818,0.0276125,0.0125,0.0308343
0.795544,-0.0977717,0.0704298,0.0225,0.0308343
0.814997,-0.0640924,0.0679703,0.0175,0.0308343
0.798972,-0.0341063,0.0316519,0.0175,0.0308343
0.903435,-0.0539904,0.0441504,0.045,0.0407358
0.93477,-0.0701873,0.0417508,0.025,0.0407358
0.93325,-0.0254647,0.0586353,0.0125,0.0407358
0.912818,-0.0720578,0.0802651,0.0225,0.0407358
0.894044,-0.0382286,0.0755888,0.0175,0.0407358
0.889883,-0.0238159,0.028155,0.0175,0.0407358
0.246954,0.127121,0.0448961,0.045,0.0239001
0.227387,0.152815,0.0592826,0.025,0.0239001
0.223546,0.144557,0.0123299,0.0125,0.0239001
0.209555,0.112404,0.0550699,0.0225,0.0239001
0.230714,0.102131,0.0239973,0.0175,0.0239001
0.273268,0.127462,0.0192555,0.0175,0.0239001
0.360114,0.124178,0.0447807,0.045,0.015767
0.394513,0.131527,0.0483434,0.025,0.015767
0.370279,0.151806,0.0124408,0.0125,0.015767
0.364943,0.158834,0.0670152,0.0225,0.015767
0.336428,0.151617,0.0414501,0.0175,0.015767
0.340913,0.107992,0.0179603,0.0175,0.015767
0.437427,0.0743818,0.0442848,0.045,0.0274962
0.467752,0.0593637,0.0340478,0.025,0.0274962
0.466539,0.106769,0.040277,0.0125,0.0274962
0.46101,0.0661548,0.0773741,0.0225,0.0274962
0.437648,0.0970095,0.0727969,0.0175,0.0274962
0.415438,0.0991198,0.0283301,0.0175,0.0274962
0.523161,0.100577,0.0447483,0.045,0.0213117
0.499156,0.0969084,0.070445,0.025,0.0213117
0.545384,0.0996493,0.0824014,0.0125,0.0213117
0.512521,0.1378,0.0595812,0.0225,0.0213117
0.54795,0.127103,0.0473701,0.0175,0.0213117
0.551063,0.0793611,0.0337327,0.0175,0.0213117
0.641187,0.0369997,0.0446367,0.045,0.00799191
0.624859,0.00568088,0.0430478,0.025,0.00799191
0.67243,0.00657554,0.047908,0.0125,0.00799191
0.633065,0.0233265,0.082923,0.0225,0.00799191
0.664568,0.043388,0.0717937,0.0175,0.00799191
0.666219,0.052985,0.0230066,0.0175,0.00799191
0.729867,0.0155296,0.044857,0.045,0.0201806
0.740147,-0.0117811,0.0248962,0.025,0.0201806
0.770211,0.0249375,0.0308456,0.0125,0.0201806
0.751284,-0.0115181,0.0678456,0.0225,0.0201806
0.751833,0.0272872,0.0713946,0.0175,0.0201806
0.724526,0.051086,0.0372931,0.0175,0.0201806
0.840384,0.00991631,0.04459,0.045,0.0121436
0.807182,0.0197712,0.037483,0.025,0.0121436
0.824331,-0.0198055,0.016816,0.0125,0.0121436
0.814107,-0.00944745,0.0701492,0.0225,0.0121436
0.846797,-0.0243532,0.0550531,0.0175,0.0121436
0.870143,0.0060915,0.0233812,0.0175,0.0121436
0.156256,0.152398,0.0449133,0.045,0.0192978
0.143942,0.135125,0.0731975,0.025,0.0192978
0.130308,0.180432,0.0662047,0.0125,0.0192978
0.119517,0.135301,0.0361548,0.0225,0.0192978
0.132739,0.169536,0.0230438,0.0175,0.0192978
0.177144,0.182421,0.0414066,0.0175,0.0192978
0.250077,0.226066,0.0449905,0.045,0.0767203
0.27461,0.249408,0.0551537,0.025,0.0767203
0.254285,0.254671,0.0121804,0.0125,0.0767203
0.23191,0.258933,0.0625535,0.0225,0.0767203
0.218145,0.238288,0.0325023,0.0175,0.0767203
0.248698,0.202165,0.0171182,0.0175,0.0767203
0.350754,0.229766,0.0447435,0.045,0.0519265
0.325621,0.233172,0.0693754,0.025,0.0519265
0.353915,0.270597,0.0600845,0.0125,0.0519265
0.316468,0.245813,0.0278401,0.0225,0.0519265
0.353203,0.254777,0.0184104,0.0175,0.0519265
0.387403,0.231844,0.0463281,0.0175,0.0519265
0.450054,0.270127,0.0521269,0.045,0.0309346
0.469491,0.293749,0.0698533,0.025,0.0309346
0.485091,0.278441,0.0273112,0.0125,0.0309346
0.440403,0.308507,0.0397731,0.0225,0.0309346
0.44168,0.276683,0.0173146,0.0175,0.0309346
0.456856,0.235732,0.0411406,0.0175,0.0309346
0.570523,0.185674,0.0449038,0.045,0.0282382
0.599536,0.179139,0.064024,0.025,0.0282382
0.579277,0.222359,0.0670412,0.0125,0.0282382
0.559857,0.173102,0.0829422,0.0225,0.0282382
0.541279,0.199736,0.0613964,0.0175,0.0282382
0.563497,0.209709,0.0180158,0.0175,0.0282382
0.667443,0.163634,0.0447083,0.045,0.00363485
0.688843,0.190991,0.0513141,0.025,0.00363485
0.647659,0.18769,0.075407,0.0125,0.00363485
0.692111,0.154853,0.0768512,0.0225,0.00363485
0.654984,0.143806,0.0725755,0.0175,0.00363485
0.633198,0.161616,0.0315492,0.0175,0.00363485
0.756618,0.15624,0.0444441,0.045,0.00641129
0.749596,0.121662,0.0467001,0.025,0.00641129
0.788962,0.138553,0.0679707,0.0125,0.00641129
0.735753,0.148296,0.0793772,0.0225,0.00641129
0.763958,0.17481,0.0748786,0.0175,0.00641129
0.784573,0.174899,0.0296016,0.0175,0.00641129
0.874166,0.133926,0.0449085,0.045,0.00918947
0.904485,0.11577,0.0438667,0.025,0.00918947
0.90409,0.160787,0.0277165,0.0125,0.00918947
0.896445,0.141636,0.0790103,0.0225,0.00918947
0.873922,0.167081,0.0599316,0.0175,0.00918947
0.853264,0.148727,0.0185634,0.0175,0.00918947
0.21979,0.41608,0.045042,0.045,0.215705
0.205921,0.438072,0.0690004,0.025,0.215705
0.252243,0.442416,0.0579167,0.0125,0.215705
0.207509,0.451134,0.0266258,0.0225,0.215705
0.238834,0.429918,0.0172779,0.0175,0.215705
0.246399,0.390827,0.0471047,0.0175,0.215705
0.330379,0.400229,0.0514631,0.045,0.0427511
0.352296,0.40212,0.0791407,0.025,0.0427511
0.362876,0.427029,0.0397054,0.0125,0.0427511
0.320704,0.432993,0.0749509,0.0225,0.0427511
0.318625,0.431057,0.0360836,0.0175,0.0427511
0.334908,0.388054,0.017094,0.0175,0.0427511
0.419746,0.401551,0.0447731,0.045,0.0367691
0.405214,0.427433,0.0639812,0.025,0.0367691
0.452837,0.423021,0.0636555,0.0125,0.0367691
0.418376,0.436555,0.022601,0.0225,0.0367691
0.44659,0.409692,0.0215747,0.0175,0.0367691
0.44021,0.37244,0.0539267,0.0175,0.0367691
0.543764,0.361871,0.046175,0.045,0.0507493
0.529188,0.385574,0.0679854,0.025,0.0507493
0.575384,0.390256,0.0565164,0.0125,0.0507493
0.530478,0.394669,0.0245759,0.0225,0.0507493
0.562445,0.373625,0.0172293,0.0175,0.0507493
0.571113,0.337731,0.0505687,0.0175,0.0507493
0.638327,0.34059,0.0444231,0.045,0.00771367
0.659074,0.360606,0.0648905,0.025,0.00771367
0.659094,0.368267,0.0176803,0.0125,0.00771367
0.618604,0.375607,0.0545983,0.0225,0.00771367
0.616113,0.356786,0.0205645,0.0175,0.00771367
0.645729,0.316947,0.0172896,0.0175,0.00771367
0.725975,0.358854,0.0446672,0.045,0.00806279
0.705773,0.378151,0.0663359,0.025,0.00806279
0.750682,0.392364,0.058051,0.0125,0.00806279
0.70766,0.389408,0.0234585,0.0225,0.00806279
0.743538,0.375434,0.0174333,0.0175,0.00806279
0.757291,0.340374,0.0499396,0.0175,0.00806279
0.873661,0.240584,0.0447111,0.045,0.00373244
0.863106,0.206857,0.0457385,0.025,0.00373244
0.903075,0.217711,0.0218169,0.0125,0.00373244
0.892416,0.220843,0.0759726,0.0225,0.00373244
0.908044,0.248625,0.0535522,0.0175,0.00373244
0.878157,0.264276,0.0169895,0.0175,0.00373244
-0.0676489,0.46861,0.044631,0.045,0.045564
-0.0878494,0.495455,0.0336193,0.025,0.045564
-0.0630089,0.500517,0.0741757,0.0125,0.045564
-0.0449754,0.495095,0.0221984,0.0225,0.045564
-0.0329052,0.475056,0.0533674,0.0175,0.045564
-0.0685122,0.447775,0.0748829,0.0175,0.045564
0.231366,0.595201,0.0481348,0.045,0.0572894
0.206171,0.603798,0.024869,0.025,0.0572894
0.251968,0.609375,0.0122576,0.0125,0.0572894
0.223729,0.56309,0.0230496,0.0225,0.0572894
0.258428,0.573261,0.0375855,0.0175,0.0572894
0.257541,0.614962,0.0647002,0.0175,0.0572894
0.328582,0.590929,0.044817,0.045,0.0744787
0.341652,0.616775,0.0650937,0.025,0.0744787
0.36704,0.576576,0.0598983,0.0125,0.0744787
0.353826,0.615047,0.0224606,0.0225,0.0744787
0.349615,0.576472,0.0188634,0.0175,0.0744787
0.318635,0.556332,0.0521748,0.0175,0.0744787
0.484875,0.564642,0.0471287,0.045,0.0148638
0.471498,0.597341,0.0457824,0.025,0.0148638
0.502448,0.583762,0.0119415,0.0125,0.0148638
0.451457,0.565252,0.0226005,0.0225,0.0148638
0.483535,0.543754,0.0173477,0.0175,0.0148638
0.51918,0.552078,0.0510397,0.0175,0.0148638
0.571979,0.587625,0.052083,0.045,0.00812701
0.576131,0.614987,0.0300812,0.025,0.00812701
0.596981,0.57335,0.0191644,0.0125,0.00812701
0.543298,0.586206,0.0221809,0.0225,0.00812701
0.561,0.555632,0.0386312,0.0175,0.00812701
0.595861,0.567966,0.0719115,0.0175,0.00812701
0.644071,0.64082,0.0483837,0.045,0.0171767
0.621402,0.654395,0.0248925,0.025,0.0171767
0.667139,0.648766,0.0120906,0.0125,0.0171767
0.628962,0.610678,0.0242596,0.0225,0.0171767
0.665185,0.612877,0.0384659,0.0175,0.0171767
0.674258,0.654387,0.0643423,0.0175,0.0171767
0.730274,0.616641,0.0443296,0.045,0.0254862
0.756576,0.602296,0.0255568,0.025,0.0254862
0.764916,0.642815,0.04956,0.0125,0.0254862
0.753337,0.592242,0.0686516,0.0225,0.0254862
0.736243,0.625675,0.0790825,0.0175,0.0254862
0.712799,0.648865,0.0418322,0.0175,0.0254862
0.877715,0.448752,0.0449171,0.045,0.00369627
0.876675,0.474589,0.0690291,0.025,0.00369627
0.918921,0.454962,0.0581858,0.0125,0.00369627
0.885019,0.485315,0.0267908,0.0225,0.00369627
0.901381,0.451223,0.0173705,0.0175,0.00369627
0.887868,0.413493,0.0468472,0.0175,0.00369627
0.158375,-0.411406,0.0448923,0.045,0.0310072
0.129595,-0.43033,0.0528658,0.025,0.0310072
0.15555,-0.411842,0.088531,0.0125,0.0310072
0.125767,-0.386244,0.0496217,0.0225,0.0310072
0.162569,-0.378471,0.0598154,0.0175,0.0310072
0.194031,-0.41627,0.0523074,0.0175,0.0310072
0.282642,-0.723459,0.0449009,0.045,0.186911
0.249025,-0.726492,0.0343821,0.025,0.186911
0.277593,-0.764729,0.0313444,0.0125,0.186911
0.259322,-0.737799,0.0760339,0.0225,0.186911
0.296139,-0.74792,0.068236,0.0175,0.186911
0.314569,-0.726955,0.0270557,0.0175,0.186911
0.455317,-0.707767,0.04461,0.045,0.037186
0.452188,-0.737283,0.0254004,0.025,0.037186
0.460512,-0.741184,0.0723365,0.0125,0.037186
0.416183,-0.721392,0.0458899,0.0225,0.037186
0.435619,-0.704298,0.0750234,0.0175,0.037186
0.483061,-0.693865,0.0642816,0.0175,0.037186
0.614547,-0.739161,0.0448637,0.045,0.0123091
0.623135,-0.765002,0.0674123,0.025,0.0123091
0.613003,-0.721659,0.0849115,0.0125,0.0123091
0.580213,-0.757729,0.0588342,0.0225,0.0123091
0.584304,-0.719806,0.0508463,0.0175,0.0123091
0.630318,-0.70692,0.0370005,0.0175,0.0123091
0.704674,-0.740012,0.0444574,0.045,0.00909556
0.711848,-0.774405,0.0404974,0.025,0.00909556
0.747732,-0.742938,0.0373906,0.0125,0.00909556
0.716204,-0.756328,0.0807838,0.0225,0.00909556
0.72438,-0.720438,0.0679841,0.0175,0.00909556
0.708146,-0.711245,0.0218654,0.0175,0.00909556
0.779642,-0.789621,0.0445127,0.045,0.00524987
0.790923,-0.820752,0.0569073,0.025,0.00524987
0.809199,-0.78064,0.0754681,0.0125,0.00524987
0.757609,-0.800353,0.0779513,0.0225,0.00524987
0.768411,-0.764238,0.068062,0.0175,0.00524987
0.796892,-0.762105,0.0273275,0.0175,0.00524987
0.951537,-0.747945,0.0447397,0.045,0.00195114
0.975292,-0.757584,0.0690871,0.025,0.00195114
0.98619,-0.763204,0.0228579,0.0125,0.00195114
0.977993,-0.716814,0.0517886,0.0225,0.00195114
0.961974,-0.726157,0.0175123,0.0175,0.00195114
0.933427,-0.766874,0.0189771,0.0175,0.00195114
0.0582266,-0.286739,0.0449009,0.045,0.0765449
0.0309982,-0.298379,0.0642173,0.025,0.0765449
0.0723627,-0.32232,0.0660355,0.0125,0.0765449
0.0604177,-0.271165,0.0832594,0.0225,0.0765449
0.090527,-0.281922,0.0609783,0.0175,0.0765449
0.0772841,-0.30185,0.0173605,0.0175,0.0765449
0.270122,-0.433581,0.0449305,0.045,0.242309
0.258658,-0.462409,0.0279729,0.025,0.242309
0.264277,-0.464374,0.0754289,0.0125,0.242309
0.22868,-0.434671,0.0453145,0.0225,0.242309
0.251677,-0.421636,0.0739494,0.0175,0.242309
0.300294,-0.426923,0.064813,0.0175,0.242309
0.378708,-0.522581,0.0450134,0.045,0.252539
0.372575,-0.543932,0.0725182,0.025,0.252539
0.413959,-0.52002,0.0707686,0.0125,0.252539
0.362382,-0.50092,0.0763666,0.0225,0.252539
0.389396,-0.488348,0.0512476,0.0175,0.252539
0.404342,-0.52287,0.0186926,0.0175,0.252539
0.450274,-0.577519,0.0443735,0.045,0.00784967
0.440032,-0.603305,0.0662869,0.025,0.00784967
0.418253,-0.560813,0.0690324,0.0125,0.00784967
0.418091,-0.597963,0.0280927,0.0225,0.00784967
0.425099,-0.559753,0.0249926,0.0175,0.00784967
0.465087,-0.544424,0.050311,0.0175,0.00784967
0.561293,-0.557631,0.0447521,0.045,0.0273769
0.573579,-0.584622,0.0640009,0.025,0.0273769
0.595299,-0.542153,0.0674791,0.0125,0.0273769
0.544214,-0.556993,0.0825231,0.0225,0.0273769
0.554244,-0.525941,0.0612174,0.0175,0.0273769
0.576425,-0.537291,0.0181572,0.0175,0.0273769
0.650202,-0.567585,0.0448685,0.045,0.0120664
0.629512,-0.556669,0.0713784,0.025,0.0120664
0.672767,-0.53689,0.0663427,0.0125,0.0120664
0.628645,-0.534169,0.0331451,0.0225,0.0120664
0.66521,-0.542823,0.022809,0.0175,0.0120664
0.683069,-0.583999,0.0442717,0.0175,0.0120664
0.794539,-0.589381,0.0446558,0.045,0.0345451
0.815924,-0.583162,0.0721152,0.025,0.0345451
0.770014,-0.593522,0.0806261,0.0125,0.0345451
0.809892,-0.62512,0.0590021,0.0225,0.0345451
0.774105,-0.619505,0.0446309,0.0175,0.0345451
0.764439,-0.572273,0.0323574,0.0175,0.0345451
0.946931,-0.328952,0.0474901,0.045,0.0156523
0.966364,-0.332709,0.0767858,0.025,0.0156523
0.981718,-0.35296,0.0362687,0.0125,0.0156523
0.976038,-0.299471,0.0490305,0.0225,0.0156523
0.96303,-0.317388,0.01696,0.0175,0.0156523
0.929702,-0.353215,0.025939,0.0175,0.0156523
0.228908,-0.236732,0.0445652,0.045,0.104756
0.200419,-0.252301,0.0305631,0.025,0.104756
0.196091,-0.230085,0.0726966,0.0125,0.104756
0.20701,-0.209129,0.0227177,0.0225,0.104756
0.226462,-0.202184,0.0557654,0.0175,0.104756
0.247538,-0.242608,0.0756845,0.0175,0.104756
0.358418,-0.336945,0.0452709,0.045,0.292269
0.332341,-0.359524,0.0375133,0.025,0.292269
0.363834,-0.371565,0.0714355,0.0125,0.292269
0.326387,-0.330899,0.0708888,0.0225,0.292269
0.364143,-0.327823,0.0800419,0.0175,0.292269
0.394983,-0.339578,0.0428164,0.0175,0.292269
0.451139,-0.367429,0.0458307,0.045,0.132768
0.426939,-0.371413,0.071296,0.025,0.132768
0.461219,-0.404461,0.0667948,0.0125,0.132768
0.465179,-0.351272,0.0813356,0.0225,0.132768
0.486425,-0.369826,0.0544447,0.0175,0.132768
0.459757,-0.387777,0.016476,0.0175,0.132768
0.550523,-0.386861,0.110439,0.045,0.0402877
0.533673,-0.417943,0.110448,0.025,0.0402877
0.515034,-0.381691,0.135466,0.0125,0.0402877
0.521496,-0.38722,0.0808409,0.0225,0.0402877
0.531823,-0.356618,0.102649,0.0175,0.0402877
0.565984,-0.367084,0.137269,0.0175,0.0402877
0.666015,-0.367297,0.0645227,0.045,0.073284
0.653735,-0.394213,0.083881,0.025,0.073284
0.695083,-0.373782,0.0965457,0.0125,0.073284
0.643931,-0.352814,0.0964802,0.0225,0.073284
0.675914,-0.336538,0.0812832,0.0175,0.073284
0.696614,-0.363055,0.0446315,0.0175,0.073284
0.760966,-0.384224,0.0447893,0.045,0.0457991
0.729114,-0.398539,0.0503143,0.025,0.0457991
0.767153,-0.427416,0.0477332,0.0125,0.0457991
0.754485,-0.389037,0.0854536,0.0225,0.0457991
0.788472,-0.39325,0.0668559,0.0175,0.0457991
0.785314,-0.387805,0.0175064,0.0175,0.0457991
0.856483,-0.351142,0.0578346,0.045,0.0297359
0.832548,-0.366277,0.079002,0.025,0.0297359
0.8386,-0.318891,0.0813411,0.0125,0.0297359
0.819077,-0.349969,0.0399977,0.0225,0.0297359
0.846628,-0.322507,0.0376378,0.0175,0.0297359
0.887189,-0.332192,0.0647671,0.0175,0.0297359
0.111851,-0.121193,0.0448847,0.045,0.0548745
0.120458,-0.117519,0.0789789,0.025,0.0548745
0.151426,-0.102603,0.0457223,0.0125,0.0548745
0.101096,-0.0834322,0.0581967,0.0225,0.0548745
0.114595,-0.0924186,0.0227599,0.0175,0.0548745
0.127083,-0.140279,0.0174313,0.0175,0.0548745
0.365834,-0.107712,0.109838,0.045,0.146857
0.376839,-0.108633,0.143425,0.025,0.146857
0.36051,-0.0673135,0.125717,0.0125,0.146857
0.333695,-0.114746,0.135064,0.0225,0.146857
0.33313,-0.0936012,0.102333,0.0175,0.146857
0.377576,-0.0890438,0.0804507,0.0175,0.146857
0.451844,-0.14548,0.119633,0.045,0.036169
0.442994,-0.1732,0.139715,0.025,0.036169
0.47757,-0.143881,0.154962,0.0125,0.036169
0.423631,-0.134104,0.147799,0.0225,0.036169
0.453277,-0.112414,0.134784,0.0175,0.036169
0.483126,-0.136098,0.102798,0.0175,0.036169
0.53483,-0.178901,0.114969,0.045,0.0784704
0.532976,-0.143925,0.110144,0.025,0.0784704
0.569066,-0.161672,0.136031,0.0125,0.0784704
0.557811,-0.167899,0.0822645,0.0225,0.0784704
0.566115,-0.196094,0.107854,0.0175,0.0784704
0.533382,-0.199834,0.145131,0.0175,0.0784704
0.620245,-0.205957,0.136477,0.045,0.0826237
0.600265,-0.233455,0.146208,0.025,0.0826237
0.637984,-0.221765,0.173192,0.0125,0.0826237
0.5914,-0.193596,0.163568,0.0225,0.0826237
0.627869,-0.180109,0.160947,0.0175,0.0826237
0.655561,-0.203255,0.126706,0.0175,0.0826237
0.724306,-0.249617,0.124596,0.045,0.153252
0.702971,-0.277806,0.12418,0.025,0.153252
0.724682,-0.266018,0.165134,0.0125,0.153252
0.686136,-0.238639,0.136483,0.0225,0.153252
0.719624,-0.22428,0.150308,0.0175,0.153252
0.760231,-0.245866,0.131331,0.0175,0.153252
0.786131,-0.152679,0.123318,0.045,0.098211
0.797838,-0.153158,0.156675,0.025,0.098211
0.785731,-0.111201,0.137168,0.0125,0.098211
0.754078,-0.154808,0.149526,0.0225,0.098211
0.755007,-0.135385,0.115752,0.0175,0.098211
0.799099,-0.136927,0.0927614,0.0175,0.098211
0.920402,-0.145984,0.0447006,0.045,0.0184171
0.909706,-0.127568,0.0729221,0.025,0.0184171
0.934166,-0.168081,0.0798395,0.0125,0.0184171
0.950558,-0.120405,0.0571552,0.0225,0.0184171
0.955272,-0.156174,0.0424196,0.0175,0.0184171
0.91259,-0.179874,0.032851,0.0175,0.0184171
0.259247,-0.0235233,0.0449066,0.045,0.0474485
0.260172,-0.0584424,0.0394471,0.025,0.0474485
0.290284,-0.0305392,0.0149066,0.0125,0.0474485
0.288041,-0.0408724,0.0691693,0.0225,0.0474485
0.290292,-0.00592267,0.0520754,0.0175,0.0474485
0.251524,0.00478689,0.0227959,0.0175,0.0474485
0.380843,0.0346422,0.101502,0.045,0.162865
0.365715,0.0230261,0.131271,0.025,0.162865
0.384756,0.0668974,0.130773,0.0125,0.162865
0.341293,0.0469812,0.103014,0.0225,0.162865
0.371207,0.0671673,0.0883017,0.0175,0.162865
0.415276,0.0446807,0.0935249,0.0175,0.162865
0.460424,-0.0121527,0.0457134,0.045,0.015704
0.470283,-0.041209,0.063279,0.025,0.015704
0.499197,-0.00311436,0.0638113,0.0125,0.015704
0.448678,-0.00936938,0.0853748,0.0225,0.015704
0.461053,0.0199437,0.0628724,0.0175,0.015704
0.475279,0.00584443,0.0173332,0.0175,0.015704
0.553955,0.0161934,0.0453854,0.045,0.00347902
0.54574,-0.0113608,0.0248117,0.025,0.00347902
0.53153,-0.0117346,0.0704785,0.0125,0.00347902
0.516228,0.0215024,0.029037,0.0225,0.00347902
0.52764,0.0322993,0.0647015,0.0175,0.00347902
0.574311,0.0191475,0.0758307,0.0175,0.00347902
0.66291,-0.0416937,0.0811415,0.045,0.0261897
0.643306,-0.0636528,0.100723,0.025,0.0261897
0.669656,-0.0304382,0.122859,0.0125,0.0261897
0.626144,-0.0243619,0.0893018,0.0225,0.0261897
0.660344,-0.0058375,0.0868641,0.0175,0.0261897
0.699152,-0.0359909,0.0791364,0.0175,0.0261897
0.746498,-0.071599,0.123616,0.045,0.059639
0.738075,-0.0817013,0.156434,0.025,0.059639
0.729948,-0.0363655,0.143546,0.0125,0.059639
0.706667,-0.0829994,0.12512,0.0225,0.059639
0.721615,-0.0541942,0.103543,0.0175,0.059639
0.770279,-0.0467417,0.110709,0.0175,0.059639
0.853354,-0.0967503,0.104594,0.045,0.0682875
0.858112,-0.101203,0.139344,0.025,0.0682875
0.887223,-0.0714504,0.11579,0.0125,0.0682875
0.832961,-0.0673556,0.125542,0.0225,0.0682875
0.850974,-0.062962,0.0912643,0.0175,0.0682875
0.874797,-0.103725,0.0755845,0.0175,0.0682875
0.112155,0.046772,0.0447588,0.045,0.0452375
0.111049,0.0137641,0.032139,0.025,0.0452375
0.146788,0.0259602,0.0614898,0.0125,0.0452375
0.0925879,0.0220038,0.0716366,0.0225,0.0452375
0.115955,0.051877,0.0805987,0.0175,0.0452375
0.136704,0.0738618,0.0410874,0.0175,0.0452375
0.304984,0.172361,0.096734,0.045,0.0412107
0.298759,0.170711,0.0619702,0.025,0.0412107
0.297263,0.130312,0.0875276,0.0125,0.0412107
0.264215,0.174584,0.0895464,0.0225,0.0412107
0.281389,0.156807,0.119676,0.0175,0.0412107
0.331101,0.157574,0.117929,0.0175,0.0412107
0.411561,0.175985,0.124751,0.045,0.051941
0.409756,0.144906,0.107994,0.025,0.051941
0.445168,0.152098,0.139327,0.0125,0.051941
0.390657,0.148647,0.147868,0.0225,0.051941
0.414697,0.176361,0.161014,0.0175,0.051941
0.436986,0.202509,0.125036,0.0175,0.051941
0.45013,0.173653,0.0443258,0.045,0.0311999
0.468745,0.14369,0.041933,0.025,0.0311999
0.492246,0.185336,0.0428365,0.0125,0.0311999
0.461755,0.16117,0.0821119,0.0225,0.0311999
0.459102,0.198052,0.0698049,0.0175,0.0311999
0.446673,0.202504,0.0218393,0.0175,0.0311999
0.604277,0.110233,0.0805464,0.045,0.0161865
0.581705,0.0850903,0.0909561,0.025,0.0161865
0.615175,0.100072,0.121662,0.0125,0.0161865
0.572122,0.127393,0.100303,0.0225,0.0161865
0.60915,0.139467,0.101681,0.0175,0.0161865
0.640785,0.110551,0.0764201,0.0175,0.0161865
0.703517,0.0877085,0.0916767,0.045,0.0161757
0.698146,0.0534521,0.0985796,0.025,0.0161757
0.698197,0.0844942,0.134965,0.0125,0.0161757
0.662854,0.0796998,0.0927261,0.0225,0.0161757
0.680268,0.1123,0.105084,0.0175,0.0161757
0.7299,0.111166,0.101859,0.0175,0.0161757
0.794648,0.0790977,0.0786324,0.045,0.00646186
0.8147,0.104865,0.0921969,0.025,0.00646186
0.793123,0.112254,0.0501571,0.0125,0.00646186
0.771096,0.105375,0.100394,0.0225,0.00646186
0.76085,0.0869386,0.0676237,0.0175,0.00646186
0.797203,0.0594353,0.0476992,0.0175,0.00646186
0.95272,0.0389376,0.044858,0.045,0.0194333
0.953849,0.0374095,0.0801622,0.025,0.0194333
0.987697,0.0147614,0.0550847,0.0125,0.0194333
0.97735,0.0688856,0.0595288,0.0225,0.0194333
0.98267,0.0487016,0.0266191,0.0175,0.0194333
0.948798,0.0130524,0.0190785,0.0175,0.0194333
0.177472,0.30093,0.0446205,0.045,0.0674675
0.142658,0.298602,0.0389131,0.025,0.0674675
0.163894,0.26496,0.065461,0.0125,0.0674675
0.156803,0.318804,0.0757987,0.0225,0.0674675
0.189991,0.298585,0.07872,0.0175,0.0674675
0.205533,0.278936,0.0357389,0.0175,0.0674675
0.279867,0.323664,0.0448666,0.045,0.0261802
0.246717,0.317366,0.0554223,0.025,0.0261802
0.270202,0.354484,0.0743482,0.0125,0.0261802
0.253334,0.346204,0.0223563,0.0225,0.0261802
0.288876,0.357202,0.0339576,0.0175,0.0261802
0.311935,0.323865,0.0628006,0.0175,0.0261802
0.378499,0.323725,0.0620041,0.045,0.0643669
0.383427,0.291167,0.0491325,0.025,0.0643669
0.351174,0.297505,0.0838748,0.0125,0.0643669
0.351097,0.316149,0.0318302,0.0225,0.0643669
0.344654,0.33695,0.0641499,0.0175,0.0643669
0.383279,0.338088,0.0954833,0.0175,0.0643669
0.473969,0.366783,0.108065,0.045,0.126981
0.468797,0.370657,0.142824,0.025,0.126981
0.513445,0.372982,0.125834,0.0125,0.126981
0.470697,0.407025,0.117477,0.0225,0.126981
0.493918,0.391509,0.0902966,0.0175,0.126981
0.492431,0.341817,0.0884213,0.0175,0.126981
0.594094,0.30774,0.114632,0.045,0.0203641
0.572044,0.288091,0.134066,0.025,0.0203641
0.594185,0.325082,0.154779,0.0125,0.0203641
0.556257,0.324683,0.11456,0.0225,0.0203641
0.590146,0.343926,0.114578,0.0175,0.0203641
0.630125,0.314439,0.117261,0.0175,0.0203641
0.746272,0.251337,0.0449009,0.045,0.00407318
0.758386,0.252387,0.0780995,0.025,0.00407318
0.781166,0.225007,0.0461793,0.0125,0.00407318
0.776029,0.280015,0.0481964,0.0225,0.00407318
0.769471,0.257011,0.0174303,0.0175,0.00407318
0.732867,0.224026,0.0242997,0.0175,0.00407318
0.818232,0.194188,0.0972157,0.045,0.0061222
0.819808,0.209833,0.128882,0.025,0.0061222
0.843642,0.229446,0.0923468,0.0125,0.0061222
0.789184,0.223647,0.0998967,0.0225,0.0061222
0.809537,0.214153,0.0680471,0.0175,0.0061222
0.843954,0.17907,0.0757722,0.0175,0.0061222
-0.0320024,0.341724,0.0445662,0.045,0.0369314
-0.0582752,0.321673,0.032009,0.025,0.0369314
-0.0617982,0.338973,0.0764589,0.0125,0.0369314
-0.0615,0.365753,0.0280955,0.0225,0.0369314
-0.0399515,0.373947,0.0595164,0.0175,0.0369314
-0.0089131,0.337415,0.0728205,0.0175,0.0369314
0.119871,0.506407,0.0450134,0.045,0.094517
0.116967,0.477458,0.0249256,0.025,0.094517
0.103185,0.475167,0.0706674,0.0125,0.094517
0.0817852,0.504218,0.0287832,0.0225,0.094517
0.0910287,0.51757,0.0642099,0.0175,0.094517
0.139369,0.513661,0.0752992,0.0175,0.094517
0.31039,0.494873,0.0463886,0.045,0.129887
0.322647,0.515316,0.0725007,0.025,0.129887
0.337511,0.523724,0.0278253,0.0125,0.129887
0.287053,0.528969,0.049798,0.0225,0.129887
0.296376,0.510613,0.016709,0.0175,0.129887
0.327054,0.471956,0.0229979,0.0175,0.129887
0.483586,0.469079,0.0481482,0.045,0.0390911
0.469202,0.498406,0.0616761,0.025,0.0390911
0.459343,0.486777,0.0163432,0.0125,0.0390911
0.445874,0.460693,0.0631881,0.0225,0.0390911
0.462079,0.444922,0.0314484,0.0175,0.0390911
0.506843,0.463518,0.0202521,0.0175,0.0390911
0.572873,0.449814,0.0501003,0.045,0.0141629
0.586675,0.452418,0.0825459,0.025,0.0141629
0.581022,0.492269,0.0567104,0.0125,0.0141629
0.542945,0.458051,0.0775811,0.0225,0.0141629
0.544948,0.471313,0.0409907,0.0175,0.0141629
0.586248,0.45773,0.016807,0.0175,0.0141629
0.632263,0.517198,0.0459957,0.045,0.0147534
0.632947,0.550729,0.0571849,0.025,0.0147534
0.613633,0.541137,0.0144944,0.0125,0.0147534
0.596616,0.52649,0.065013,0.0225,0.0147534
0.600858,0.503177,0.0340735,0.0175,0.0147534
0.647537,0.500439,0.0170845,0.0175,0.0147534
0.786187,0.438978,0.0449419,0.045,0.00410243
0.814373,0.422187,0.0581181,0.025,0.00410243
0.815061,0.435742,0.0122565,0.0125,0.00410243
0.814183,0.466557,0.0581469,0.0225,0.00410243
0.791043,0.470282,0.0270112,0.0175,0.00410243
0.762616,0.430443,0.0180804,0.0175,0.00410243
0.948276,0.29794,0.0444632,0.045,0.00123709
0.934496,0.327669,0.0577417,0.025,0.00123709
0.956145,0.297093,0.0874732,0.0125,0.00123709
0.977392,0.327389,0.0464004,0.0225,0.00123709
0.982697,0.28927,0.0525262,0.0175,0.00123709
0.940859,0.262439,0.0503524,0.0175,0.00123709
0.0699015,0.673485,0.0448341,0.045,0.0295403
0.0465705,0.699742,0.0408057,0.025,0.0295403
0.0329972,0.655115,0.0302346,0.0125,0.0295403
0.0467415,0.677193,0.0790191,0.0225,0.0295403
0.0601813,0.643948,0.063758,0.0175,0.0295403
0.0849639,0.649893,0.0210322,0.0175,0.0295403
0.100682,0.853701,0.0481024,0.045,0.0863885
0.103666,0.880062,0.0247317,0.025,0.0863885
0.11932,0.836572,0.0124412,0.0125,0.0863885
0.0678603,0.85393,0.0227762,0.0225,0.0863885
0.0853436,0.822408,0.0375903,0.0175,0.0863885
0.125619,0.832622,0.0649505,0.0175,0.0863885
0.292746,0.774364,0.0439119,0.045,0.0545878
0.296224,0.804846,0.026342,0.025,0.0545878
0.254016,0.782379,0.02525,0.0125,0.0545878
0.280361,0.805929,0.0677659,0.0225,0.0545878
0.264733,0.770242,0.0667873,0.0175,0.0545878
0.285182,0.74015,0.0328568,0.0175,0.0545878
0.446439,0.821592,0.0479403,0.045,0.0253631
0.441333,0.847901,0.0248794,0.025,0.0253631
0.469545,0.811408,0.0122348,0.0125,0.0253631
0.415204,0.812127,0.0223753,0.0225,0.0253631
0.441408,0.787249,0.0369763,0.0175,0.0253631
0.47655,0.808906,0.0647435,0.0175,0.0253631
0.540922,0.772588,0.0446863,0.045,0.0258297
0.509686,0.776629,0.028624,0.025,0.0258297
0.517628,0.736694,0.0537168,0.0125,0.0258297
0.513479,0.789023,0.0710594,0.0225,0.0258297
0.541633,0.763585,0.0799489,0.0175,0.0258297
0.567803,0.747863,0.0406677,0.0175,0.0258297
0.727777,0.786682,0.0541935,0.045,0.0268464
0.751715,0.798565,0.031046,0.025,0.0268464
0.732475,0.755338,0.0240605,0.0125,0.0268464
0.708709,0.805224,0.0223924,0.0225,0.0268464
0.696029,0.773898,0.0417999,0.0175,0.0268464
0.727463,0.757721,0.0768023,0.0175,0.0268464
0.871607,0.69823,0.0506554,0.045,0.00562206
0.888968,0.714335,0.0244024,0.025,0.00562206
0.860386,0.677472,0.0138358,0.0125,0.00562206
0.847612,0.727466,0.0336769,0.0225,0.00562206
0.835712,0.693044,0.0475436,0.0175,0.00562206
0.872664,0.663859,0.0635997,0.0175,0.00562206
0.0200672,-0.768448,0.0448437,0.045,0.069208
0.0329005,-0.743914,0.0668302,0.025,0.069208
0.057985,-0.784065,0.0600369,0.0125,0.069208
0.0461122,-0.743437,0.0244749,0.0225,0.069208
0.0415865,-0.781704,0.0186483,0.0175,0.069208
0.00957669,-0.803276,0.0500331,0.0175,0.069208
0.157476,-0.596551,0.044466,0.045,0.0456955
0.170299,-0.570247,0.0246248,0.025,0.0456955
0.122997,-0.573245,0.03103,0.0125,0.0456955
0.162971,-0.562676,0.0677262,0.0225,0.0456955
0.134189,-0.588703,0.0713199,0.0175,0.0456955
0.134968,-0.624579,0.0368622,0.0175,0.0456955
0.440211,-0.869703,0.049036,0.045,0.0188478
0.435523,-0.836181,0.0388246,0.025,0.0188478
0.462859,-0.864782,0.0119499,0.0125,0.0188478
0.408614,-0.867351,0.0223002,0.0225,0.0188478
0.43437,-0.896466,0.0250649,0.0175,0.0188478
0.470152,-0.888663,0.0587368,0.0175,0.0188478
0.488922,-0.792188,0.0488853,0.045,0.043468
0.458928,-0.792818,0.0301778,0.025,0.043468
0.496674,-0.769507,0.0123064,0.0125,0.043468
0.48982,-0.823541,0.0217758,0.0225,0.043468
0.520108,-0.801541,0.0326085,0.0175,0.043468
0.508182,-0.76471,0.063853,0.0175,0.043468
0.659794,-0.824321,0.0447474,0.045,0.00572093
0.661005,-0.792458,0.029474,0.025,0.00572093
0.626018,-0.801627,0.0607687,0.0125,0.00572093
0.680562,-0.797822,0.0689392,0.0225,0.00572093
0.657037,-0.826463,0.08098,0.0175,0.00572093
0.634735,-0.851182,0.0440121,0.0175,0.00572093
0.743245,-0.876651,0.0447626,0.045,0.00528647
0.734818,-0.883947,0.0783149,0.025,0.00528647
0.780919,-0.884369,0.0655857,0.0125,0.00528647
0.745278,-0.84216,0.0676755,0.0225,0.00528647
0.76872,-0.851547,0.0379921,0.0175,0.00528647
0.759676,-0.896422,0.0185115,0.0175,0.00528647
0.847158,-0.870821,0.0528107,0.045,0.00466219
0.821779,-0.857113,0.0732544,0.025,0.00466219
0.836057,-0.83256,0.0347737,0.0125,0.00466219
0.809876,-0.881149,0.0379087,0.0225,0.00466219
0.84167,-0.873011,0.016893,0.0175,0.00466219
0.880931,-0.859221,0.0441583,0.0175,0.00466219
0.947166,-0.568748,0.044529,0.045,0.0097718
0.929574,-0.558053,0.0732713,0.025,0.0097718
0.941424,-0.604231,0.0694383,0.0125,0.0097718
0.973878,-0.559817,0.074951,0.0225,0.0097718
0.977546,-0.588365,0.0486784,0.0175,0.0097718
0.93877,-0.592503,0.0177863,0.0175,0.0097718
0.0351419,-0.382432,0.04492,0.045,0.105424
0.00051279,-0.389544,0.0454158,0.025,0.105424
0.0237606,-0.385595,0.0870265,0.0125,0.105424
0.0135281,-0.347241,0.0485491,0.0225,0.105424
0.0478585,-0.355052,0.0652572,0.0175,0.105424
0.0644308,-0.401186,0.0567716,0.0175,0.105424
0.247294,-0.632544,0.0470943,0.045,0.0283966
0.261104,-0.609024,0.0245963,0.025,0.0283966
0.221432,-0.632491,0.0118292,0.0125,0.0283966
0.229142,-0.595638,0.0523095,0.0225,0.0283966
0.2119,-0.630456,0.055332,0.0175,0.0283966
0.241776,-0.668791,0.0447071,0.0175,0.0283966
0.378417,-0.673034,0.0751524,0.045,0.0466742
0.391151,-0.705143,0.0826941,0.025,0.0466742
0.421954,-0.670065,0.0722922,0.0125,0.0466742
0.38783,-0.675406,0.115458,0.0225,0.0466742
0.391947,-0.644102,0.0926135,0.0175,0.0466742
0.380179,-0.652177,0.0449551,0.0175,0.0466742
0.534965,-0.71686,0.0933371,0.045,0.0505293
0.502851,-0.731164,0.0895825,0.025,0.0505293
0.521407,-0.727554,0.133516,0.0125,0.0505293
0.505851,-0.687783,0.0984077,0.0225,0.0505293
0.539688,-0.690138,0.117599,0.0175,0.0505293
0.566705,-0.73029,0.106073,0.0175,0.0505293
0.680207,-0.707148,0.12402,0.045,0.0178239
0.6766,-0.738635,0.108349,0.025,0.0178239
0.697738,-0.736579,0.151203,0.0125,0.0178239
0.645435,-0.725551,0.137096,0.0225,0.0178239
0.669127,-0.703171,0.158464,0.0175,0.0178239
0.709743,-0.687805,0.134191,0.0175,0.0178239
0.784419,-0.671967,0.140073,0.045,0.0216491
0.817618,-0.672189,0.152228,0.025,0.0216491
0.809359,-0.655288,0.108256,0.0125,0.0216491
0.793421,-0.635344,0.157291,0.0225,0.0216491
0.770955,-0.641218,0.125994,0.0175,0.0216491
0.768371,-0.688773,0.111612,0.0175,0.0216491
0.906877,-0.423927,0.0447416,0.045,0.0149066
0.905585,-0.459224,0.0431791,0.025,0.0149066
0.948215,-0.437951,0.0473785,0.0125,0.0149066
0.906018,-0.439757,0.0830487,0.0225,0.0149066
0.925652,-0.408097,0.0716092,0.0175,0.0149066
0.922262,-0.398732,0.0228669,0.0175,0.0149066
0.0515738,-0.317124,0.131699,0.045,0.116597
0.0516243,-0.348798,0.11599,0.025,0.116597
0.0828332,-0.340606,0.151294,0.0125,0.116597
0.0276496,-0.343486,0.152946,0.0225,0.116597
0.0500801,-0.315412,0.168028,0.0175,0.116597
0.0770012,-0.290725,0.134253,0.0175,0.116597
0.263801,-0.343713,0.0442209,0.045,0.2503
0.229747,-0.346401,0.0533393,0.025,0.2503
0.263114,-0.352378,0.0870806,0.0125,0.2503
0.249948,-0.307183,0.0580921,0.0225,0.2503
0.285612,-0.321912,0.0635604,0.0175,0.2503
0.291616,-0.367705,0.0450662,0.0175,0.2503
0.410583,-0.486748,0.13184,0.045,0.0591487
0.387577,-0.513572,0.132949,0.025,0.0591487
0.422011,-0.511444,0.166074,0.0125,0.0591487
0.379269,-0.477477,0.15738,0.0225,0.0591487
0.416616,-0.467373,0.162059,0.0175,0.0591487
0.447,-0.485556,0.127114,0.0175,0.0591487
0.490336,-0.522074,0.102504,0.045,0.0571653
0.467497,-0.531032,0.127962,0.025,0.0571653
0.511744,-0.549135,0.129372,0.0125,0.0571653
0.494832,-0.496811,0.135066,0.0225,0.0571653
0.523308,-0.509806,0.11185,0.0175,0.0571653
0.507941,-0.541796,0.0769869,0.0175,0.0571653
0.603473,-0.493871,0.115897,0.045,0.0442334
0.584523,-0.507343,0.142532,0.025,0.0442334
0.59941,-0.461992,0.145557,0.0125,0.0442334
0.563321,-0.485021,0.110579,0.0225,0.0442334
0.593421,-0.46204,0.10138,0.0175,0.0442334
0.637741,-0.480742,0.114067,0.0175,0.0442334
0.69981,-0.44517,0.094615,0.045,0.0520466
0.680782,-0.455066,0.122722,0.025,0.0520466
0.728052,-0.449739,0.127691,0.0125,0.0520466
0.689216,-0.411889,0.11695,0.0225,0.0520466
0.722755,-0.417092,0.0977975,0.0175,0.0520466
0.72689,-0.461631,0.0760215,0.0175,0.0520466
0.790564,-0.525325,0.107272,0.045,0.0291539
0.798374,-0.503308,0.13381,0.025,0.0291539
0.823144,-0.544013,0.129673,0.0125,0.0291539
0.821528,-0.500126,0.0960936,0.0225,0.0291539
0.817416,-0.537525,0.0859395,0.0175,0.0291539
0.778085,-0.559878,0.106639,0.0175,0.0291539
0.9467,-0.230764,0.117624,0.045,0.0308819
0.975183,-0.249954,0.109227,0.025,0.0308819
0.970486,-0.206292,0.090278,0.0125,0.0308819
0.978122,-0.221262,0.142945,0.0225,0.0308819
0.951226,-0.196584,0.129295,0.0175,0.0308819
0.919105,-0.217296,0.0974472,0.0175,0.0308819
0.201913,-0.14423,0.0449104,0.045,0.0991135
0.191131,-0.132862,0.0766043,0.025,0.0991135
0.235404,-0.122001,0.0621348,0.0125,0.0991135
0.186646,-0.105818,0.0417145,0.0225,0.0991135
0.216718,-0.120427,0.0216893,0.0175,0.0991135
0.228954,-0.16688,0.0346264,0.0175,0.0991135
0.381629,-0.238419,0.146148,0.045,0.203719
0.36853,-0.271047,0.142429,0.025,0.203719
0.389181,-0.259161,0.1839,0.0125,0.203719
0.34285,-0.239838,0.160741,0.0225,0.203719
0.372238,-0.218821,0.17535,0.0175,0.203719
0.415666,-0.225949,0.15215,0.0175,0.203719
0.467752,-0.238125,0.12041,0.045,0.123307
0.442823,-0.263196,0.120403,0.025,0.123307
0.487525,-0.275232,0.108384,0.0125,0.123307
0.4675,-0.257828,0.156886,0.0225,0.123307
0.498891,-0.244163,0.138268,0.0175,0.123307
0.488927,-0.224271,0.0937699,0.0175,0.123307
0.55115,-0.286154,0.126131,0.045,0.188663
0.519697,-0.281034,0.141445,0.025,0.188663
0.554205,-0.302689,0.166501,0.0125,0.188663
0.551525,-0.250763,0.14772,0.0225,0.188663
0.581267,-0.275615,0.143651,0.0175,0.188663
0.569964,-0.316598,0.117812,0.0175,0.188663
0.637525,-0.286397,0.101101,0.045,0.125858
0.615069,-0.313489,0.104534,0.025,0.125858
0.608564,-0.274663,0.131696,0.0125,0.125858
0.604406,-0.280472,0.0768764,0.0225,0.125858
0.624182,-0.252908,0.0960559,0.0175,0.125858
0.660951,-0.270545,0.124551,0.0175,0.125858
0.780135,-0.325341,0.109836,0.045,0.084101
0.770202,-0.349249,0.133914,0.025,0.084101
0.809666,-0.323478,0.142037,0.0125,0.084101
0.756913,-0.307223,0.139011,0.0225,0.084101
0.787386,-0.291342,0.120628,0.0175,0.084101
0.810252,-0.322217,0.0890226,0.0175,0.084101
0.871181,-0.182821,0.123082,0.045,0.057101
0.888412,-0.197628,0.150172,0.025,0.057101
0.913269,-0.18481,0.111373,0.0125,0.057101
0.886336,-0.153359,0.148003,0.0225,0.057101
0.883635,-0.151577,0.109166,0.0175,0.057101
0.866325,-0.19323,0.088181,0.0175,0.057101
0.195312,-0.0922928,0.182758,0.045,0.829207
0.200829,-0.105983,0.214885,0.025,0.829207
0.20641,-0.134148,0.176635,0.0125,0.829207
0.235555,-0.0899053,0.192427,0.0225,0.829207
0.220698,-0.0967331,0.157052,0.0175,0.829207
0.171077,-0.100224,0.156305,0.0175,0.829207
0.320612,-0.026269,0.147014,0.045,0.324716
0.328364,-0.0373747,0.114355,0.025,0.324716
0.282461,-0.0309493,0.126154,0.0125,0.324716
0.323166,0.00614151,0.121288,0.0225,0.324716
0.298449,0.00230569,0.151174,0.0175,0.324716
0.30157,-0.0415366,0.174478,0.0175,0.324716
0.419046,-0.0396605,0.137794,0.045,0.134266
0.392183,-0.029868,0.158589,0.025,0.134266
0.434215,-0.0404626,0.178803,0.0125,0.134266
0.420838,0.00113754,0.14494,0.0225,0.134266
0.451215,-0.0230255,0.141461,0.0175,0.134266
0.438495,-0.0707476,0.135479,0.0175,0.134266
0.508631,-0.0775452,0.132294,0.045,0.0475622
0.493163,-0.0559208,0.108988,0.025,0.0475622
0.471772,-0.063402,0.151107,0.0125,0.0475622
0.51974,-0.038326,0.139857,0.0225,0.0475622
0.513528,-0.0660854,0.166494,0.0175,0.0475622
0.498034,-0.109326,0.147384,0.0175,0.0475622
0.596251,-0.106712,0.133602,0.045,0.0460921
0.576079,-0.082519,0.149658,0.025,0.0460921
0.571887,-0.0882052,0.102354,0.0125,0.0460921
0.559466,-0.123173,0.143333,0.0225,0.0460921
0.58053,-0.130977,0.111487,0.0175,0.0460921
0.622206,-0.104069,0.10773,0.0175,0.0460921
0.686489,-0.147047,0.12423,0.045,0.0638055
0.666849,-0.127463,0.146156,0.025,0.0638055
0.684955,-0.106902,0.106953,0.0125,0.0638055
0.647027,-0.146863,0.111522,0.0225,0.0638055
0.678611,-0.147074,0.0886926,0.0175,0.0638055
0.721589,-0.144662,0.113633,0.0175,0.0638055
0.807423,-0.0899496,0.187597,0.045,0.07881
0.778915,-0.106282,0.174537,0.025,0.07881
0.813515,-0.132733,0.194304,0.0125,0.07881
0.779527,-0.0959265,0.217678,0.0225,0.07881
0.818273,-0.0977041,0.221467,0.0175,0.07881
0.843056,-0.0915176,0.178776,0.0175,0.07881
0.948786,-0.0234241,0.114366,0.045,0.0452015
0.974232,-0.0479283,0.112932,0.025,0.0452015
0.979252,-0.0080414,0.0870219,0.0125,0.0452015
0.978487,-0.0145978,0.14191,0.0225,0.0452015
0.957909,0.0111595,0.121129,0.0175,0.0452015
0.926273,-0.00959999,0.0888302,0.0175,0.0452015
0.202037,0.0462513,0.0448885,0.045,0.0638968
0.181632,0.042248,0.0734828,0.025,0.0638968
0.222146,0.017011,0.0704447,0.0125,0.0638968
0.214855,0.0716157,0.0750727,0.0225,0.0638968
0.237507,0.0531312,0.0493054,0.0175,0.0638968
0.212662,0.0228858,0.0185985,0.0175,0.0638968
0.436886,0.0872574,0.146795,0.045,0.124
0.412561,0.0632534,0.155856,0.025,0.124
0.432777,0.0896066,0.190271,0.0125,0.124
0.39952,0.105092,0.148913,0.0225,0.124
0.433457,0.121378,0.159003,0.0175,0.124
0.472493,0.0907787,0.155146,0.0175,0.124
0.513897,0.130831,0.132482,0.045,0.0744793
0.500024,0.100384,0.121056,0.025,0.0744793
0.494081,0.112566,0.166923,0.0125,0.0744793
0.474429,0.136628,0.121195,0.0225,0.0744793
0.492756,0.154113,0.150811,0.0175,0.0744793
0.539458,0.138438,0.157755,0.0175,0.0744793
0.581711,0.0813017,0.164203,0.045,0.0260306
0.552689,0.092618,0.180926,0.025,0.0260306
0.591553,0.0822472,0.206802,0.0125,0.0260306
0.583605,0.122363,0.169603,0.0225,0.0260306
0.613565,0.097488,0.171156,0.0175,0.0260306
0.600512,0.0497766,0.16584,0.0175,0.0260306
0.664405,0.045557,0.160695,0.045,0.0127925
0.675991,0.0139435,0.171481,0.025,0.0127925
0.675205,0.0500532,0.202834,0.0125,0.0127925
0.633275,0.0241607,0.177779,0.0225,0.0127925
0.638893,0.062646,0.180242,0.0175,0.0127925
0.680696,0.0784071,0.158354,0.0175,0.0127925
0.747349,0.0178232,0.132949,0.045,0.0180999
0.725516,0.0117528,0.160087,0.025,0.0180999
0.771483,0.0212691,0.169256,0.0125,0.0180999
0.732418,0.053703,0.147387,0.0225,0.0180999
0.768284,0.0475969,0.133421,0.0175,0.0180999
0.777311,0.000304721,0.120892,0.0175,0.0180999
0.890869,0.0447407,0.109706,0.045,0.0205308
0.856773,0.0503441,0.102218,0.025,0.0205308
0.884796,0.0880189,0.11132,0.0125,0.0205308
0.886338,0.0522592,0.0691881,0.0225,0.0205308
0.916265,0.0634246,0.0915142,0.0175,0.0205308
0.91111,0.0516659,0.139578,0.0175,0.0205308
0.115802,0.234424,0.0449018,0.045,0.0107238
0.105291,0.200731,0.0469775,0.025,0.0107238
0.152168,0.210152,0.0458265,0.0125,0.0107238
0.114662,0.222382,0.084556,0.0225,0.0107238
0.140581,0.246702,0.0685711,0.0175,0.0107238
0.134939,0.25286,0.0195278,0.0175,0.0107238
0.224182,0.223224,0.130728,0.045,0.148133
0.1911,0.23349,0.137811,0.025,0.148133
0.221424,0.226946,0.174214,0.0125,0.148133
0.222526,0.264542,0.133697,0.0225,0.148133
0.251937,0.241745,0.145275,0.0175,0.148133
0.243199,0.193089,0.139688,0.0175,0.148133
0.375612,0.254311,0.148814,0.045,0.065757
0.341394,0.245731,0.151166,0.025,0.065757
0.356269,0.286575,0.171115,0.0125,0.065757
0.354449,0.271948,0.117833,0.0225,0.065757
0.384746,0.287444,0.136825,0.0175,0.065757
0.401669,0.259341,0.174226,0.0175,0.065757
0.458478,0.288678,0.151798,0.045,0.0751207
0.487499,0.278721,0.169366,0.025,0.0751207
0.476837,0.325292,0.167125,0.0125,0.0751207
0.449747,0.284054,0.192062,0.0225,0.0751207
0.43467,0.310854,0.168121,0.0175,0.0751207
0.453531,0.309737,0.122099,0.0175,0.0751207
0.539992,0.272116,0.0444946,0.045,0.00899567
0.518315,0.24426,0.0424658,0.025,0.00899567
0.558075,0.240568,0.0687906,0.0125,0.00899567
0.513541,0.272425,0.0764165,0.0225,0.00899567
0.550826,0.283736,0.0772451,0.0175,0.00899567
0.574918,0.277096,0.034228,0.0175,0.00899567
0.656486,0.25279,0.049366,0.045,0.0154967
0.652869,0.231598,0.0774339,0.025,0.0154967
0.694393,0.254472,0.0711068,0.0125,0.0154967
0.644227,0.274851,0.0822572,0.0225,0.0154967
0.668636,0.286746,0.0543021,0.0175,0.0154967
0.679074,0.251864,0.0204018,0.0175,0.0154967
0.728024,0.201819,0.118963,0.045,0.0136363
0.753788,0.177727,0.116559,0.025,0.0136363
0.75319,0.20704,0.154346,0.0125,0.0136363
0.717342,0.16757,0.139739,0.0225,0.0136363
0.708923,0.204252,0.149854,0.0175,0.0136363
0.728472,0.238554,0.119584,0.0175,0.0136363
0.954608,0.188921,0.0578232,0.045,0.00386957
0.943651,0.183601,0.0246323,0.025,0.00386957
0.926691,0.221313,0.0486655,0.0125,0.00386957
0.978149,0.210645,0.031505,0.0225,0.00386957
0.967222,0.221745,0.0672278,0.0175,0.00386957
0.936801,0.189604,0.0899549,0.0175,0.00386957
0.111663,0.385252,0.0448875,0.045,0.111664
0.13729,0.408985,0.0394091,0.025,0.111664
0.102295,0.419648,0.070218,0.0125,0.111664
0.141442,0.380741,0.0733762,0.0225,0.111664
0.103183,0.375959,0.0790449,0.0175,0.111664
0.0753964,0.386201,0.0390699,0.0175,0.111664
0.223212,0.506801,0.0617247,0.045,0.0839058
0.18902,0.502899,0.0536208,0.025,0.0839058
0.204822,0.546207,0.0663571,0.0125,0.0839058
0.217023,0.515907,0.0217556,0.0225,0.0839058
0.242237,0.533415,0.045765,0.0175,0.0839058
0.240327,0.516863,0.0926411,0.0175,0.0839058
0.39841,0.510224,0.0447311,0.045,0.10452
0.412935,0.531566,0.0688885,0.025,0.10452
0.419558,0.484374,0.0729628,0.0125,0.10452
0.437414,0.519274,0.0339827,0.0225,0.10452
0.41925,0.485251,0.0283911,0.0175,0.10452
0.373218,0.483591,0.0471859,0.0175,0.10452
0.537335,0.517972,0.107495,0.045,0.0298211
0.560971,0.544205,0.105699,0.025,0.0298211
0.557735,0.518918,0.146166,0.0125,0.0298211
0.574205,0.503015,0.0958464,0.0225,0.0298211
0.548227,0.485102,0.118716,0.0175,0.0298211
0.507992,0.512522,0.128926,0.0175,0.0298211
0.65933,0.430406,0.0611753,0.045,0.0125964
0.633018,0.431896,0.0847429,0.025,0.0125964
0.674733,0.41266,0.0980581,0.0125,0.0125964
0.662785,0.464793,0.0840731,0.0225,0.0125964
0.692157,0.443069,0.070505,0.0175,0.0125964
0.677515,0.402245,0.0461322,0.0175,0.0125964
0.721982,0.517436,0.0463495,0.045,0.0113731
0.711644,0.503817,0.0772952,0.025,0.0113731
0.75833,0.504484,0.0669304,0.0125,0.0113731
0.723561,0.546532,0.0758396,0.0225,0.0113731
0.748322,0.542558,0.0460085,0.0175,0.0113731
0.739335,0.50283,0.0174436,0.0175,0.0113731
0.866252,0.334284,0.0448313,0.045,0.00137711
0.852575,0.332606,0.077391,0.025,0.00137711
0.866279,0.375156,0.0603854,0.0125,0.00137711
0.825516,0.341864,0.0434672,0.0225,0.00137711
0.85284,0.358557,0.0212528,0.0175,0.00137711
0.899259,0.344517,0.0323495,0.0175,0.00137711
0.0418787,0.556477,0.0449266,0.045,0.0647986
0.0485902,0.524319,0.057998,0.025,0.0647986
0.0816735,0.558502,0.0629481,0.0125,0.0647986
0.0310703,0.554929,0.0849208,0.0225,0.0647986
0.046406,0.585562,0.0663408,0.0175,0.0647986
0.0583042,0.57653,0.018887,0.0175,0.0647986
0.133976,0.595881,0.0448513,0.045,0.025405
0.125984,0.571651,0.0693265,0.025,0.025405
0.142181,0.614312,0.0836519,0.0125,0.025405
0.0950091,0.601305,0.0579249,0.0225,0.025405
0.120119,0.629396,0.0479696,0.0175,0.025405
0.165429,0.612692,0.0360138,0.0175,0.025405
0.194206,0.678363,0.04492,0.045,0.0800776
0.1596,0.679597,0.0377889,0.025,0.0800776
0.182126,0.637491,0.0351183,0.0125,0.0800776
0.172407,0.669581,0.0790731,0.0225,0.0800776
0.206479,0.65373,0.068745,0.0175,0.0800776
0.223358,0.669127,0.0245518,0.0175,0.0800776
0.379924,0.683037,0.0446081,0.045,0.0428676
0.351464,0.696966,0.0289229,0.025,0.0428676
0.355525,0.700451,0.0764504,0.0125,0.0428676
0.386405,0.723202,0.0366375,0.0225,0.0428676
0.399145,0.703515,0.0677645,0.0175,0.0428676
0.383877,0.656194,0.0693836,0.0175,0.0428676
0.46171,0.728885,0.0448723,0.045,0.0303277
0.43219,0.725955,0.0256367,0.025,0.0303277
0.451309,0.686409,0.0445603,0.0125,0.0303277
0.428501,0.730066,0.0696621,0.0225,0.0303277
0.462868,0.713644,0.0779085,0.0175,0.0303277
0.495573,0.715328,0.0404581,0.0175,0.0303277
0.630014,0.784128,0.0446339,0.045,0.0340029
0.606333,0.780982,0.0706967,0.025,0.0340029
0.643928,0.751423,0.0701144,0.0125,0.0340029
0.642207,0.806175,0.0775582,0.0225,0.0340029
0.665341,0.786606,0.0530521,0.0175,0.0340029
0.640786,0.761138,0.0180738,0.0175,0.0340029
0.776032,0.709326,0.0475588,0.045,0.00659178
0.763187,0.727226,0.0752098,0.025,0.00659178
0.765413,0.749069,0.0327191,0.0125,0.00659178
0.734728,0.705931,0.0486515,0.0225,0.00659178
0.756832,0.70838,0.0166486,0.0175,0.00659178
0.805279,0.714749,0.0259902,0.0175,0.00659178
0.955406,0.514976,0.0445995,0.045,0.00234231
0.973497,0.49641,0.0686421,0.025,0.00234231
0.954434,0.538329,0.0815611,0.0125,0.00234231
0.929465,0.491316,0.0666452,0.0225,0.00234231
0.922115,0.527069,0.0529925,0.0175,0.00234231
0.960749,0.548195,0.0298379,0.0175,0.00234231
0.111801,-0.498564,0.0467806,0.045,0.176555
0.0931282,-0.478007,0.0249006,0.025,0.176555
0.0725097,-0.517324,0.0426914,0.0125,0.176555
0.0892722,-0.471464,0.0686165,0.0225,0.176555
0.0972069,-0.508267,0.0786845,0.0175,0.176555
0.122993,-0.53348,0.0444154,0.0175,0.176555
0.19889,-0.787262,0.0441351,0.045,0.0903629
0.187473,-0.817395,0.0295863,0.025,0.0903629
0.232814,-0.804062,0.02224,0.0125,0.0903629
0.207637,-0.819208,0.0690692,0.0225,0.0903629
0.229688,-0.787556,0.0635349,0.0175,0.0903629
0.211603,-0.756013,0.0295794,0.0175,0.0903629
0.324677,-0.80672,0.0447063,0.045,0.0494619
0.32822,-0.837243,0.0272199,0.025,0.0494619
0.366421,-0.818887,0.0493847,0.0125,0.0494619
0.319362,-0.838596,0.0706763,0.0225,0.0494619
0.336418,-0.804581,0.0790948,0.0175,0.0494619
0.340186,-0.773709,0.0402658,0.0175,0.0494619
0.530542,-0.871564,0.0543823,0.045,0.0578244
0.550496,-0.868779,0.0253287,0.025,0.0578244
0.543391,-0.829822,0.052149,0.0125,0.0578244
0.57053,-0.876462,0.0641662,0.0225,0.0578244
0.543438,-0.858871,0.085967,0.0175,0.0578244
0.498801,-0.855878,0.0642035,0.0175,0.0578244
0.716926,-0.83538,0.127968,0.045,0.0114079
0.713932,-0.870529,0.130321,0.025,0.0114079
0.757338,-0.851551,0.123741,0.0125,0.0114079
0.723272,-0.847525,0.167095,0.0225,0.0114079
0.741408,-0.818289,0.148789,0.0175,0.0114079
0.728516,-0.813279,0.101001,0.0175,0.0114079
0.772998,-0.923265,0.127142,0.045,0.00556297
0.797138,-0.901147,0.113798,0.025,0.00556297
0.758514,-0.911546,0.0875769,0.0125,0.00556297
0.762345,-0.884056,0.135388,0.0225,0.00556297
0.737981,-0.913324,0.127108,0.0175,0.00556297
0.760817,-0.956148,0.116175,0.0175,0.00556297
0.868638,-0.783251,0.0444384,0.045,0.00230519
0.882844,-0.81377,0.0336315,0.025,0.00230519
0.897365,-0.773105,0.0130645,0.0125,0.00230519
0.903816,-0.790581,0.0651147,0.0225,0.00230519
0.890669,-0.755755,0.0535815,0.0175,0.00230519
0.84858,-0.757789,0.0271351,0.0175,0.00230519
-0.0234184,-0.368129,0.115124,0.045,0.332962
-0.0170662,-0.392002,0.140417,0.025,0.332962
0.0200394,-0.372434,0.117444,0.0125,0.332962
-0.0168381,-0.348989,0.151305,0.0225,0.332962
-0.00592994,-0.336221,0.116138,0.0175,0.332962
-0.0162808,-0.367761,0.0790832,0.0175,0.332962
0.235731,-0.455988,0.125099,0.045,0.200455
0.224233,-0.436526,0.152284,0.025,0.200455
0.201924,-0.477663,0.142412,0.0125,0.200455
0.253509,-0.4689,0.160256,0.0225,0.200455
0.242595,-0.491351,0.130329,0.0175,0.200455
0.219783,-0.46655,0.0937287,0.0175,0.200455
0.308568,-0.605009,0.130819,0.045,0.0583294
0.339483,-0.589495,0.123499,0.025,0.0583294
0.30045,-0.562159,0.127583,0.0125,0.0583294
0.32663,-0.59223,0.165879,0.0225,0.0583294
0.288408,-0.592169,0.158273,0.0175,0.0583294
0.276941,-0.607153,0.112241,0.0175,0.0583294
0.452401,-0.656399,0.12359,0.045,0.0512911
0.461683,-0.689921,0.117255,0.025,0.0512911
0.483277,-0.655053,0.0926493,0.0125,0.0512911
0.485296,-0.66657,0.146682,0.0225,0.0512911
0.478395,-0.631843,0.130398,0.0175,0.0512911
0.437306,-0.630468,0.102383,0.0175,0.0512911
0.599554,-0.669337,0.132474,0.045,0.0256575
0.607022,-0.702216,0.121832,0.025,0.0256575
0.633627,-0.68266,0.156434,0.0125,0.0256575
0.580183,-0.696802,0.156748,0.0225,0.0256575
0.595453,-0.662772,0.168042,0.0175,0.0256575
0.618883,-0.638099,0.131748,0.0175,0.0256575
0.711823,-0.62022,0.12881,0.045,0.0525574
0.681228,-0.637781,0.131176,0.025,0.0525574
0.721927,-0.661187,0.140305,0.0125,0.0525574
0.698165,-0.619624,0.167949,0.0225,0.0525574
0.735356,-0.621894,0.15653,0.0175,0.0525574
0.741223,-0.624526,0.107197,0.0175,0.0525574
0.873898,-0.640424,0.0450211,0.045,0.0400497
0.889754,-0.632246,0.0755446,0.025,0.0400497
0.911611,-0.620923,0.0345377,0.0125,0.0400497
0.864444,-0.601551,0.0558982,0.0225,0.0400497
0.870073,-0.614631,0.0196218,0.0175,0.0400497
0.883541,-0.662464,0.0172501,0.0175,0.0400497
0.930118,-0.321033,0.135249,0.045,0.0380344
0.964086,-0.323218,0.125689,0.025,0.0380344
0.953234,-0.323852,0.172265,0.0125,0.0380344
0.941596,-0.360796,0.13282,0.0225,0.0380344
0.916725,-0.345504,0.158633,0.0175,0.0380344
0.911476,-0.296177,0.154862,0.0175,0.0380344
0.203279,-0.264999,0.125509,0.045,0.217799
0.211821,-0.281966,0.0956902,0.025,0.217799
0.238235,-0.244435,0.109149,0.0125,0.217799
0.232094,-0.293755,0.133357,0.0225,0.217799
0.229149,-0.258812,0.150358,0.0175,0.217799
0.192523,-0.230498,0.132141,0.0175,0.217799
0.422026,-0.333691,0.129287,0.045,0.178454
0.44851,-0.310575,0.133057,0.025,0.178454
0.439134,-0.32787,0.0894632,0.0125,0.178454
0.408411,-0.295247,0.121837,0.0225,0.178454
0.396873,-0.32773,0.103658,0.0175,0.178454
0.421121,-0.368688,0.118133,0.0175,0.178454
0.462578,-0.414186,0.126119,0.045,0.0507992
0.471636,-0.444859,0.141191,0.025,0.0507992
0.489419,-0.43431,0.0980628,0.0125,0.0507992
0.498227,-0.409787,0.146821,0.0225,0.0507992
0.488749,-0.392402,0.113254,0.0175,0.0507992
0.444532,-0.406221,0.0951207,0.0175,0.0507992
0.540299,-0.457622,0.16846,0.045,0.0991794
0.565894,-0.434048,0.162199,0.025,0.0991794
0.549052,-0.438396,0.206751,0.0125,0.0991794
0.577345,-0.474622,0.176036,0.0225,0.0991794
0.544412,-0.48135,0.195756,0.0175,0.0991794
0.505749,-0.454045,0.180438,0.0175,0.0991794
0.629182,-0.408139,0.147854,0.045,0.0810297
0.639131,-0.442031,0.146319,0.025,0.0810297
0.662834,-0.412419,0.175453,0.0125,0.0810297
0.610396,-0.429764,0.177824,0.0225,0.0810297
0.623016,-0.392981,0.180369,0.0175,0.0810297
0.646586,-0.376841,0.139639,0.0175,0.0810297
0.783449,-0.435409,0.125615,0.045,0.0394349
0.802233,-0.452998,0.149859,0.025,0.0394349
0.816852,-0.453947,0.10433,0.0125,0.0394349
0.814277,-0.411523,0.139683,0.0225,0.0394349
0.80062,-0.412441,0.103195,0.0175,0.0394349
0.765056,-0.44643,0.0957783,0.0175,0.0394349
0.881371,-0.415706,0.140641,0.045,0.0343422
0.915083,-0.412823,0.130386,0.025,0.0343422
0.880615,-0.399325,0.1001,0.0125,0.0343422
0.895393,-0.377535,0.148711,0.0225,0.0343422
0.859344,-0.386924,0.137265,0.0175,0.0343422
0.853152,-0.435347,0.127681,0.0175,0.0343422
0.227338,-0.170459,0.138117,0.045,0.254531
0.202055,-0.145875,0.135592,0.025,0.254531
0.203555,-0.173366,0.174701,0.0125,0.254531
0.239656,-0.135538,0.156758,0.0225,0.254531
0.247648,-0.171896,0.16829,0.0175,0.254531
0.226076,-0.2071,0.140536,0.0175,0.254531
0.315189,-0.191966,0.107772,0.045,0.0921605
0.283027,-0.204939,0.114651,0.025,0.0921605
0.318167,-0.21272,0.14615,0.0125,0.0921605
0.293925,-0.165295,0.131336,0.0225,0.0921605
0.332193,-0.172394,0.133322,0.0175,0.0921605
0.347753,-0.208108,0.102379,0.0175,0.0921605
0.520706,-0.239075,0.207208,0.045,0.288252
0.526755,-0.213663,0.231034,0.025,0.288252
0.490696,-0.244157,0.238609,0.0125,0.288252
0.545166,-0.253529,0.2374,0.0225,0.288252
0.517554,-0.273528,0.218522,0.0175,0.288252
0.491883,-0.246423,0.185638,0.0175,0.288252
0.535674,-0.149825,0.20048,0.045,0.171899
0.567121,-0.146406,0.184687,0.025,0.171899
0.533985,-0.112683,0.177455,0.0125,0.171899
0.560755,-0.126478,0.223816,0.0225,0.171899
0.522306,-0.121815,0.219499,0.0175,0.171899
0.501601,-0.153526,0.187238,0.0175,0.171899
0.607499,-0.226192,0.224758,0.045,0.242473
0.627695,-0.248577,0.206292,0.025,0.242473
0.643569,-0.23284,0.248575,0.0125,0.242473
0.600236,-0.265143,0.236957,0.0225,0.242473
0.600405,-0.2335,0.259705,0.0175,0.242473
0.612744,-0.191582,0.235923,0.0175,0.242473
0.695735,-0.233626,0.208092,0.045,0.219039
0.702084,-0.202902,0.191791,0.025,0.219039
0.657544,-0.220326,0.191447,0.0125,0.219039
0.687967,-0.202082,0.233848,0.0225,0.219039
0.668282,-0.23566,0.231908,0.0175,0.219039
0.68386,-0.266161,0.195824,0.0175,0.219039
0.851794,-0.272258,0.123707,0.045,0.0475546
0.851743,-0.307579,0.12525,0.025,0.0475546
0.884614,-0.283529,0.150321,0.0125,0.0475546
0.829684,-0.284953,0.156398,0.0225,0.0475546
0.852228,-0.253209,0.154722,0.0175,0.0475546
0.876692,-0.248046,0.111712,0.0175,0.0475546
0.955139,-0.11415,0.124021,0.045,0.0232341
0.95592,-0.148809,0.13096,0.025,0.0232341
0.972376,-0.118382,0.163989,0.0125,0.0232341
0.920989,-0.125191,0.144772,0.0225,0.0232341
0.940342,-0.0915631,0.148431,0.0175,0.0232341
0.981679,-0.0889358,0.120874,0.0175,0.0232341
0.201325,0.00250149,0.127472,0.045,0.138455
0.236108,-0.00286136,0.124089,0.025,0.138455
0.217743,0.0387913,0.109416,0.0125,0.138455
0.221267,0.0178055,0.16044,0.0225,0.138455
0.18962,0.0330044,0.143521,0.0175,0.138455
0.174702,0.00850644,0.102872,0.0175,0.138455
0.494943,0.069067,0.212544,0.045,0.0917765
0.523821,0.0786543,0.230548,0.025,0.0917765
0.51023,0.10514,0.193114,0.0125,0.0917765
0.484916,0.0969206,0.241568,0.0225,0.0917765
0.469094,0.0938683,0.206084,0.0175,0.0917765
0.48983,0.0586868,0.177672,0.0175,0.0917765
0.498025,0.0238667,0.125707,0.045,0.176288
0.515911,-0.00193671,0.10945,0.025,0.176288
0.495608,0.0322368,0.0828511,0.0125,0.176288
0.537183,0.0357831,0.119117,0.0225,0.176288
0.505568,0.05851,0.117464,0.0175,0.176288
0.462768,0.0341305,0.124449,0.0175,0.176288
0.581524,-0.0117064,0.138281,0.045,0.0250759
0.603725,-0.0305465,0.158335,0.025,0.0250759
0.615575,0.0143524,0.146882,0.0125,0.0250759
0.574135,-0.00425842,0.178389,0.0225,0.0250759
0.571645,0.0215512,0.149296,0.0175,0.0250759
0.585009,0.0033731,0.104957,0.0175,0.0250759
0.663929,-0.0629787,0.172644,0.045,0.0709292
0.694813,-0.0782899,0.180503,0.025,0.0709292
0.694519,-0.0320098,0.168437,0.0125,0.0709292
0.672855,-0.057072,0.212696,0.0225,0.0709292
0.654998,-0.0317448,0.189065,0.0175,0.0709292
0.651182,-0.0472902,0.141962,0.0175,0.0709292
0.738952,-0.0342703,0.211761,0.045,0.0522633
0.769165,-0.0460841,0.225818,0.025,0.0522633
0.769356,-0.00411824,0.202876,0.0125,0.0522633
0.743945,-0.018561,0.2498,0.0225,0.0522633
0.728053,-0.000351951,0.219228,0.0175,0.0522633
0.728956,-0.0269193,0.177177,0.0175,0.0522633
0.880733,-0.0414753,0.169703,0.045,0.0692354
0.89026,-0.0742689,0.178857,0.025,0.0692354
0.923999,-0.0438906,0.163812,0.0125,0.0692354
0.892741,-0.0421579,0.209377,0.0225,0.0692354
0.898698,-0.0132143,0.18397,0.0175,0.0692354
0.882633,-0.0231086,0.137937,0.0175,0.0692354
0.126197,0.17384,0.129902,0.045,0.033052
0.146839,0.158927,0.154428,0.025,0.033052
0.148132,0.141793,0.109793,0.0125,0.033052
0.163861,0.191146,0.12911,0.0225,0.033052
0.140982,0.184275,0.098319,0.0175,0.033052
0.0985996,0.160739,0.109487,0.0175,0.033052
0.223763,0.132147,0.13175,0.045,0.144361
0.228969,0.143935,0.164673,0.025,0.144361
0.25074,0.166413,0.128503,0.0125,0.144361
0.196874,0.162518,0.140315,0.0225,0.144361
0.213831,0.155754,0.105884,0.0175,0.144361
0.246609,0.118335,0.106506,0.0175,0.144361
0.466742,0.210606,0.197027,0.045,0.0656908
0.447594,0.182789,0.186558,0.025,0.0656908
0.455183,0.218432,0.155583,0.0125,0.0656908
0.491144,0.18297,0.178066,0.0225,0.0656908
0.494515,0.221755,0.176307,0.0175,0.0656908
0.458676,0.246275,0.200583,0.0175,0.0656908
0.50049,0.216855,0.1124,0.045,0.0327029
0.53019,0.226559,0.0958552,0.025,0.0327029
0.488314,0.233331,0.0737632,0.0125,0.0327029
0.508244,0.256938,0.119608,0.0225,0.0327029
0.473114,0.240702,0.11502,0.0175,0.0327029
0.474543,0.19216,0.104223,0.0175,0.0327029
0.592667,0.218722,0.125817,0.045,0.0156996
0.60683,0.220507,0.0934722,0.025,0.0156996
0.575425,0.25407,0.106692,0.0125,0.0156996
0.625992,0.243379,0.126312,0.0225,0.0156996
0.593379,0.248257,0.147082,0.0175,0.0156996
0.558081,0.214536,0.137494,0.0175,0.0156996
0.650781,0.148777,0.146697,0.045,0.0181974
0.630875,0.17269,0.163487,0.025,0.0181974
0.678013,0.172278,0.171569,0.0125,0.0181974
0.650253,0.184277,0.125291,0.0225,0.0181974
0.680463,0.15991,0.128808,0.0175,0.0181974
0.671799,0.12118,0.158807,0.0175,0.0181974
0.821362,0.0573874,0.164811,0.045,0.0185018
0.842421,0.0463538,0.190979,0.025,0.0185018
0.859375,0.0784214,0.159806,0.0125,0.0185018
0.818763,0.0834076,0.196982,0.0225,0.0185018
0.817294,0.0931334,0.159272,0.0175,0.0185018
0.823894,0.0548073,0.128247,0.0175,0.0185018
0.955546,0.10638,0.113455,0.045,0.0193431
0.920468,0.110793,0.113193,0.025,0.0193431
0.948301,0.147087,0.0992084,0.0125,0.0193431
0.940468,0.0975979,0.075848,0.0225,0.0193431
0.974631,0.114679,0.0835897,0.0175,0.0193431
0.982466,0.123181,0.131977,0.0175,0.0193431
0.0361071,0.37702,0.0929289,0.045,0.0849
0.0315105,0.411114,0.101082,0.025,0.0849
0.0308931,0.378774,0.136314,0.0125,0.0849
0.0724415,0.39412,0.103231,0.0225,0.0849
0.0610299,0.3577,0.111111,0.0175,0.0849
0.014507,0.347539,0.0967111,0.0175,0.0849
0.281575,0.38412,0.124961,0.045,0.100042
0.312486,0.399045,0.133434,0.025,0.100042
0.274658,0.427294,0.12578,0.0125,0.100042
0.283535,0.390316,0.165906,0.0225,0.100042
0.251736,0.393462,0.143598,0.0175,0.100042
0.26031,0.386492,0.0950915,0.0175,0.100042
0.395181,0.421002,0.137486,0.045,0.227517
0.429069,0.425893,0.128672,0.025,0.227517
0.39615,0.455624,0.110786,0.0125,0.227517
0.412617,0.44856,0.163085,0.0225,0.227517
0.375916,0.449241,0.149995,0.0175,0.227517
0.365342,0.412998,0.117597,0.0175,0.227517
0.449183,0.492779,0.128289,0.045,0.0578328
0.431154,0.523084,0.130847,0.025,0.0578328
0.443929,0.507536,0.0874588,0.0125,0.0578328
0.40861,0.485514,0.123843,0.0225,0.0578328
0.437506,0.467154,0.105223,0.0175,0.0578328
0.482779,0.484961,0.11563,0.0175,0.0578328
0.560791,0.405236,0.127035,0.045,0.0256499
0.578154,0.407546,0.157747,0.025,0.0256499
0.594903,0.431683,0.120006,0.0125,0.0256499
0.547809,0.438465,0.148156,0.0225,0.0256499
0.551781,0.435823,0.109478,0.0175,0.0256499
0.570523,0.392413,0.0940069,0.0175,0.0256499
0.796741,0.367776,0.0986814,0.045,0.000946478
0.827602,0.384533,0.0945861,0.025,0.000946478
0.798096,0.381223,0.0570901,0.0125,0.000946478
0.791653,0.408469,0.10476,0.0225,0.000946478
0.766108,0.384281,0.087992,0.0175,0.000946478
0.782683,0.337633,0.0830679,0.0175,0.000946478
0.880301,0.286536,0.121435,0.045,0.00604092
0.90998,0.289277,0.102417,0.025,0.00604092
0.868194,0.285727,0.0794203,0.0125,0.00604092
0.887312,0.326247,0.111807,0.0225,0.00604092
0.852504,0.308876,0.11414,0.0175,0.00604092
0.854849,0.260155,0.123923,0.0175,0.00604092
0.0395908,0.45295,0.0447617,0.045,0.0965757
0.0687328,0.452354,0.0247519,0.025,0.0965757
0.0489981,0.49461,0.0353552,0.0125,0.0965757
0.0731984,0.45764,0.0685794,0.0225,0.0965757
0.038592,0.474756,0.0738912,0.0175,0.0965757
0.00535785,0.464619,0.0382858,0.0175,0.0965757
0.199371,0.554823,0.133616,0.045,0.12509
0.19357,0.56578,0.100506,0.025,0.12509
0.211066,0.596942,0.132293,0.0125,0.12509
0.234109,0.551301,0.111263,0.0225,0.12509
0.231798,0.561139,0.148901,0.0175,0.12509
0.185221,0.565109,0.165927,0.0175,0.12509
0.285892,0.679235,0.0446587,0.045,0.0209237
0.303267,0.690093,0.0734723,0.025,0.0209237
0.256308,0.681638,0.0767757,0.0125,0.0209237
0.297889,0.646511,0.0671096,0.0225,0.0209237
0.264747,0.649687,0.0468529,0.0175,0.0209237
0.258434,0.69406,0.0252617,0.0175,0.0209237
0.434346,0.629471,0.0950432,0.045,0.057993
0.437307,0.650011,0.0664192,0.025,0.057993
0.395715,0.627862,0.0746087,0.0125,0.057993
0.420782,0.6677,0.103605,0.0225,0.057993
0.406099,0.634371,0.117473,0.0175,0.057993
0.427842,0.593544,0.0991583,0.0175,0.057993
0.594429,0.711531,0.0832634,0.045,0.0374173
0.566839,0.695032,0.0685468,0.025,0.0374173
0.605725,0.669447,0.0795358,0.0125,0.0374173
0.570108,0.695555,0.112794,0.0225,0.0374173
0.608999,0.697894,0.113706,0.0175,0.0374173
0.629105,0.716475,0.0721674,0.0175,0.0374173
0.68643,0.708804,0.0943918,0.045,0.0275127
0.721244,0.702671,0.0937564,0.025,0.0275127
0.701678,0.72779,0.0580665,0.0125,0.0275127
0.706708,0.740602,0.111609,0.0225,0.0275127
0.674397,0.742868,0.0899388,0.0175,0.0275127
0.659181,0.699149,0.0717135,0.0175,0.0275127
0.819214,0.626219,0.0444975,0.045,0.00255234
0.834173,0.602075,0.0655521,0.025,0.00255234
0.835085,0.647978,0.0789523,0.0125,0.00255234
0.792058,0.613741,0.073231,0.0225,0.00255234
0.795388,0.649765,0.058742,0.0175,0.00255234
0.83285,0.655178,0.0264578,0.0175,0.00255234
0.955098,0.399925,0.0448494,0.045,0.00180326
0.940262,0.425032,0.0648382,0.025,0.00180326
0.987785,0.425046,0.0594455,0.0125,0.00180326
0.948029,0.433819,0.0220455,0.0225,0.00180326
0.978427,0.409668,0.0186603,0.0175,0.00180326
0.979119,0.373191,0.0524829,0.0175,0.00180326
0.0190248,0.793444,0.0448065,0.045,0.0745576
-0.0126507,0.79492,0.0604424,0.025,0.0745576
-0.0104422,0.797322,0.012726,0.0125,0.0745576
0.00234824,0.755529,0.0465791,0.0225,0.0745576
0.0242525,0.769764,0.0176598,0.0175,0.0745576
0.0373969,0.81735,0.0238075,0.0175,0.0745576
-0.0574169,0.856529,0.0449114,0.045,0.0382783
-0.0388647,0.879091,0.0249919,0.025,0.0382783
-0.0715648,0.896616,0.0551755,0.0125,0.0382783
-0.0243102,0.870008,0.0659116,0.0225,0.0382783
-0.0594665,0.862206,0.0808081,0.0175,0.0382783
-0.0933226,0.848976,0.0468415,0.0175,0.0382783
0.151944,0.939646,0.0448389,0.045,0.0705056
0.180656,0.92104,0.0537542,0.025,0.0705056
0.14046,0.914728,0.0788935,0.0125,0.0705056
0.151265,0.902709,0.0260252,0.0225,0.0705056
0.120421,0.922164,0.0397701,0.0175,0.0705056
0.132009,0.964609,0.0629893,0.0175,0.0705056
0.350162,0.950994,0.0449409,0.045,0.0431742
0.356185,0.959718,0.0786691,0.025,0.0431742
0.373694,0.987846,0.0441761,0.0125,0.0431742
0.321179,0.977574,0.0580656,0.0225,0.0431742
0.336648,0.976112,0.022326,0.0175,0.0431742
0.372657,0.94216,0.0172657,0.0175,0.0431742
0.524058,0.870469,0.0447454,0.045,0.0273902
0.525403,0.838752,0.0291821,0.025,0.0273902
0.560381,0.851021,0.0594068,0.0125,0.0273902
0.506763,0.841911,0.069323,0.0225,0.0273902
0.527816,0.872599,0.0808888,0.0175,0.0273902
0.546378,0.899627,0.0434735,0.0175,0.0273902
0.618362,0.873252,0.0480824,0.045,0.0214907
0.626793,0.898553,0.0248705,0.025,0.0214907
0.633842,0.852859,0.012628,0.0125,0.0214907
0.586609,0.879918,0.0222751,0.0225,0.0214907
0.597373,0.84557,0.037212,0.0175,0.0214907
0.638443,0.847688,0.0652074,0.0175,0.0214907
0.925771,0.769418,0.0460548,0.045,0.0124095
0.905934,0.789943,0.0669165,0.025,0.0124095
0.950107,0.804449,0.0557023,0.0125,0.0124095
0.905868,0.797736,0.0232357,0.0225,0.0124095
0.941833,0.784132,0.0168915,0.0175,0.0124095
0.957732,0.752134,0.0515084,0.0175,0.0124095
0.00698566,-0.865767,0.0539932,0.045,0.0234726
0.0312565,-0.889261,0.0644312,0.025,0.0234726
-0.0149338,-0.901507,0.0664301,0.0125,0.0234726
0.0168691,-0.890836,0.0224875,0.0225,0.0234726
-0.0183913,-0.876038,0.0300035,0.0175,0.0234726
-0.0204974,-0.849034,0.0717327,0.0175,0.0234726
0.100334,-0.854527,0.0448446,0.045,0.142566
0.0814209,-0.883232,0.0531084,0.025,0.142566
0.0718639,-0.842143,0.0756437,0.0125,0.142566
0.0655106,-0.855471,0.0223685,0.0225,0.142566
0.0829121,-0.823644,0.0366151,0.0175,0.142566
0.122955,-0.833285,0.0645192,0.0175,0.142566
0.256306,-0.863968,0.0462322,0.045,0.0336036
0.251303,-0.831131,0.0583441,0.025,0.0336036
0.260612,-0.837303,0.0118387,0.0125,0.0336036
0.216616,-0.853007,0.0414023,0.0225,0.0336036
0.237566,-0.875104,0.0170805,0.0175,0.0336036
0.285163,-0.88043,0.0305401,0.0175,0.0336036
0.46697,-0.955348,0.0495148,0.045,0.00631631
0.463724,-0.930605,0.0244698,0.025,0.00631631
0.459331,-0.976584,0.012056,0.0125,0.00631631
0.427014,-0.945535,0.0444247,0.0225,0.00631631
0.441224,-0.980898,0.0525653,0.0175,0.00631631
0.490909,-0.982825,0.0542037,0.0175,0.00631631
0.595578,-0.949654,0.0446825,0.045,0.0160075
0.616499,-0.929284,0.0247478,0.025,0.0160075
0.569373,-0.928746,0.016599,0.0125,0.0160075
0.597732,-0.911527,0.0608205,0.0225,0.0160075
0.566458,-0.934779,0.0606741,0.0175,0.0160075
0.573326,-0.977732,0.0365314,0.0175,0.0160075
0.691569,-0.94961,0.0446987,0.045,0.00360207
0.662745,-0.929277,0.0423052,0.025,0.00360207
0.660991,-0.973777,0.0248646,0.0125,0.00360207
0.66664,-0.956546,0.0770895,0.0225,0.00360207
0.688489,-0.983067,0.0587033,0.0175,0.00360207
0.713029,-0.965214,0.0192822,0.0175,0.00360207
0.946991,-0.924816,0.0449095,0.045,0.00477564
0.932871,-0.95691,0.0403704,0.025,0.00477564
0.941154,-0.941535,0.0848958,0.0125,0.00477564
0.905652,-0.922507,0.0470305,0.0225,0.00477564
0.931025,-0.901573,0.0679278,0.0175,0.00477564
0.978623,-0.913583,0.0598507,0.0175,0.00477564
0.955284,-0.659095,0.0776253,0.045,0.0140136
0.941433,-0.638094,0.102467,0.025,0.0140136
0.930175,-0.630052,0.0566842,0.0125,0.0140136
0.918004,-0.673265,0.0889448,0.0225,0.0140136
0.933187,-0.674384,0.0530704,0.0175,0.0140136
0.977673,-0.652442,0.0492621,0.0175,0.0140136
0.142593,-0.454804,0.127864,0.045,0.589817
0.121778,-0.455507,0.156434,0.025,0.589817
0.13113,-0.496588,0.133798,0.0125,0.589817
0.165187,-0.46309,0.161622,0.0225,0.589817
0.170774,-0.477765,0.125955,0.0175,0.589817
0.136633,-0.463551,0.092679,0.0175,0.589817
0.320555,-0.748188,0.126749,0.045,0.122579
0.293868,-0.732346,0.143686,0.025,0.122579
0.338707,-0.719843,0.154669,0.0125,0.122579
0.310648,-0.712799,0.107559,0.0225,0.122579
0.346455,-0.727676,0.111471,0.0175,0.122579
0.348149,-0.769443,0.138446,0.0175,0.122579
0.404302,-0.781757,0.0764942,0.045,0.0566832
0.377878,-0.762398,0.089798,0.025,0.0566832
0.406128,-0.786514,0.119929,0.0125,0.0566832
0.418144,-0.744025,0.0866632,0.0225,0.0566832
0.437856,-0.777483,0.0899408,0.0175,0.0566832
0.411496,-0.817776,0.0774277,0.0175,0.0566832
0.560989,-0.802431,0.105502,0.045,0.0576784
0.530274,-0.785002,0.103832,0.025,0.0576784
0.5381,-0.814282,0.140831,0.0125,0.0576784
0.563551,-0.767156,0.127133,0.0225,0.0576784
0.580433,-0.801079,0.136245,0.0175,0.0576784
0.56917,-0.838249,0.105156,0.0175,0.0576784
0.768023,-0.75954,0.13015,0.045,0.00860048
0.733803,-0.765697,0.123741,0.025,0.00860048
0.763834,-0.80286,0.125877,0.0125,0.00860048
0.748245,-0.767764,0.165645,0.0225,0.00860048
0.78469,-0.778187,0.156598,0.0175,0.00860048
0.7984,-0.765726,0.110427,0.0175,0.00860048
0.856027,-0.726699,0.112928,0.045,0.00548084
0.849902,-0.692618,0.120067,0.025,0.00548084
0.822236,-0.725745,0.140673,0.0125,0.00548084
0.876165,-0.715638,0.147437,0.0225,0.00548084
0.859519,-0.750188,0.140516,0.0175,0.00548084
0.83555,-0.752715,0.0969938,0.0175,0.00548084
0.955547,-0.483054,0.0961113,0.045,0.0120216
0.93815,-0.495453,0.124282,0.025,0.0120216
0.914085,-0.488865,0.0834787,0.0125,0.0120216
0.954725,-0.524492,0.0951138,0.0225,0.0120216
0.952607,-0.500633,0.0643726,0.0175,0.0120216
0.951855,-0.452338,0.0762901,0.0175,0.0120216
0.12377,-0.367871,0.115458,0.045,0.110405
0.148218,-0.351419,0.134994,0.025,0.110405
0.159777,-0.365455,0.0907571,0.0125,0.110405
0.123412,-0.327231,0.107275,0.0225,0.110405
0.117169,-0.355965,0.0816993,0.0175,0.110405
0.122293,-0.401574,0.100899,0.0175,0.110405
0.319561,-0.489675,0.128632,0.045,0.317814
0.303205,-0.46134,0.142034,0.025,0.317814
0.283725,-0.504485,0.148853,0.0125,0.317814
0.331319,-0.483843,0.167957,0.0225,0.317814
0.326124,-0.518187,0.150287,0.0175,0.317814
0.309421,-0.514553,0.103567,0.0175,0.317814
0.407785,-0.578927,0.122975,0.045,0.0247979
0.422989,-0.555588,0.14475,0.025,0.0247979
0.379775,-0.572729,0.155983,0.0125,0.0247979
0.428394,-0.598864,0.152918,0.0225,0.0247979
0.394762,-0.610025,0.136698,0.0175,0.0247979
0.376785,-0.577851,0.103282,0.0175,0.0247979
0.535358,-0.606649,0.127037,0.045,0.0576112
0.505993,-0.586992,0.125908,0.025,0.0576112
0.525563,-0.596647,0.168468,0.0125,0.0576112
0.54529,-0.566401,0.126608,0.0225,0.0576112
0.564,-0.59457,0.145978,0.0175,0.0576112
0.542684,-0.639354,0.142096,0.0175,0.0576112
0.633993,-0.574809,0.138939,0.045,0.0409601
0.643902,-0.60524,0.123912,0.025,0.0409601
0.652543,-0.598731,0.170501,0.0125,0.0409601
0.604317,-0.603336,0.143868,0.0225,0.0409601
0.614328,-0.575792,0.169555,0.0175,0.0409601
0.652992,-0.547934,0.155271,0.0175,0.0409601
0.707295,-0.522219,0.140086,0.045,0.0484886
0.723974,-0.54988,0.125711,0.025,0.0484886
0.690098,-0.557968,0.15849,0.0125,0.0484886
0.685675,-0.536516,0.107731,0.0225,0.0484886
0.670901,-0.521882,0.140691,0.0175,0.0484886
0.705236,-0.509759,0.17459,0.0175,0.0484886
0.873915,-0.518821,0.138512,0.045,0.0103423
0.848401,-0.530443,0.160052,0.025,0.0103423
0.885171,-0.506345,0.178887,0.0125,0.0103423
0.845653,-0.489049,0.144312,0.0225,0.0103423
0.884083,-0.483919,0.140372,0.0175,0.0103423
0.909824,-0.526304,0.136385,0.0175,0.0103423
0.95447,-0.264934,0.20088,0.045,0.0259694
0.965221,-0.298497,0.19807,0.025,0.0259694
0.969964,-0.276295,0.240165,0.0125,0.0259694
0.924115,-0.290549,0.212763,0.0225,0.0259694
0.932268,-0.255713,0.228213,0.0175,0.0259694
0.972363,-0.233775,0.208561,0.0175,0.0259694
0.371264,-0.222891,0.25955,0.045,0.56801
0.340177,-0.211331,0.271797,0.025,0.56801
0.376298,-0.217121,0.302607,0.0125,0.56801
0.371043,-0.18145,0.2607,0.0225,0.56801
0.40154,-0.204566,0.268071,0.0175,0.56801
0.390913,-0.253143,0.266532,0.0175,0.56801
0.299038,-0.285377,0.131989,0.045,0.201129
0.283755,-0.281653,0.100325,0.025,0.201129
0.263781,-0.311249,0.132147,0.0125,0.201129
0.269551,-0.256294,0.13385,0.0225,0.201129
0.278726,-0.281671,0.161967,0.0175,0.201129
0.313966,-0.314312,0.149015,0.0175,0.201129
0.50175,-0.340446,0.177928,0.045,0.122751
0.487483,-0.308448,0.173175,0.025,0.122751
0.458938,-0.344695,0.185776,0.0125,0.122751
0.499679,-0.320364,0.214138,0.0225,0.122751
0.494586,-0.358609,0.208649,0.0175,0.122751
0.496577,-0.372619,0.160954,0.0175,0.122751
0.570874,-0.385338,0.213893,0.045,0.132333
0.572044,-0.398902,0.246522,0.025,0.132333
0.586542,-0.353817,0.239844,0.0125,0.132333
0.536126,-0.375837,0.234412,0.0225,0.132333
0.554656,-0.353167,0.208693,0.0175,0.132333
0.597026,-0.372681,0.1914,0.0175,0.132333
0.699801,-0.344135,0.145217,0.045,0.11923
0.675653,-0.359493,0.165977,0.025,0.11923
0.716754,-0.382486,0.157639,0.0125,0.11923
0.707637,-0.335296,0.184956,0.0225,0.11923
0.734124,-0.341432,0.157036,0.0175,0.11923
0.71457,-0.353902,0.113022,0.0175,0.11923
0.780618,-0.211525,0.190604,0.045,0.184083
0.759429,-0.197781,0.215346,0.025,0.184083
0.796799,-0.224222,0.229198,0.0125,0.184083
0.795793,-0.175213,0.203638,0.0225,0.184083
0.81657,-0.206542,0.193364,0.0175,0.184083
0.788893,-0.246164,0.181568,0.0175,0.184083
0.950271,-0.175298,0.195387,0.045,0.0121835
0.969376,-0.16755,0.224109,0.025,0.0121835
0.970374,-0.137373,0.187017,0.0125,0.0121835
0.928513,-0.150617,0.22061,0.0225,0.0121835
0.927965,-0.150026,0.181647,0.0175,0.0121835
0.959644,-0.182032,0.160504,0.0175,0.0121835
0.407502,-0.0737686,0.242356,0.045,0.140042
0.440497,-0.0628199,0.235919,0.025,0.140042
0.428079,-0.107177,0.223044,0.0125,0.140042
0.410096,-0.0585373,0.203885,0.0225,0.140042
0.388244,-0.0887107,0.215322,0.0175,0.140042
0.394041,-0.100854,0.263217,0.0175,0.140042
0.261322,-0.0832844,0.114682,0.045,0.315787
0.234086,-0.104947,0.108443,0.025,0.315787
0.248611,-0.0987034,0.153582,0.0125,0.315787
0.22561,-0.0625952,0.118604,0.0225,0.315787
0.257807,-0.0572791,0.139909,0.0175,0.315787
0.294636,-0.0889343,0.129113,0.0175,0.315787
0.484752,-0.104923,0.277609,0.045,0.106048
0.509298,-0.117075,0.299965,0.025,0.106048
0.465525,-0.136304,0.301232,0.0125,0.106048
0.503658,-0.13799,0.261241,0.0225,0.106048
0.466029,-0.128644,0.257316,0.0175,0.106048
0.452455,-0.0882522,0.282993,0.0175,0.106048
0.506672,-0.0325556,0.218127,0.045,0.106071
0.48562,-0.0140449,0.196583,0.025,0.106071
0.509069,0.00908957,0.231259,0.0125,0.106071
0.528771,-0.0170094,0.186683,0.0225,0.106071
0.540839,-0.0212089,0.2235,0.0175,0.106071
0.505885,-0.0385358,0.254371,0.0175,0.106071
0.589452,-0.0655527,0.221851,0.045,0.0989248
0.571616,-0.0735788,0.251304,0.025,0.0989248
0.617508,-0.0866267,0.247952,0.0125,0.0989248
0.595291,-0.036063,0.2504,0.0225,0.0989248
0.621654,-0.0488217,0.224691,0.0175,0.0989248
0.605632,-0.0863762,0.196266,0.0175,0.0989248
0.72613,-0.136415,0.208302,0.045,0.106129
0.702126,-0.158735,0.221556,0.025,0.106129
0.737062,-0.14293,0.250142,0.0125,0.106129
0.695546,-0.115132,0.226479,0.0225,0.106129
0.733314,-0.105528,0.226173,0.0175,0.106129
0.762499,-0.139016,0.203772,0.0175,0.106129
0.830858,-0.0176697,0.240221,0.045,0.0557992
0.808466,0.00212618,0.259108,0.025,0.0557992
0.845345,0.0234976,0.237412,0.0125,0.0557992
0.801487,-0.00203773,0.215487,0.0225,0.0557992
0.83891,-0.00764443,0.206167,0.0175,0.0557992
0.866769,-0.0246016,0.243735,0.0175,0.0557992
0.954336,0.0257912,0.189733,0.045,0.00635993
0.975278,0.0185006,0.21727,0.025,0.00635993
0.987567,0.0541587,0.187859,0.0125,0.00635993
0.944248,0.0498708,0.221937,0.0225,0.00635993
0.943527,0.0601301,0.184348,0.0175,0.00635993
0.95993,0.024772,0.153433,0.0175,0.00635993
0.332991,0.11755,0.165657,0.045,0.168719
0.30801,0.0994599,0.18294,0.025,0.168719
0.322923,0.141121,0.201091,0.0125,0.168719
0.295429,0.130871,0.154238,0.0225,0.168719
0.327417,0.152759,0.158291,0.0175,0.168719
0.36706,0.127722,0.17492,0.0175,0.168719
0.381816,0.18001,0.213267,0.045,0.167625
0.350853,0.182214,0.230191,0.025,0.167625
0.387486,0.208735,0.245752,0.0125,0.167625
0.359618,0.211564,0.19809,0.0225,0.167625
0.398322,0.210631,0.202549,0.0175,0.167625
0.41519,0.16906,0.224051,0.0175,0.167625
0.530283,0.146668,0.246503,0.045,0.0462433
0.49515,0.150624,0.24639,0.025,0.0462433
0.520668,0.172833,0.280199,0.0125,0.0462433
0.519973,0.1809,0.225512,0.0225,0.0462433
0.5514,0.176275,0.248087,0.0175,0.0462433
0.553479,0.132187,0.271043,0.0175,0.0462433
0.618153,0.160086,0.233013,0.045,0.031311
0.592144,0.149085,0.21174,0.025,0.031311
0.580998,0.176155,0.249561,0.0125,0.031311
0.610145,0.188964,0.204365,0.0225,0.031311
0.620361,0.195435,0.241413,0.0175,0.031311
0.625299,0.154026,0.268541,0.0175,0.031311
0.697337,0.113432,0.247152,0.045,0.0588435
0.683979,0.145932,0.251068,0.025,0.0588435
0.731205,0.141037,0.245301,0.0125,0.0588435
0.690047,0.130298,0.209988,0.0225,0.0588435
0.719703,0.106759,0.21922,0.0175,0.0588435
0.721052,0.0938355,0.267242,0.0175,0.0588435
0.759506,0.122374,0.16578,0.045,0.0155494
0.755716,0.11864,0.200733,0.025,0.0155494
0.795206,0.139834,0.184033,0.0125,0.0155494
0.742572,0.156607,0.181906,0.0225,0.0155494
0.767879,0.155136,0.152307,0.0175,0.0155494
0.784329,0.10932,0.142044,0.0175,0.0155494
0.883769,0.158988,0.147122,0.045,0.0146348
0.914976,0.145522,0.156859,0.025,0.0146348
0.913897,0.177958,0.121727,0.0125,0.0146348
0.901603,0.183583,0.175331,0.0225,0.0146348
0.879991,0.195131,0.145028,0.0175,0.0146348
0.865176,0.157976,0.115448,0.0175,0.0146348
0.283951,0.292661,0.129069,0.045,0.032313
0.30813,0.310761,0.110691,0.025,0.032313
0.318253,0.298012,0.155663,0.0125,0.032313
0.310472,0.266453,0.110944,0.0225,0.032313
0.293891,0.261968,0.145926,0.0175,0.032313
0.265438,0.300322,0.159868,0.0175,0.032313
0.355985,0.341609,0.151567,0.045,0.0479511
0.335208,0.335627,0.179542,0.025,0.0479511
0.374336,0.308728,0.173805,0.0125,0.0479511
0.36994,0.362819,0.184341,0.0225,0.0479511
0.391742,0.346051,0.156732,0.0175,0.0479511
0.36552,0.320699,0.122899,0.0175,0.0479511
0.447539,0.353495,0.227247,0.045,0.226412
0.431018,0.341556,0.256135,0.025,0.226412
0.404829,0.360315,0.220784,0.0125,0.226412
0.435427,0.314276,0.221421,0.0225,0.226412
0.436097,0.342451,0.194504,0.0175,0.226412
0.449895,0.386889,0.212106,0.0175,0.226412
0.48989,0.42592,0.180238,0.045,0.0696616
0.490486,0.390722,0.183526,0.025,0.0696616
0.474035,0.416935,0.219992,0.0125,0.0696616
0.453193,0.410066,0.169251,0.0225,0.0696616
0.459117,0.443857,0.18774,0.0175,0.0696616
0.50681,0.452793,0.198719,0.0175,0.0696616
0.535512,0.328604,0.17861,0.045,0.0429088
0.506065,0.340313,0.194287,0.025,0.0429088
0.547892,0.360256,0.20613,0.0125,0.0429088
0.520622,0.361383,0.158053,0.0225,0.0429088
0.558222,0.352663,0.163432,0.0175,0.0429088
0.565794,0.312456,0.191735,0.0175,0.0429088
0.727168,0.421378,0.119064,0.045,0.0111084
0.729766,0.430717,0.0850637,0.025,0.0111084
0.695799,0.399549,0.0978044,0.0125,0.0111084
0.701481,0.452919,0.111059,0.0225,0.0111084
0.694749,0.423323,0.135503,0.0175,0.0111084
0.730841,0.389091,0.136212,0.0175,0.0111084
0.790946,0.28393,0.131286,0.045,0.00833569
0.809278,0.312844,0.140114,0.025,0.00833569
0.829433,0.269966,0.146657,0.0125,0.00833569
0.815213,0.295475,0.0997172,0.0225,0.00833569
0.806599,0.258887,0.110005,0.0175,0.00833569
0.778601,0.255479,0.150987,0.0175,0.00833569
0.951781,0.340946,0.123771,0.045,0.00168532
0.957935,0.363825,0.150014,0.025,0.00168532
0.988077,0.327193,0.14392,0.0125,0.00168532
0.977974,0.370427,0.11098,0.0225,0.00168532
0.978742,0.332845,0.100695,0.0175,0.00168532
0.944469,0.30494,0.123534,0.0175,0.00168532
0.230705,0.461094,0.138705,0.045,0.272169
0.251601,0.482844,0.120259,0.025,0.272169
0.204621,0.483021,0.111295,0.0125,0.272169
0.231902,0.49834,0.156872,0.0225,0.272169
0.201053,0.474605,0.154929,0.0175,0.272169
0.209099,0.433118,0.128678,0.0175,0.272169
0.374976,0.567205,0.119952,0.045,0.134034
0.378749,0.57029,0.15497,0.025,0.134034
0.346794,0.598095,0.132761,0.0125,0.134034
0.347276,0.543205,0.139329,0.0225,0.134034
0.341614,0.562748,0.106091,0.0175,0.134034
0.380309,0.590817,0.0923106,0.0175,0.134034
0.361183,0.674758,0.133355,0.045,0.0904509
0.359682,0.64329,0.149402,0.025,0.0904509
0.320649,0.659588,0.127079,0.0125,0.0904509
0.369584,0.644605,0.106171,0.0225,0.0904509
0.350077,0.677528,0.0988011,0.0175,0.0904509
0.343011,0.70622,0.138824,0.0175,0.0904509
0.51323,0.655234,0.0478029,0.045,0.00942321
0.486018,0.666569,0.0673218,0.025,0.00942321
0.518801,0.698301,0.0529745,0.0125,0.00942321
0.482809,0.668809,0.023124,0.0225,0.00942321
0.521075,0.672465,0.0167135,0.0175,0.00942321
0.549505,0.655065,0.0536458,0.0175,0.00942321
0.688025,0.596733,0.11987,0.045,0.019394
0.666931,0.624069,0.112267,0.025,0.019394
0.647091,0.581357,0.120609,0.0125,0.019394
0.674907,0.61464,0.154885,0.0225,0.019394
0.680874,0.576536,0.149297,0.0175,0.019394
0.694226,0.564772,0.102839,0.0175,0.019394
0.81043,0.53231,0.0445709,0.045,0.0028957
0.83009,0.55258,0.0658452,0.025,0.0028957
0.831226,0.560825,0.0187472,0.0125,0.0028957
0.789556,0.566697,0.0545992,0.0225,0.0028957
0.788485,0.548244,0.0202906,0.0175,0.0028957
0.819176,0.509197,0.0173802,0.0175,0.0028957
0.898054,0.583826,0.0445766,0.045,0.00361719
0.878296,0.564759,0.0668495,0.025,0.00361719
0.925849,0.564011,0.0719135,0.0125,0.00361719
0.890276,0.605749,0.0788931,0.0225,0.00361719
0.923251,0.606329,0.0581313,0.0175,0.00361719
0.92366,0.574427,0.0199594,0.0175,0.00361719
0.0809927,0.791969,0.110318,0.045,0.116043
0.0787272,0.763356,0.0896753,0.025,0.116043
0.0820035,0.757343,0.13701,0.0125,0.116043
0.041439,0.779988,0.107045,0.0225,0.116043
0.0584092,0.795131,0.13869,0.0175,0.116043
0.107074,0.803926,0.13327,0.0175,0.116043
0.131217,0.743801,0.0451155,0.045,0.0721394
0.127059,0.711323,0.0584534,0.025,0.0721394
0.170445,0.731398,0.0599417,0.0125,0.0721394
0.123869,0.746077,0.0858533,0.0225,0.0721394
0.147551,0.769267,0.0653565,0.0175,0.0721394
0.151532,0.756749,0.0173726,0.0175,0.0721394
0.206347,0.803549,0.0482388,0.045,0.0174915
0.189593,0.823383,0.0242407,0.025,0.0174915
0.232353,0.805074,0.013113,0.0125,0.0174915
0.184377,0.779346,0.0227371,0.0225,0.0174915
0.219033,0.770874,0.0384198,0.0175,0.0174915
0.23839,0.807672,0.0657372,0.0175,0.0174915
0.359198,0.842113,0.0448675,0.045,0.0274821
0.351828,0.874504,0.0327622,0.025,0.0274821
0.357411,0.86829,0.0798548,0.0125,0.0274821
0.394318,0.863346,0.0389932,0.0225,0.0274821
0.387371,0.837682,0.067486,0.0175,0.0274821
0.341105,0.819394,0.0673726,0.0175,0.0274821
0.571969,0.823253,0.114275,0.045,0.0187078
0.548428,0.809621,0.136858,0.025,0.0187078
0.551475,0.857175,0.132762,0.0125,0.0187078
0.535078,0.81955,0.0957254,0.0225,0.0187078
0.560936,0.848166,0.0901378,0.0175,0.0187078
0.601239,0.844926,0.119123,0.0175,0.0187078
0.743966,0.882265,0.0447445,0.045,0.0270833
0.741976,0.854188,0.0661382,0.025,0.0270833
0.704447,0.883712,0.0634172,0.0125,0.0270833
0.726131,0.850564,0.0248519,0.0225,0.0270833
0.717112,0.888272,0.0209166,0.0175,0.0270833
0.742631,0.918417,0.051167,0.0175,0.0270833
0.816422,0.825505,0.0449095,0.045,0.0128606
0.842125,0.80231,0.0377423,0.025,0.0128606
0.829555,0.809317,0.0833538,0.0125,0.0128606
0.800548,0.787338,0.0417391,0.0225,0.0128606
0.788801,0.81524,0.0662799,0.0175,0.0128606
0.816004,0.856836,0.0640979,0.0175,0.0128606
0.955365,0.667438,0.0451918,0.045,0.00494152
0.925819,0.651125,0.0557238,0.025,0.00494152
0.943204,0.641375,0.0122473,0.0125,0.00494152
0.964716,0.630734,0.0620496,0.0225,0.00494152
0.982763,0.647521,0.0318628,0.0175,0.00494152
0.962346,0.690553,0.0174981,0.0175,0.00494152
0.110115,-0.765264,0.0449305,0.045,0.15233
0.132084,-0.746207,0.0248258,0.025,0.15233
0.0859695,-0.733665,0.0267372,0.0125,0.15233
0.124433,-0.732842,0.0664381,0.0225,0.15233
0.0886612,-0.748121,0.0688235,0.0175,0.15233
0.0804495,-0.785414,0.0369359,0.0175,0.15233
0.111461,-0.949408,0.0449057,0.045,0.154536
0.105367,-0.973064,0.0704641,0.025,0.154536
0.101403,-0.986957,0.0248703,0.0125,0.154536
0.146102,-0.970682,0.0530366,0.0225,0.154536
0.134542,-0.957919,0.0180763,0.0175,0.154536
0.0901094,-0.935544,0.0184118,0.0175,0.154536
0.364963,-0.919535,0.044342,0.045,0.0258625
0.372143,-0.884983,0.0464865,0.025,0.0258625
0.339966,-0.903676,0.0765316,0.0125,0.0258625
0.394343,-0.912938,0.0728384,0.0225,0.0258625
0.366105,-0.939739,0.0745992,0.0175,0.0258625
0.334164,-0.937972,0.0364987,0.0175,0.0258625
0.534043,-0.955112,0.109736,0.045,0.0185282
0.562959,-0.975139,0.113318,0.025,0.0185282
0.56793,-0.930157,0.0978447,0.0125,0.0185282
0.551029,-0.948882,0.147038,0.0225,0.0185282
0.533457,-0.922035,0.124921,0.0175,0.0185282
0.518569,-0.938978,0.0805777,0.0175,0.0185282
0.649432,-0.89346,0.10083,0.045,0.0205453
0.683013,-0.888033,0.0911913,0.025,0.0205453
0.663528,-0.859087,0.123902,0.0125,0.0205453
0.674983,-0.913086,0.126921,0.0225,0.0205453
0.641355,-0.89574,0.13625,0.0175,0.0205453
0.619238,-0.872703,0.0981039,0.0175,0.0205453
0.863264,-0.918655,0.126837,0.045,0.00754936
0.868591,-0.950268,0.111928,0.025,0.00754936
0.844307,-0.917117,0.0874571,0.0125,0.00754936
0.897302,-0.917585,0.103192,0.0225,0.00754936
0.871693,-0.888619,0.108082,0.0175,0.00754936
0.832711,-0.900698,0.136533,0.0175,0.00754936
0.888935,-0.827658,0.11939,0.045,0.00163675
0.894221,-0.857066,0.138291,0.025,0.00163675
0.891847,-0.815145,0.161193,0.0125,0.00163675
0.852688,-0.842312,0.13318,0.0225,0.00163675
0.862432,-0.804775,0.129338,0.0175,0.00163675
0.909301,-0.797498,0.114326,0.0175,0.00163675
0.379956,-0.408182,0.160833,0.045,0.199198
0.346678,-0.419493,0.164655,0.025,0.199198
0.375062,-0.441775,0.133264,0.0125,0.199198
0.378617,-0.439144,0.188371,0.0225,0.199198
0.407153,-0.432302,0.162725,0.0175,0.199198
0.398159,-0.394048,0.132218,0.0175,0.199198
0.201789,-0.500102,0.0446882,0.045,0.174328
0.205308,-0.532824,0.0317687,0.025,0.174328
0.239065,-0.500436,0.0218221,0.0125,0.174328
0.225004,-0.522996,0.0702943,0.0225,0.174328
0.229683,-0.485078,0.0626096,0.0175,0.174328
0.198159,-0.467342,0.0284532,0.0175,0.174328
0.416281,-0.732838,0.152901,0.045,0.0814608
0.394175,-0.730725,0.12539,0.025,0.0814608
0.43398,-0.756862,0.120931,0.0125,0.0814608
0.389966,-0.76487,0.153411,0.0225,0.0814608
0.427421,-0.765615,0.16415,0.0175,0.0814608
0.451236,-0.722458,0.157415,0.0175,0.0814608
0.474562,-0.800216,0.142213,0.045,0.0683016
0.47683,-0.767351,0.155048,0.025,0.0683016
0.516515,-0.788401,0.138634,0.0125,0.0683016
0.471042,-0.772719,0.111386,0.0225,0.0683016
0.48869,-0.807411,0.109447,0.0175,0.0683016
0.489764,-0.831982,0.152692,0.0175,0.0683016
0.640207,-0.795139,0.149302,0.045,0.0136039
0.672775,-0.782109,0.153728,0.025,0.0136039
0.641265,-0.777843,0.189455,0.0125,0.0136039
0.664283,-0.823273,0.167947,0.0225,0.0136039
0.62639,-0.817209,0.174739,0.0175,0.0136039
0.607052,-0.779308,0.14896,0.0175,0.0136039
0.722282,-0.716774,0.202579,0.045,0.0183686
0.733137,-0.713326,0.169109,0.025,0.0183686
0.734399,-0.675034,0.197737,0.0125,0.0183686
0.763345,-0.722058,0.200414,0.0225,0.0183686
0.743793,-0.704928,0.229449,0.0175,0.0183686
0.694835,-0.70123,0.221421,0.0175,0.0183686
0.84857,-0.610491,0.12742,0.045,0.0401643
0.847387,-0.629599,0.157144,0.025,0.0401643
0.87475,-0.644935,0.121039,0.0125,0.0401643
0.879835,-0.599705,0.152419,0.0225,0.0401643
0.880963,-0.601436,0.113503,0.0175,0.0401643
0.838868,-0.61798,0.0927824,0.0175,0.0401643
0.94692,-0.386425,0.1947,0.045,0.0328719
0.975293,-0.401956,0.208977,0.025,0.0328719
0.938993,-0.389655,0.237586,0.0125,0.0328719
0.940874,-0.427363,0.197204,0.0225,0.0328719
0.913863,-0.399712,0.202163,0.0175,0.0328719
0.93171,-0.353344,0.199626,0.0175,0.0328719
0.309574,-0.380706,0.113025,0.045,0.262523
0.307404,-0.359468,0.141207,0.025,0.262523
0.281374,-0.348989,0.102476,0.0125,0.262523
0.277644,-0.392094,0.136889,0.0225,0.262523
0.278914,-0.393272,0.0979565,0.0175,0.262523
0.320916,-0.374994,0.0785467,0.0175,0.262523
0.471473,-0.483735,0.223275,0.045,0.26749
0.469173,-0.452742,0.206418,0.025,0.26749
0.512507,-0.469926,0.217112,0.0125,0.26749
0.474324,-0.489655,0.182341,0.0225,0.26749
0.493382,-0.509547,0.209906,0.0175,0.26749
0.485039,-0.493101,0.256112,0.0175,0.26749
0.564701,-0.548452,0.197017,0.045,0.223241
0.572246,-0.552538,0.162718,0.025,0.223241
0.60718,-0.558609,0.194816,0.0125,0.223241
0.56137,-0.588406,0.186466,0.0225,0.223241
0.574392,-0.574541,0.220479,0.0175,0.223241
0.576946,-0.524895,0.222416,0.0175,0.223241
0.616219,-0.624098,0.212067,0.045,0.0621655
0.649631,-0.635243,0.215127,0.025,0.0621655
0.6415,-0.591621,0.197282,0.0125,0.0621655
0.632167,-0.61125,0.248113,0.0225,0.0621655
0.607115,-0.59158,0.225658,0.0175,0.0621655
0.595873,-0.614567,0.182994,0.0175,0.0621655
0.643946,-0.490507,0.196072,0.045,0.0776852
0.656527,-0.522762,0.188907,0.025,0.0776852
0.658758,-0.489159,0.154947,0.0125,0.0776852
0.684673,-0.491819,0.203707,0.0225,0.0776852
0.664861,-0.461481,0.189359,0.0175,0.0776852
0.616638,-0.470775,0.181412,0.0175,0.0776852
0.820841,-0.417298,0.206884,0.045,0.0419437
0.810614,-0.429595,0.238415,0.025,0.0419437
0.791692,-0.448925,0.198972,0.0125,0.0419437
0.843809,-0.450181,0.217368,0.0225,0.0419437
0.831888,-0.440879,0.18145,0.0175,0.0419437
0.802549,-0.400742,0.179658,0.0175,0.0419437
0.869819,-0.34199,0.206249,0.045,0.056338
0.8766,-0.375951,0.213372,0.025,0.056338
0.911416,-0.343761,0.219629,0.0125,0.056338
0.863458,-0.349539,0.246515,0.0225,0.056338
0.877895,-0.316742,0.231195,0.0175,0.056338
0.884072,-0.318494,0.181862,0.0175,0.056338
0.313902,-0.104825,0.198771,0.045,0.131776
0.334285,-0.130269,0.212449,0.025,0.131776
0.325765,-0.130463,0.165387,0.0125,0.131776
0.353821,-0.0939787,0.196014,0.0225,0.131776
0.32593,-0.0861163,0.169956,0.0175,0.131776
0.281621,-0.105718,0.181245,0.0175,0.131776
0.406411,-0.157654,0.209171,0.045,0.0682134
0.433921,-0.174746,0.223351,0.025,0.0682134
0.406778,-0.197538,0.191238,0.0125,0.0682134
0.439686,-0.153588,0.184779,0.0225,0.0682134
0.402713,-0.157078,0.172964,0.0175,0.0682134
0.370231,-0.164002,0.210003,0.0175,0.0682134
0.508586,-0.329931,0.281631,0.045,0.261748
0.486211,-0.348927,0.301343,0.025,0.261748
0.487979,-0.301566,0.30777,0.0125,0.261748
0.471144,-0.330607,0.263845,0.0225,0.261748
0.496096,-0.300672,0.263943,0.0175,0.261748
0.537491,-0.308956,0.290265,0.0175,0.261748
0.551776,-0.233364,0.301332,0.045,0.150027
0.550254,-0.265323,0.286289,0.025,0.150027
0.561793,-0.227673,0.259145,0.0125,0.150027
0.589433,-0.250703,0.30112,0.0225,0.150027
0.581435,-0.212864,0.296326,0.0175,0.150027
0.5328,-0.202415,0.295668,0.0175,0.150027
0.616926,-0.313993,0.184238,0.045,0.142441
0.631791,-0.330546,0.15676,0.025,0.142441
0.635597,-0.282962,0.159723,0.0125,0.142441
0.656726,-0.322156,0.19249,0.0225,0.142441
0.636875,-0.290528,0.20364,0.0175,0.142441
0.590202,-0.28888,0.186496,0.0175,0.142441
0.780169,-0.334084,0.201329,0.045,0.0982084
0.799074,-0.324321,0.229566,0.025,0.0982084
0.819467,-0.322075,0.186361,0.0125,0.0982084
0.777101,-0.29312,0.206929,0.0225,0.0982084
0.778323,-0.311693,0.172689,0.0175,0.0982084
0.784663,-0.360881,0.176597,0.0175,0.0982084
0.862248,-0.161565,0.210282,0.045,0.066767
0.876956,-0.192269,0.200746,0.025,0.066767
0.894195,-0.169457,0.239085,0.0125,0.066767
0.844687,-0.192757,0.231196,0.0225,0.066767
0.851793,-0.156951,0.244842,0.0175,0.066767
0.87559,-0.127413,0.212653,0.0175,0.066767
0.955325,-0.0750799,0.206485,0.045,0.0366076
0.971135,-0.104276,0.218635,0.025,0.0366076
0.965414,-0.0671989,0.248301,0.0125,0.0366076
0.927422,-0.099719,0.224736,0.0225,0.0366076
0.927716,-0.0607545,0.225392,0.0175,0.0366076
0.966962,-0.040454,0.202532,0.0175,0.0366076
0.336202,0.0267887,0.217732,0.045,0.349627
0.360839,0.0471831,0.232801,0.025,0.349627
0.32313,0.0681481,0.212161,0.0125,0.349627
0.325352,0.0355698,0.25677,0.0225,0.349627
0.301228,0.0320108,0.22637,0.0175,0.349627
0.324341,0.0238128,0.183085,0.0175,0.349627
0.301838,0.0556707,0.0453939,0.045,0.0916764
0.30116,0.0367244,0.0752365,0.025,0.0916764
0.336,0.068941,0.0692557,0.0125,0.0916764
0.281532,0.0765163,0.0749213,0.0225,0.0916764
0.304574,0.0919061,0.0475178,0.0175,0.0916764
0.326438,0.0581659,0.0182167,0.0175,0.0916764
0.54788,0.0264797,0.27144,0.045,0.0656267
0.581931,0.022843,0.262648,0.025,0.0656267
0.569369,0.0588475,0.291516,0.0125,0.0656267
0.567659,0.0043009,0.300347,0.0225,0.0656267
0.538962,0.029925,0.306562,0.0175,0.0656267
0.523507,0.0533176,0.265465,0.0175,0.0656267
0.621423,0.0778627,0.278503,0.045,0.0271785
0.645785,0.0883261,0.301891,0.025,0.0271785
0.6365,0.11637,0.264277,0.0125,0.0271785
0.604074,0.102607,0.306884,0.0225,0.0271785
0.594935,0.100966,0.269035,0.0175,0.0271785
0.623347,0.0697334,0.242723,0.0175,0.0271785
0.662156,0.00352097,0.240351,0.045,0.0917065
0.67718,-0.0264301,0.25163,0.025,0.0917065
0.679074,-0.015908,0.205012,0.0125,0.0917065
0.702405,0.00989004,0.247982,0.0225,0.0917065
0.681476,0.0262052,0.219442,0.0175,0.0917065
0.634465,0.010094,0.217113,0.0175,0.0917065
0.762362,0.0500565,0.231913,0.045,0.0469193
0.797666,0.0484513,0.230888,0.025,0.0469193
0.77634,0.0905509,0.22312,0.0125,0.0469193
0.778045,0.0598019,0.269031,0.0225,0.0469193
0.746412,0.0754709,0.252521,0.0175,0.0469193
0.737237,0.058781,0.206562,0.0175,0.0469193
0.894025,0.0914688,0.205164,0.045,0.0186158
0.895622,0.0728851,0.235199,0.025,0.0186158
0.923973,0.111089,0.230277,0.0125,0.0186158
0.868859,0.108236,0.233524,0.0225,0.0186158
0.889765,0.127576,0.206923,0.0175,0.0186158
0.918886,0.0984446,0.179025,0.0175,0.0186158
0.294135,0.201491,0.182612,0.045,0.102304
0.31018,0.176342,0.201588,0.025,0.102304
0.334765,0.198084,0.166798,0.0125,0.102304
0.314914,0.218641,0.214122,0.0225,0.102304
0.310592,0.23369,0.178435,0.0175,0.102304
0.285986,0.204126,0.146882,0.0175,0.102304
0.357881,0.260559,0.244258,0.045,0.114251
0.333032,0.252003,0.267909,0.025,0.114251
0.345233,0.219797,0.234722,0.0125,0.114251
0.375102,0.240667,0.276297,0.0225,0.114251
0.385794,0.237812,0.23893,0.0175,0.114251
0.357143,0.263828,0.207669,0.0175,0.114251
0.442536,0.25264,0.272698,0.045,0.0870043
0.439997,0.268738,0.304073,0.025,0.0870043
0.483023,0.265159,0.283497,0.0125,0.0870043
0.438426,0.293541,0.267316,0.0225,0.0870043
0.460009,0.269466,0.245559,0.0175,0.0870043
0.460354,0.222428,0.261754,0.0175,0.0870043
0.513759,0.311374,0.269648,0.045,0.219945
0.54136,0.29068,0.261907,0.025,0.219945
0.50846,0.298695,0.22813,0.0125,0.219945
0.543794,0.333866,0.252021,0.0225,0.219945
0.505436,0.338847,0.247266,0.0175,0.219945
0.477593,0.304991,0.270793,0.0175,0.219945
0.64577,0.378887,0.137881,0.045,0.0512317
0.672588,0.373617,0.115453,0.025,0.0512317
0.646599,0.335984,0.129447,0.0125,0.0512317
0.631889,0.379597,0.0988229,0.0225,0.0512317
0.612999,0.365283,0.129759,0.0175,0.0512317
0.639281,0.366815,0.171972,0.0175,0.0512317
0.704185,0.300393,0.109388,0.045,0.0244328
0.734868,0.310312,0.0948917,0.025,0.0244328
0.701592,0.343621,0.103298,0.0125,0.0244328
0.730451,0.312788,0.138972,0.0225,0.0244328
0.691863,0.318232,0.138628,0.0175,0.0244328
0.669508,0.301819,0.0973263,0.0175,0.0244328
0.862795,0.236328,0.193795,0.045,0.0184977
0.849434,0.204262,0.187219,0.025,0.0184977
0.892259,0.207438,0.208278,0.0125,0.0184977
0.842478,0.222365,0.227127,0.0225,0.0184977
0.874968,0.243884,0.227257,0.0175,0.0184977
0.893056,0.253445,0.18191,0.0175,0.0184977
0.955492,0.212614,0.144529,0.045,0.00802178
0.959297,0.235398,0.171295,0.025,0.00802178
0.984727,0.242367,0.131393,0.0125,0.00802178
0.930073,0.244945,0.139302,0.0225,0.00802178
0.948756,0.225507,0.111162,0.0175,0.00802178
0.979003,0.189756,0.127954,0.0175,0.00802178
0.320464,0.470464,0.132515,0.045,0.197949
0.343395,0.468432,0.105681,0.025,0.197949
0.296601,0.469699,0.0958755,0.0125,0.197949
0.329012,0.508462,0.118308,0.0225,0.197949
0.294602,0.496068,0.131767,0.0175,0.197949
0.293909,0.447887,0.14414,0.0175,0.197949
0.384649,0.507399,0.189561,0.045,0.126248
0.394987,0.476196,0.202582,0.025,0.126248
0.392828,0.481716,0.155122,0.0125,0.126248
0.426015,0.506099,0.192006,0.0225,0.126248
0.405092,0.52361,0.164178,0.0175,0.126248
0.355966,0.517291,0.168838,0.0175,0.126248
0.447413,0.575466,0.173873,0.045,0.0892584
0.455202,0.542054,0.182414,0.025,0.0892584
0.415737,0.550621,0.15679,0.0125,0.0892584
0.468856,0.557656,0.143185,0.0225,0.0892584
0.440038,0.58358,0.139163,0.0175,0.0892584
0.41889,0.597111,0.182113,0.0175,0.0892584
0.515486,0.603539,0.122837,0.045,0.0203191
0.543938,0.584861,0.132407,0.025,0.0203191
0.548725,0.61831,0.0985578,0.0125,0.0203191
0.536539,0.623881,0.152193,0.0225,0.0203191
0.517614,0.63987,0.122111,0.0175,0.0203191
0.497543,0.606705,0.0909307,0.0175,0.0203191
0.622788,0.529639,0.134396,0.045,0.00761491
0.639102,0.556873,0.149958,0.025,0.00761491
0.647651,0.512679,0.166124,0.0125,0.00761491
0.660112,0.535413,0.117297,0.0225,0.00761491
0.642571,0.501145,0.123362,0.0175,0.00761491
0.598879,0.504693,0.146888,0.0175,0.00761491
0.833431,0.428798,0.153301,0.045,0.00515512
0.832551,0.424462,0.188379,0.025,0.00515512
0.871145,0.444717,0.168687,0.0125,0.00515512
0.819122,0.463216,0.17145,0.0225,0.00515512
0.841713,0.461546,0.139739,0.0175,0.00515512
0.855655,0.415449,0.127264,0.0175,0.00515512
0.919782,0.424164,0.131176,0.045,0.00294701
0.951779,0.434564,0.142039,0.025,0.00294701
0.929029,0.460791,0.109144,0.0125,0.00294701
0.916018,0.451549,0.162073,0.0225,0.00294701
0.892423,0.448174,0.131241,0.0175,0.00294701
0.906951,0.413797,0.0983444,0.0175,0.00294701
0.306838,0.548961,0.206514,0.045,0.14721
0.329956,0.569911,0.189883,0.025,0.14721
0.283267,0.575953,0.181448,0.0125,0.14721
0.312062,0.584068,0.227937,0.0225,0.14721
0.278827,0.564065,0.224185,0.0175,0.14721
0.28233,0.524494,0.194238,0.0175,0.14721
0.263364,0.779099,0.127863,0.045,0.146734
0.271911,0.751971,0.106861,0.025,0.146734
0.279217,0.747776,0.153941,0.0125,0.146734
0.231813,0.752279,0.125856,0.0225,0.146734
0.242561,0.772953,0.157094,0.0175,0.146734
0.28338,0.800501,0.150028,0.0175,0.146734
0.370064,0.763244,0.087923,0.045,0.119471
0.388411,0.768531,0.0581668,0.025,0.119471
0.396988,0.729037,0.0837432,0.0125,0.119471
0.351449,0.74406,0.0562338,0.0225,0.119471
0.353433,0.731264,0.0929908,0.0175,0.119471
0.380258,0.760391,0.123107,0.0175,0.119471
0.451218,0.774318,0.124419,0.045,0.102952
0.48341,0.781323,0.137247,0.025,0.102952
0.465998,0.80911,0.10243,0.0125,0.102952
0.44858,0.802718,0.154507,0.0225,0.102952
0.426825,0.801246,0.122206,0.0175,0.102952
0.439469,0.76464,0.0909781,0.0175,0.102952
0.645312,0.777274,0.138372,0.045,0.00852301
0.668089,0.764779,0.162353,0.025,0.00852301
0.649698,0.73454,0.130184,0.0125,0.00852301
0.683743,0.77747,0.122823,0.0225,0.00852301
0.650942,0.769974,0.103159,0.0175,0.00852301
0.610027,0.769713,0.131459,0.0175,0.00852301
0.794923,0.777737,0.118587,0.045,0.0546336
0.762341,0.78426,0.130665,0.025,0.0546336
0.770652,0.742884,0.10816,0.0125,0.0546336
0.790319,0.76138,0.156403,0.0225,0.0546336
0.81091,0.746144,0.127032,0.0175,0.0546336
0.808128,0.772209,0.0847488,0.0175,0.0546336
0.880903,0.751696,0.121978,0.045,0.0161104
0.851537,0.73708,0.135169,0.025,0.0161104
0.890521,0.739275,0.162791,0.0125,0.0161104
0.859085,0.78013,0.142816,0.0225,0.0161104
0.897934,0.777535,0.141142,0.0175,0.0161104
0.914476,0.738251,0.115488,0.0175,0.0161104
0.951634,0.507455,0.133814,0.045,0.0049136
0.91791,0.51041,0.144007,0.025,0.0049136
0.948348,0.545695,0.154776,0.0125,0.0049136
0.930094,0.528672,0.105448,0.0225,0.0049136
0.967131,0.535016,0.11578,0.0175,0.0049136
0.983124,0.505711,0.152664,0.0175,0.0049136
-0.0364552,0.946279,0.0447121,0.045,0.0373264
-0.0102335,0.923086,0.0496644,0.025,0.0373264
-0.0078321,0.952857,0.0123092,0.0125,0.0373264
-0.00587513,0.963933,0.0664365,0.0225,0.0373264
-0.0282881,0.981405,0.0397696,0.0175,0.0373264
-0.0605846,0.950891,0.01739,0.0175,0.0373264
0.0572205,0.941866,0.0450115,0.045,0.052153
0.0460371,0.967768,0.0663194,0.025,0.052153
0.0929026,0.963762,0.0576545,0.0125,0.052153
0.0516328,0.976687,0.0232161,0.0225,0.052153
0.0794892,0.950059,0.0174076,0.0175,0.052153
0.079258,0.913002,0.0506,0.0175,0.052153
0.241324,0.955378,0.0448875,0.045,0.00850791
0.274165,0.967175,0.0505706,0.025,0.00850791
0.25824,0.9302,0.0763906,0.0125,0.00850791
0.268302,0.933619,0.0221384,0.0225,0.00850791
0.236062,0.919822,0.0391356,0.0175,0.00850791
0.211634,0.953472,0.0664483,0.0175,0.00850791
0.446587,0.952029,0.0448275,0.045,0.0280387
0.453179,0.921886,0.0620881,0.025,0.0280387
0.452067,0.92122,0.0142778,0.0125,0.0280387
0.48751,0.946437,0.0483975,0.0225,0.0280387
0.468962,0.962306,0.0180185,0.0175,0.0280387
0.419398,0.962217,0.0223108,0.0175,0.0280387
0.667651,0.948579,0.0512037,0.045,0.0174296
0.692771,0.93168,0.0329444,0.025,0.0174296
0.650461,0.939451,0.0120417,0.0125,0.0174296
0.689019,0.975633,0.028177,0.0225,0.0174296
0.650862,0.977061,0.0359753,0.0175,0.0174296
0.634201,0.938418,0.0625101,0.0175,0.0174296
0.810964,0.946589,0.0445499,0.045,0.00828359
0.811951,0.975557,0.0647962,0.025,0.00828359
0.814573,0.98061,0.0173083,0.0125,0.00828359
0.772822,0.962325,0.0485934,0.0225,0.00828359
0.787464,0.945221,0.0167846,0.0175,0.00828359
0.835198,0.931904,0.0211614,0.0175,0.00828359
0.941905,0.818718,0.119052,0.045,0.009797
0.975476,0.821866,0.129684,0.025,0.009797
0.949117,0.78597,0.147125,0.0125,0.009797
0.966489,0.795115,0.0954446,0.0225,0.009797
0.930201,0.786517,0.106759,0.0175,0.009797
0.909963,0.820318,0.137139,0.0175,0.009797
0.0939026,-0.670834,0.0448198,0.045,0.0193302
0.101004,-0.642249,0.0643779,0.025,0.0193302
0.0593455,-0.664812,0.0709358,0.0125,0.0193302
0.110858,-0.682236,0.0808929,0.0225,0.0193302
0.0830398,-0.701355,0.0614156,0.0175,0.0193302
0.0675617,-0.678092,0.0202542,0.0175,0.0193302
0.0181532,-0.955042,0.0448637,0.045,0.0338331
0.0406968,-0.973513,0.0248485,0.025,0.0338331
0.048977,-0.926918,0.0317694,0.0125,0.0338331
0.0497353,-0.968654,0.0680161,0.0225,0.0338331
0.031259,-0.934568,0.0719572,0.0175,0.0338331
-0.00373879,-0.926456,0.0375428,0.0175,0.0338331
0.272009,-0.955532,0.0445356,0.045,0.00943639
0.245555,-0.972306,0.0609315,0.025,0.00943639
0.278373,-0.949741,0.0874129,0.0125,0.00943639
0.241081,-0.929024,0.0522513,0.0225,0.00943639
0.279192,-0.92096,0.0533764,0.0175,0.00943639
0.308433,-0.960333,0.045025,0.0175,0.00943639
0.426459,-0.95526,0.129108,0.045,0.0112248
0.400799,-0.952806,0.104911,0.025,0.0112248
0.388881,-0.963013,0.150091,0.0125,0.0112248
0.410799,-0.916875,0.128945,0.0225,0.0112248
0.423312,-0.936548,0.160172,0.0175,0.0112248
0.437991,-0.98303,0.150224,0.0175,0.0112248
0.618669,-0.955486,0.157782,0.045,0.016055
0.588504,-0.958344,0.176001,0.025,0.016055
0.628408,-0.977102,0.19453,0.0125,0.016055
0.615471,-0.924235,0.184835,0.0225,0.016055
0.648286,-0.942565,0.17454,0.0175,0.016055
0.641235,-0.980541,0.143186,0.0175,0.016055
0.804911,-0.951757,0.0487261,0.045,0.0052539
0.780517,-0.97502,0.0593953,0.025,0.0052539
0.809561,-0.987076,0.0233592,0.0125,0.0052539
0.821346,-0.977722,0.0765557,0.0225,0.0052539
0.839507,-0.962622,0.0455571,0.0175,0.0052539
0.810305,-0.93446,0.016762,0.0175,0.0052539
0.95573,-0.871395,0.168526,0.045,0.00511117
0.945107,-0.891179,0.195834,0.025,0.00511117
0.919608,-0.892251,0.155385,0.0125,0.00511117
0.971157,-0.909721,0.16507,0.0225,0.00511117
0.959293,-0.886905,0.135788,0.0175,0.00511117
0.939945,-0.843512,0.150544,0.0175,0.00511117
0.953823,-0.757015,0.135237,0.045,0.00605566
0.952358,-0.738023,0.165022,0.025,0.00605566
0.960847,-0.71541,0.123741,0.0125,0.00605566
0.915507,-0.74214,0.140653,0.0225,0.00605566
0.933938,-0.746549,0.1066,0.0175,0.00605566
0.980735,-0.76287,0.110917,0.0175,0.00605566
0.0787773,-0.631886,0.132001,0.045,0.0930069
0.101794,-0.612903,0.150972,0.025,0.0930069
0.110545,-0.659414,0.144065,0.0125,0.0930069
0.109195,-0.617957,0.107516,0.0225,0.0930069
0.09113,-0.652361,0.104557,0.0175,0.0930069
0.0576562,-0.660756,0.140391,0.0175,0.0930069
0.188271,-0.699196,0.0562973,0.045,0.046642
0.174212,-0.7275,0.0721482,0.025,0.046642
0.145216,-0.691917,0.05871,0.0125,0.046642
0.175393,-0.726421,0.0278064,0.0225,0.046642
0.173958,-0.687584,0.0249074,0.0175,0.046642
0.189572,-0.663688,0.0656529,0.0175,0.046642
0.376472,-0.860465,0.111121,0.045,0.026365
0.348569,-0.88185,0.114876,0.025,0.026365
0.366603,-0.860566,0.153725,0.0125,0.026365
0.341429,-0.838352,0.109804,0.0225,0.026365
0.375234,-0.827084,0.125584,0.0175,0.026365
0.410726,-0.861923,0.124334,0.0175,0.026365
0.574657,-0.875955,0.154592,0.045,0.0377801
0.576096,-0.905498,0.135224,0.025,0.0377801
0.580159,-0.908957,0.182753,0.0125,0.0377801
0.536983,-0.893077,0.152095,0.0225,0.0377801
0.551877,-0.874496,0.182945,0.0175,0.0377801
0.598991,-0.859735,0.176835,0.0175,0.0377801
0.775188,-0.85932,0.2082,0.045,0.0129494
0.75195,-0.833453,0.201806,0.025,0.0129494
0.739514,-0.878525,0.191737,0.0125,0.0129494
0.749749,-0.85483,0.240625,0.0225,0.0129494
0.764479,-0.888373,0.227336,0.0175,0.0129494
0.792027,-0.883457,0.186202,0.0175,0.0129494
0.836136,-0.79732,0.185358,0.045,0.00577287
0.816953,-0.80661,0.15715,0.025,0.00577287
0.794195,-0.792676,0.196841,0.0125,0.00577287
0.826848,-0.76374,0.16289,0.0225,0.00577287
0.829238,-0.765558,0.201745,0.0175,0.00577287
0.838533,-0.811166,0.219307,0.0175,0.00577287
0.952351,-0.577762,0.136091,0.045,0.020862
0.975071,-0.563819,0.159316,0.025,0.020862
0.928717,-0.565877,0.170915,0.0125,0.020862
0.964912,-0.606869,0.162806,0.0225,0.020862
0.929326,-0.603653,0.147249,0.0175,0.020862
0.923515,-0.563699,0.118183,0.0175,0.020862
0.218779,-0.358476,0.121302,0.045,0.35006
0.236193,-0.387586,0.111337,0.025,0.35006
0.26076,-0.34696,0.117122,0.0125,0.35006
0.234237,-0.377792,0.154568,0.0225,0.35006
0.231212,-0.339256,0.149604,0.0175,0.35006
0.213594,-0.325947,0.105023,0.0175,0.35006
0.387728,-0.539186,0.202551,0.045,0.14415
0.372355,-0.50794,0.208662,0.025,0.14415
0.366454,-0.543085,0.240561,0.0125,0.14415
0.412323,-0.515726,0.226287,0.0225,0.14415
0.407934,-0.554371,0.228746,0.0175,0.14415
0.374065,-0.572898,0.197366,0.0175,0.14415
0.358758,-0.668021,0.175817,0.045,0.146799
0.336463,-0.666473,0.148421,0.025,0.146799
0.33222,-0.63409,0.183362,0.0125,0.146799
0.373319,-0.641796,0.1472,0.0225,0.146799
0.376569,-0.637899,0.185839,0.0175,0.146799
0.35346,-0.673526,0.211757,0.0175,0.146799
0.521179,-0.705967,0.187763,0.045,0.0948137
0.51296,-0.735965,0.170953,0.025,0.0948137
0.513232,-0.735755,0.218779,0.0125,0.0948137
0.480047,-0.709014,0.183567,0.0225,0.0948137
0.499063,-0.69376,0.213971,0.0175,0.0948137
0.548585,-0.697086,0.210568,0.0175,0.0948137
0.627093,-0.722029,0.201797,0.045,0.0649884
0.592184,-0.727138,0.204081,0.025,0.0649884
0.621111,-0.765207,0.205311,0.0125,0.0649884
0.615643,-0.723862,0.2416,0.0225,0.0649884
0.64888,-0.737512,0.226509,0.0175,0.0649884
0.652106,-0.732715,0.177096,0.0175,0.0649884
0.788637,-0.573323,0.183069,0.045,0.054922
0.760942,-0.59179,0.171153,0.025,0.054922
0.799687,-0.615529,0.186079,0.0125,0.054922
0.764244,-0.584262,0.214756,0.0225,0.054922
0.803148,-0.582035,0.215296,0.0175,0.054922
0.823334,-0.570406,0.171338,0.0175,0.054922
0.941429,-0.503221,0.194846,0.045,0.0228846
0.975605,-0.498788,0.186951,0.025,0.0228846
0.950167,-0.460823,0.201059,0.0125,0.0228846
0.964391,-0.506211,0.229234,0.0225,0.0228846
0.928818,-0.490525,0.226544,0.0175,0.0228846
0.910664,-0.489433,0.180238,0.0175,0.0228846
0.955032,-0.327108,0.26584,0.045,0.0272441
0.974512,-0.350622,0.248017,0.025,0.0272441
0.984224,-0.343051,0.294233,0.0125,0.0272441
0.939303,-0.365147,0.270778,0.0225,0.0272441
0.940199,-0.336895,0.297607,0.0175,0.0272441
0.96357,-0.29559,0.282684,0.0175,0.0272441
0.362502,-0.327524,0.195375,0.045,0.646286
0.388619,-0.348092,0.207412,0.025,0.646286
0.38488,-0.303483,0.22425,0.0125,0.646286
0.350638,-0.346463,0.230294,0.0225,0.646286
0.341107,-0.310317,0.219275,0.0175,0.646286
0.362526,-0.295841,0.17677,0.0175,0.646286
0.442564,-0.390514,0.223149,0.045,0.30791
0.417107,-0.413941,0.23044,0.025,0.30791
0.462761,-0.427641,0.234382,0.0125,0.30791
0.434439,-0.390378,0.263803,0.0225,0.30791
0.469376,-0.385472,0.247247,0.0175,0.30791
0.469051,-0.389868,0.197693,0.0175,0.30791
0.547395,-0.503752,0.273004,0.045,0.116047
0.529375,-0.474614,0.264272,0.025,0.116047
0.511369,-0.503587,0.297795,0.0125,0.116047
0.557263,-0.472779,0.298734,0.0225,0.116047
0.554186,-0.510476,0.308127,0.0175,0.116047
0.53931,-0.539511,0.270568,0.0175,0.116047
0.623779,-0.453096,0.276911,0.045,0.107511
0.626535,-0.4764,0.303356,0.025,0.107511
0.665095,-0.450908,0.291078,0.0125,0.107511
0.61729,-0.434135,0.313203,0.0225,0.107511
0.635302,-0.418968,0.28215,0.0175,0.107511
0.64032,-0.450727,0.244188,0.0175,0.107511
0.732128,-0.430615,0.199943,0.045,0.0976464
0.697684,-0.438086,0.202738,0.025,0.0976464
0.729477,-0.46964,0.219501,0.0125,0.0976464
0.717981,-0.418464,0.236969,0.0225,0.0976464
0.753245,-0.433265,0.229473,0.0175,0.0976464
0.759678,-0.447173,0.182143,0.0175,0.0976464
0.837276,-0.26405,0.236266,0.045,0.097087
0.831398,-0.233136,0.252384,0.025,0.097087
0.874692,-0.25312,0.256091,0.0125,0.097087
0.848898,-0.232812,0.211611,0.0225,0.097087
0.866405,-0.26749,0.214711,0.0175,0.097087
0.846235,-0.297313,0.249045,0.0175,0.097087
0.955442,-0.220789,0.279035,0.045,0.0201466
0.940492,-0.212948,0.310099,0.025,0.0201466
0.927912,-0.187654,0.271506,0.0125,0.0201466
0.919504,-0.241081,0.282956,0.0225,0.0201466
0.93413,-0.226225,0.250031,0.0175,0.0201466
0.976805,-0.201424,0.25626,0.0175,0.0201466
0.294184,-0.100322,0.300256,0.045,0.867852
0.311955,-0.130868,0.301308,0.025,0.867852
0.331037,-0.09244,0.322442,0.0125,0.867852
0.285266,-0.120673,0.335257,0.0225,0.867852
0.288584,-0.0820516,0.331237,0.0175,0.867852
0.302106,-0.0675724,0.285603,0.0175,0.867852
0.47396,-0.196584,0.27604,0.045,0.173595
0.454511,-0.168994,0.286555,0.025,0.173595
0.432127,-0.208323,0.271074,0.0125,0.173595
0.463585,-0.20098,0.315937,0.0225,0.173595
0.466661,-0.229558,0.28962,0.0175,0.173595
0.477218,-0.213667,0.243674,0.0175,0.173595
0.424699,0.01336,0.218336,0.045,0.121615
0.441907,-0.0136876,0.233246,0.025,0.121615
0.458469,0.0306573,0.240082,0.0125,0.121615
0.411175,0.00764244,0.257107,0.0225,0.121615
0.415336,0.0418689,0.238941,0.0175,0.121615
0.434737,0.0382801,0.193272,0.0175,0.121615
0.579468,-0.147302,0.285459,0.045,0.131592
0.551948,-0.127123,0.276215,0.025,0.131592
0.566858,-0.126239,0.321651,0.0125,0.131592
0.59252,-0.109167,0.275756,0.0225,0.131592
0.607179,-0.13218,0.303582,0.0175,0.131592
0.582849,-0.175222,0.309102,0.0175,0.131592
0.636079,-0.140849,0.208253,0.045,0.0906626
0.603699,-0.148731,0.220061,0.025,0.0906626
0.640355,-0.176479,0.233248,0.0125,0.0906626
0.62999,-0.123562,0.245439,0.0225,0.0906626
0.663474,-0.138378,0.232094,0.0175,0.0906626
0.659834,-0.159186,0.187052,0.0175,0.0906626
0.774816,-0.0663338,0.292337,0.045,0.0398713
0.744093,-0.0564316,0.306762,0.025,0.0398713
0.783938,-0.0530849,0.333004,0.0125,0.0398713
0.769344,-0.0255429,0.287345,0.0225,0.0398713
0.803226,-0.0436342,0.293938,0.0175,0.0398713
0.798896,-0.0926814,0.301052,0.0175,0.0398713
0.844677,0.0605431,0.28122,0.045,0.041854
0.876802,0.0495622,0.291089,0.025,0.041854
0.869606,0.096347,0.284241,0.0125,0.041854
0.848269,0.0625921,0.322471,0.0225,0.041854
0.828752,0.0875243,0.299751,0.0175,0.041854
0.832583,0.0777877,0.251115,0.0175,0.041854
0.951189,-0.0151596,0.273243,0.045,0.0239927
0.975031,-0.0224248,0.248168,0.025,0.0239927
0.987207,0.00742461,0.283499,0.0125,0.0239927
0.975389,-0.0465471,0.285407,0.0225,0.0239927
0.960715,-0.018557,0.30821,0.0175,0.0239927
0.934889,0.0161042,0.283581,0.0175,0.0239927
0.368883,0.227661,0.343307,0.045,0.447405
0.389552,0.199974,0.335808,0.025,0.447405
0.409191,0.238392,0.356445,0.0125,0.447405
0.371838,0.202849,0.376388,0.0225,0.447405
0.3697,0.241759,0.376856,0.0175,0.447405
0.368991,0.262503,0.331644,0.0175,0.447405
0.424577,0.231281,0.41425,0.045,0.421496
0.446036,0.229466,0.386211,0.025,0.421496
0.405094,0.204753,0.385454,0.0125,0.421496
0.413304,0.259421,0.38597,0.0225,0.421496
0.389405,0.239127,0.409115,0.0175,0.421496
0.412607,0.205874,0.437941,0.0175,0.421496
0.522795,0.227126,0.303335,0.045,0.0754646
0.513538,0.194035,0.31166,0.025,0.0754646
0.479634,0.227744,0.310354,0.0125,0.0754646
0.510316,0.206954,0.269334,0.0225,0.0754646
0.504331,0.244629,0.277302,0.0175,0.0754646
0.521065,0.258741,0.321976,0.0175,0.0754646
0.624651,0.301419,0.205243,0.045,0.0340298
0.62855,0.322416,0.177066,0.025,0.0340298
0.592375,0.330864,0.207192,0.0125,0.0340298
0.646883,0.334874,0.215504,0.0225,0.0340298
0.621042,0.31651,0.238171,0.0175,0.0340298
0.597662,0.278785,0.215695,0.0175,0.0340298
0.66726,0.223767,0.193848,0.045,0.0170906
0.701816,0.21843,0.188612,0.025,0.0170906
0.684603,0.262896,0.184865,0.0125,0.0170906
0.688046,0.230011,0.229171,0.0225,0.0170906
0.656703,0.249747,0.217055,0.0175,0.0170906
0.640561,0.236325,0.171952,0.0175,0.0170906
0.779,0.207776,0.206259,0.045,0.0207713
0.786416,0.205578,0.240758,0.025,0.0207713
0.81995,0.192707,0.209177,0.0125,0.0207713
0.79788,0.242452,0.218903,0.0225,0.0207713
0.802222,0.225144,0.184257,0.0175,0.0207713
0.777073,0.182463,0.179697,0.0175,0.0207713
0.951889,0.159416,0.216805,0.045,0.0262401
0.974624,0.149622,0.191562,0.025,0.0262401
0.987744,0.183847,0.222287,0.0125,0.0262401
0.977527,0.130284,0.231392,0.0225,0.0262401
0.963261,0.160555,0.251365,0.0175,0.0262401
0.935279,0.191365,0.224112,0.0175,0.0262401
0.332867,0.346103,0.251134,0.045,0.13702
0.308994,0.324262,0.265385,0.025,0.13702
0.304964,0.371211,0.273572,0.0125,0.13702
0.299839,0.343079,0.226259,0.0225,0.13702
0.321332,0.375025,0.23228,0.0175,0.13702
0.35741,0.369045,0.266009,0.0175,0.13702
0.389091,0.420655,0.245067,0.045,0.574627
0.388276,0.385613,0.240441,0.025,0.574627
0.371561,0.403781,0.281404,0.0125,0.574627
0.352233,0.409247,0.229899,0.0225,0.574627
0.358762,0.437807,0.255599,0.0175,0.574627
0.406347,0.441999,0.269494,0.0175,0.574627
0.464529,0.465366,0.261672,0.045,0.488029
0.43153,0.475367,0.269484,0.025,0.488029
0.461145,0.507293,0.249706,0.0125,0.488029
0.440127,0.460778,0.228472,0.0225,0.488029
0.477509,0.47179,0.228277,0.0175,0.488029
0.497339,0.476794,0.273628,0.0175,0.488029
0.510087,0.536883,0.234057,0.045,0.11413
0.494227,0.534594,0.265573,0.025,0.11413
0.473022,0.514571,0.227666,0.0125,0.11413
0.520547,0.50131,0.252602,0.0225,0.11413
0.514838,0.506607,0.214417,0.0175,0.11413
0.500045,0.552555,0.202378,0.0175,0.11413
0.568573,0.479377,0.197669,0.045,0.123866
0.589399,0.507344,0.191829,0.025,0.123866
0.580565,0.477319,0.155663,0.0125,0.123866
0.54609,0.510905,0.182862,0.0225,0.123866
0.540684,0.473091,0.175136,0.0175,0.123866
0.57464,0.443186,0.195818,0.0175,0.123866
0.784421,0.497123,0.122666,0.045,0.00382016
0.772843,0.495062,0.156008,0.025,0.00382016
0.818338,0.507589,0.148213,0.0125,0.00382016
0.771689,0.534416,0.135546,0.0225,0.00382016
0.801742,0.527237,0.111798,0.0175,0.00382016
0.810496,0.478833,0.104348,0.0175,0.00382016
0.882623,0.358493,0.179737,0.045,0.00159824
0.884345,0.328043,0.197621,0.025,0.00159824
0.922571,0.342192,0.172599,0.0125,0.00159824
0.899169,0.365004,0.217188,0.0225,0.00159824
0.909091,0.383093,0.184127,0.0175,0.00159824
0.885054,0.366332,0.143923,0.0175,0.00159824
0.946458,0.296725,0.201318,0.045,0.00712254
0.92357,0.281786,0.178891,0.025,0.00712254
0.952613,0.253531,0.204301,0.0125,0.00712254
0.911644,0.286493,0.221369,0.0225,0.00712254
0.94785,0.284828,0.235691,0.0175,0.00712254
0.983171,0.296849,0.202783,0.0175,0.00712254
0.285787,0.593884,0.124165,0.045,0.0386592
0.311969,0.583282,0.145427,0.025,0.0386592
0.322842,0.598469,0.101397,0.0125,0.0386592
0.301815,0.626458,0.144184,0.0225,0.0386592
0.288463,0.626172,0.107572,0.0175,0.0386592
0.27355,0.58139,0.0918509,0.0175,0.0386592
0.273211,0.689887,0.138275,0.045,0.143343
0.264312,0.702557,0.10649,0.025,0.143343
0.297228,0.667952,0.109043,0.0125,0.143343
0.243398,0.666435,0.121544,0.0225,0.143343
0.272924,0.65389,0.14367,0.0175,0.143343
0.304927,0.689636,0.156824,0.0175,0.143343
0.489536,0.693653,0.133782,0.045,0.0733686
0.514539,0.68619,0.109926,0.025,0.0733686
0.469032,0.675752,0.0995535,0.0125,0.0733686
0.493168,0.724952,0.106839,0.0225,0.0733686
0.460152,0.712414,0.123314,0.0175,0.0733686
0.46598,0.672473,0.152397,0.0175,0.0733686
0.559866,0.743308,0.159515,0.045,0.065324
0.582929,0.738968,0.185959,0.025,0.065324
0.597265,0.729895,0.141242,0.0125,0.065324
0.582344,0.777788,0.164478,0.0225,0.065324
0.569614,0.763222,0.130647,0.0175,0.065324
0.545547,0.719907,0.135074,0.0175,0.065324
0.733512,0.74068,0.18635,0.045,0.0391348
0.738718,0.765455,0.21103,0.025,0.0391348
0.776664,0.747572,0.188055,0.0125,0.0391348
0.734885,0.778164,0.168691,0.0225,0.0391348
0.748604,0.744997,0.153508,0.0175,0.0391348
0.744418,0.705692,0.183717,0.0175,0.0391348
0.78019,0.68053,0.13258,0.045,0.0300025
0.796071,0.707729,0.148641,0.025,0.0300025
0.813072,0.663624,0.155934,0.0125,0.0300025
0.812061,0.693842,0.109652,0.0225,0.0300025
0.800428,0.656871,0.11372,0.0175,0.0300025
0.762635,0.650963,0.145528,0.0175,0.0300025
0.848825,0.576422,0.128746,0.045,0.0255304
0.842653,0.54338,0.117784,0.025,0.0255304
0.883276,0.56481,0.104441,0.0125,0.0255304
0.866415,0.549369,0.154775,0.0225,0.0255304
0.880704,0.584148,0.144527,0.0175,0.0255304
0.853252,0.608084,0.110638,0.0175,0.0255304
0.177011,0.639192,0.154067,0.045,0.1497
0.167975,0.657987,0.125517,0.025,0.1497
0.133303,0.640494,0.153434,0.0125,0.1497
0.171467,0.678937,0.164474,0.0225,0.1497
0.162506,0.647915,0.186293,0.0175,0.1497
0.170685,0.604321,0.163762,0.0175,0.1497
0.117632,0.951719,0.12702,0.045,0.0817628
0.0825741,0.955976,0.128702,0.025,0.0817628
0.103011,0.922567,0.156156,0.0125,0.0817628
0.107995,0.977597,0.157943,0.0225,0.0817628
0.136911,0.951469,0.157895,0.0175,0.0817628
0.138659,0.923339,0.116899,0.0175,0.0817628
0.274428,0.871057,0.0448875,0.045,0.0179745
0.257968,0.847197,0.0651308,0.025,0.0179745
0.2434,0.892722,0.0668045,0.0125,0.0179745
0.241021,0.856423,0.0251752,0.0225,0.0179745
0.254556,0.892936,0.023642,0.0175,0.0179745
0.293896,0.901152,0.052965,0.0175,0.0179745
0.475566,0.860692,0.125606,0.045,0.108218
0.48214,0.836851,0.150872,0.025,0.108218
0.5176,0.849406,0.121334,0.0125,0.108218
0.490882,0.879547,0.159201,0.0225,0.108218
0.497768,0.889325,0.12211,0.0175,0.108218
0.476693,0.858833,0.0889276,0.0175,0.108218
0.692566,0.867045,0.116817,0.045,0.0598953
0.718545,0.886843,0.130351,0.025,0.0598953
0.680682,0.908726,0.110986,0.0125,0.0598953
0.683801,0.876941,0.156111,0.0225,0.0598953
0.658219,0.873657,0.126896,0.0175,0.0598953
0.679054,0.863832,0.0828011,0.0175,0.0598953
0.868349,0.89255,0.086257,0.045,0.00332137
0.891501,0.905607,0.10957,0.025,0.00332137
0.900468,0.863063,0.0896417,0.0125,0.00332137
0.898326,0.913171,0.0663853,0.0225,0.00332137
0.880454,0.880835,0.0539888,0.0175,0.00332137
0.847543,0.862266,0.0863476,0.0175,0.00332137
0.94363,0.868413,0.0445461,0.045,0.00480902
0.975574,0.867917,0.05969,0.025,0.00480902
0.972701,0.873572,0.0122847,0.0125,0.00480902
0.955923,0.907115,0.0529005,0.0225,0.00480902
0.935205,0.895671,0.0219402,0.0175,0.00480902
0.927678,0.846545,0.0197003,0.0175,0.00480902
0.943206,0.602503,0.120036,0.045,0.00404082
0.970726,0.606292,0.141906,0.025,0.00404082
0.960965,0.562797,0.124572,0.0125,0.00404082
0.977949,0.608305,0.0981733,0.0225,0.00404082
0.948065,0.585313,0.0883204,0.0175,0.00404082
0.912051,0.583191,0.122576,0.0175,0.00404082
0.185215,-0.797923,0.132013,0.045,0.56995
0.179405,-0.821718,0.106518,0.025,0.56995
0.169758,-0.77572,0.0976535,0.0125,0.56995
0.218308,-0.800391,0.107164,0.0225,0.56995
0.204687,-0.768151,0.124303,0.0175,0.56995
0.162815,-0.775197,0.150227,0.0175,0.56995
0.175344,-0.888129,0.0807514,0.045,0.0701391
0.203029,-0.904731,0.0663316,0.025,0.0701391
0.166488,-0.930913,0.0826652,0.0125,0.0701391
0.168225,-0.895175,0.0405217,0.0225,0.0701391
0.141822,-0.896318,0.0691635,0.0175,0.0701391
0.160872,-0.888883,0.114516,0.0175,0.0701391
0.326544,-0.955298,0.119883,0.045,0.0336482
0.349846,-0.974885,0.137865,0.025,0.0336482
0.348974,-0.927641,0.145269,0.0125,0.0336482
0.310703,-0.965861,0.15671,0.0225,0.0336482
0.305203,-0.932084,0.138066,0.0175,0.0336482
0.330653,-0.928118,0.0955036,0.0175,0.0336482
0.501778,-0.947919,0.193043,0.045,0.0561874
0.504565,-0.975254,0.170794,0.025,0.0561874
0.519705,-0.980651,0.21584,0.0125,0.0561874
0.468547,-0.972457,0.196555,0.0225,0.0561874
0.486046,-0.953048,0.225465,0.0175,0.0561874
0.526837,-0.928288,0.211392,0.0175,0.0561874
0.673731,-0.885653,0.191561,0.045,0.076051
0.671696,-0.90901,0.218025,0.025,0.076051
0.714861,-0.896669,0.201534,0.0125,0.076051
0.677128,-0.86611,0.227965,0.0225,0.076051
0.695789,-0.856904,0.195014,0.0175,0.076051
0.686841,-0.888122,0.157326,0.0175,0.076051
0.924871,-0.95567,0.180087,0.045,0.00627396
0.925808,-0.975231,0.150651,0.025,0.00627396
0.883667,-0.958324,0.165677,0.0125,0.00627396
0.927932,-0.931074,0.146855,0.0225,0.00627396
0.907873,-0.92349,0.179395,0.0175,0.00627396
0.908375,-0.960579,0.212549,0.0175,0.00627396
0.87422,-0.875878,0.205938,0.045,0.0163684
0.848313,-0.867751,0.183293,0.025,0.0163684
0.853579,-0.913332,0.19679,0.0125,0.0163684
0.838933,-0.869164,0.226638,0.0225,0.0163684
0.866286,-0.895437,0.235595,0.0175,0.0163684
0.903803,-0.897468,0.202986,0.0175,0.0163684
0.30427,-0.499898,0.235496,0.045,0.282941
0.273234,-0.498717,0.218603,0.025,0.282941
0.288497,-0.540686,0.235725,0.0125,0.282941
0.273485,-0.494888,0.262807,0.0225,0.282941
0.305983,-0.5157,0.268243,0.0175,0.282941
0.335669,-0.517597,0.228367,0.0175,0.282941
0.226998,-0.570046,0.118287,0.045,0.0936487
0.21608,-0.592905,0.14295,0.025,0.0936487
0.247515,-0.607794,0.110123,0.0125,0.0936487
0.253487,-0.570163,0.150179,0.0225,0.0936487
0.26271,-0.565953,0.11255,0.0175,0.0936487
0.223887,-0.56978,0.0816777,0.0175,0.0936487
0.382563,-0.819889,0.19061,0.045,0.0958309
0.395098,-0.848362,0.207408,0.025,0.0958309
0.426136,-0.816175,0.190434,0.0125,0.0958309
0.388578,-0.811156,0.230689,0.0225,0.0958309
0.394134,-0.786887,0.200707,0.0175,0.0958309
0.38655,-0.80772,0.156171,0.0175,0.0958309
0.446166,-0.879687,0.172284,0.045,0.0955739
0.430234,-0.885721,0.203264,0.025,0.0955739
0.476417,-0.897228,0.198547,0.0125,0.0955739
0.452177,-0.847548,0.197773,0.0225,0.0955739
0.477714,-0.861533,0.171869,0.0175,0.0955739
0.4619,-0.902082,0.14777,0.0175,0.0955739
0.558125,-0.787898,0.194341,0.045,0.0391595
0.592938,-0.789869,0.200187,0.025,0.0391595
0.574535,-0.813425,0.162851,0.0125,0.0391595
0.577861,-0.75902,0.172085,0.0225,0.0391595
0.546258,-0.779004,0.161098,0.0175,0.0391595
0.531609,-0.81333,0.193994,0.0175,0.0391595
0.776876,-0.76975,0.250604,0.045,0.0188171
0.799967,-0.752781,0.271313,0.025,0.0188171
0.813679,-0.765654,0.227338,0.0125,0.0188171
0.775376,-0.729015,0.243044,0.0225,0.0188171
0.771131,-0.757515,0.216806,0.0175,0.0188171
0.777154,-0.803233,0.235477,0.0175,0.0188171
0.848162,-0.70276,0.20725,0.045,0.00733069
0.861793,-0.733437,0.196154,0.025,0.00733069
0.879761,-0.713237,0.235608,0.0125,0.00733069
0.829475,-0.73434,0.226543,0.0225,0.00733069
0.837817,-0.699552,0.242001,0.0175,0.00733069
0.862696,-0.669266,0.211362,0.0175,0.00733069
0.943134,-0.443119,0.264339,0.045,0.0269821
0.970676,-0.457029,0.281602,0.025,0.0269821
0.9421,-0.486158,0.256652,0.0125,0.0269821
0.975749,-0.446041,0.238914,0.0225,0.0269821
0.938374,-0.451246,0.229179,0.0175,0.0269821
0.906865,-0.448048,0.267545,0.0175,0.0269821
0.432994,-0.45997,0.302964,0.045,0.119346
0.430876,-0.495253,0.302147,0.025,0.119346
0.39853,-0.470872,0.327579,0.0125,0.119346
0.406989,-0.471886,0.272956,0.0225,0.119346
0.403293,-0.4403,0.295483,0.0175,0.119346
0.438506,-0.436136,0.330379,0.0175,0.119346
0.422504,-0.536296,0.357509,0.045,0.336594
0.421094,-0.570723,0.349583,0.025,0.336594
0.463123,-0.551774,0.362308,0.0125,0.336594
0.417021,-0.558548,0.392056,0.0225,0.336594
0.43814,-0.525966,0.388715,0.0175,0.336594
0.44057,-0.508127,0.342337,0.0175,0.336594
0.477471,-0.567257,0.186708,0.045,0.0946725
0.487341,-0.582611,0.216988,0.025,0.0946725
0.501789,-0.537888,0.208124,0.0125,0.0946725
0.450819,-0.557414,0.2169,0.0225,0.0946725
0.462291,-0.53419,0.187783,0.0175,0.0946725
0.496594,-0.554522,0.158035,0.0175,0.0946725
0.603878,-0.677647,0.290327,0.045,0.0951789
0.619372,-0.709415,0.291157,0.025,0.0951789
0.607353,-0.690809,0.248768,0.0125,0.0951789
0.644851,-0.673527,0.28553,0.0225,0.0951789
0.617328,-0.651989,0.268287,0.0175,0.0951789
0.57088,-0.666503,0.278625,0.0175,0.0951789
0.698023,-0.572163,0.215549,0.045,0.118648
0.714641,-0.578541,0.185002,0.025,0.118648
0.739603,-0.559886,0.221284,0.0125,0.118648
0.71583,-0.609584,0.216682,0.0225,0.118648
0.712492,-0.584717,0.246502,0.0175,0.118648
0.691707,-0.541198,0.234292,0.0175,0.118648
0.799563,-0.372416,0.281796,0.045,0.0657543
0.792542,-0.406964,0.27912,0.025,0.0657543
0.765129,-0.380085,0.307642,0.0125,0.0657543
0.770763,-0.378779,0.252662,0.0225,0.0657543
0.772553,-0.348472,0.277096,0.0175,0.0657543
0.809619,-0.35133,0.310156,0.0175,0.0657543
0.879408,-0.343722,0.311673,0.045,0.0653082
0.874007,-0.378571,0.314207,0.025,0.0653082
0.898212,-0.356475,0.34904,0.0125,0.0653082
0.845279,-0.351157,0.334004,0.0225,0.0653082
0.870921,-0.322417,0.339941,0.0175,0.0653082
0.910008,-0.323537,0.309184,0.0175,0.0653082
0.248291,-0.349129,0.214626,0.045,0.945728
0.22042,-0.330142,0.20401,0.025,0.945728
0.225281,-0.374871,0.187787,0.0125,0.945728
0.21577,-0.356812,0.239164,0.0225,0.945728
0.242854,-0.382529,0.228036,0.0175,0.945728
0.27648,-0.364039,0.196376,0.0175,0.945728
0.417283,-0.247168,0.331669,0.045,0.547598
0.430631,-0.21743,0.345363,0.025,0.547598
0.407795,-0.215179,0.303399,0.0125,0.547598
0.388193,-0.227406,0.353623,0.0225,0.547598
0.382559,-0.247573,0.320755,0.0175,0.547598
0.424378,-0.265475,0.300613,0.0175,0.547598
0.436686,-0.279625,0.234584,0.045,0.403211
0.434126,-0.255382,0.260191,0.025,0.403211
0.47338,-0.282634,0.258185,0.0125,0.403211
0.455085,-0.244445,0.222643,0.0225,0.403211
0.466785,-0.280633,0.214139,0.0175,0.403211
0.439311,-0.316265,0.235364,0.0175,0.403211
0.526538,-0.3168,0.370317,0.045,0.259824
0.531089,-0.345618,0.350346,0.025,0.259824
0.566991,-0.331262,0.378496,0.0125,0.259824
0.517091,-0.350763,0.392135,0.0225,0.259824
0.534178,-0.31854,0.405864,0.0175,0.259824
0.543583,-0.284259,0.371058,0.0175,0.259824
0.650119,-0.295723,0.273991,0.045,0.123559
0.62908,-0.267443,0.27675,0.025,0.123559
0.654931,-0.273054,0.236903,0.0125,0.123559
0.613345,-0.303702,0.25659,0.0225,0.123559
0.648,-0.31649,0.24417,0.0175,0.123559
0.686526,-0.299238,0.270499,0.0175,0.123559
0.792998,-0.150332,0.266455,0.045,0.0756996
0.773732,-0.17996,0.265456,0.025,0.0756996
0.81441,-0.178143,0.240366,0.0125,0.0756996
0.806628,-0.177037,0.295088,0.0225,0.0756996
0.828523,-0.152595,0.274065,0.0175,0.0756996
0.802915,-0.12637,0.240426,0.0175,0.0756996
0.868576,-0.093359,0.269917,0.045,0.0537924
0.867792,-0.128651,0.271886,0.025,0.0537924
0.906869,-0.107483,0.254211,0.0125,0.0537924
0.885989,-0.105935,0.305376,0.0225,0.0537924
0.897141,-0.075514,0.283721,0.0175,0.0537924
0.871341,-0.0702116,0.241517,0.0175,0.0537924
0.951474,-0.131216,0.28111,0.045,0.0243188
0.925569,-0.131454,0.305169,0.025,0.0243188
0.969522,-0.118478,0.318853,0.0125,0.0243188
0.934575,-0.0934746,0.28407,0.0225,0.0243188
0.972186,-0.101474,0.277728,0.0175,0.0243188
0.982905,-0.15005,0.278398,0.0175,0.0243188
0.387057,0.0493612,0.325188,0.045,0.558876
0.359096,0.0358379,0.308297,0.025,0.558876
0.385177,0.0693943,0.286359,0.0125,0.558876
0.399016,0.0179051,0.300975,0.0225,0.558876
0.419185,0.0504784,0.308112,0.0175,0.558876
0.39503,0.0833783,0.336558,0.0175,0.558876
0.417369,0.10321,0.243279,0.045,0.185667
0.427811,0.122155,0.215313,0.025,0.185667
0.42319,0.0747899,0.210554,0.0125,0.185667
0.384594,0.113238,0.219954,0.0225,0.185667
0.389666,0.0799028,0.239494,0.0175,0.185667
0.433631,0.0764668,0.262522,0.0175,0.185667
0.467292,-0.00151443,0.298528,0.045,0.103737
0.477903,-0.0162948,0.328842,0.025,0.103737
0.470653,0.0309645,0.327619,0.0125,0.103737
0.434429,-0.0104407,0.322173,0.0225,0.103737
0.4383,0.0204946,0.298789,0.0175,0.103737
0.482672,0.023551,0.276501,0.0175,0.103737
0.552454,0.236124,0.204317,0.045,0.0137903
0.556609,0.270599,0.210968,0.025,0.0137903
0.584591,0.249998,0.178102,0.0125,0.0137903
0.529965,0.258489,0.177618,0.0225,0.0137903
0.548531,0.225118,0.169843,0.0175,0.0137903
0.574945,0.207311,0.208056,0.0175,0.0137903
0.713334,0.00568008,0.314296,0.045,0.0657086
0.688314,-0.0191776,0.316768,0.025,0.0657086
0.728442,-0.024344,0.342275,0.0125,0.0657086
0.688564,0.0137048,0.346557,0.0225,0.0657086
0.72696,0.0201415,0.344795,0.0175,0.0657086
0.748118,0.00469711,0.302501,0.0175,0.0657086
0.803613,0.13335,0.249307,0.045,0.0375638
0.791995,0.105185,0.267243,0.025,0.0375638
0.835166,0.122899,0.277726,0.0125,0.0375638
0.785172,0.14554,0.28438,0.0225,0.0375638
0.816313,0.162047,0.267751,0.0175,0.0375638
0.832431,0.138371,0.227074,0.0175,0.0375638
0.949244,0.0893974,0.277339,0.045,0.017057
0.919471,0.0740849,0.2887,0.025,0.017057
0.939365,0.108345,0.315495,0.0125,0.017057
0.916409,0.111667,0.265313,0.0225,0.017057
0.951098,0.125731,0.276156,0.0175,0.017057
0.983201,0.0908717,0.291296,0.0175,0.017057
0.147988,0.0848627,0.122496,0.045,0.0645793
0.14901,0.0507278,0.113343,0.025,0.0645793
0.144958,0.083648,0.0788855,0.0125,0.0645793
0.186916,0.0737904,0.113507,0.0225,0.0645793
0.170417,0.108279,0.105953,0.0175,0.0645793
0.122316,0.110827,0.118397,0.0175,0.0645793
0.391904,0.318613,0.317837,0.045,0.350783
0.410958,0.310976,0.346622,0.025,0.350783
0.431116,0.337066,0.311975,0.0125,0.350783
0.388854,0.349429,0.345401,0.0225,0.350783
0.389897,0.353186,0.306626,0.0175,0.350783
0.396272,0.310245,0.282328,0.0175,0.350783
0.44727,0.392001,0.311472,0.045,0.212017
0.472875,0.373123,0.296043,0.025,0.212017
0.454256,0.410269,0.272357,0.0125,0.212017
0.484133,0.409472,0.318864,0.0225,0.212017
0.450483,0.428228,0.312986,0.0175,0.212017
0.412224,0.398249,0.302379,0.0175,0.212017
0.530247,0.405527,0.269394,0.045,0.432634
0.558968,0.424011,0.27853,0.025,0.432634
0.56472,0.380432,0.259681,0.0125,0.432634
0.5446,0.426472,0.236622,0.0225,0.432634
0.528425,0.391021,0.236058,0.0175,0.432634
0.51671,0.373437,0.281098,0.0175,0.432634
0.702635,0.370726,0.207425,0.045,0.01556
0.679885,0.364807,0.233834,0.025,0.01556
0.683069,0.332624,0.198598,0.0125,0.01556
0.720543,0.347243,0.236522,0.0225,0.01556
0.726042,0.344477,0.19804,0.0175,0.01556
0.69791,0.375612,0.171317,0.0175,0.01556
0.796124,0.363921,0.202147,0.045,0.00579081
0.76747,0.343297,0.204044,0.025,0.00579081
0.774017,0.376686,0.237656,0.0125,0.00579081
0.764055,0.382524,0.183592,0.0225,0.00579081
0.79208,0.400035,0.204249,0.0175,0.00579081
0.82479,0.36859,0.224652,0.0175,0.00579081
0.870537,0.317187,0.264968,0.045,0.0064987
0.847746,0.335959,0.284416,0.025,0.0064987
0.893783,0.348921,0.284075,0.0125,0.0064987
0.85664,0.349574,0.243133,0.0225,0.0064987
0.892608,0.334625,0.241864,0.0175,0.0064987
0.900105,0.297268,0.273852,0.0175,0.0064987
0.951749,0.233167,0.270224,0.045,0.0131271
0.935005,0.235037,0.301307,0.025,0.0131271
0.979675,0.251846,0.298218,0.0125,0.0131271
0.933363,0.270113,0.274183,0.0225,0.0131271
0.967541,0.2631,0.256822,0.0175,0.0131271
0.982229,0.215646,0.259546,0.0175,0.0131271
0.355764,0.498077,0.277596,0.045,0.137326
0.371911,0.487124,0.30708,0.025,0.137326
0.368537,0.534114,0.298826,0.0125,0.137326
0.328727,0.497132,0.309009,0.0225,0.137326
0.329576,0.523236,0.280086,0.0175,0.137326
0.36759,0.517236,0.248559,0.0175,0.137326
0.381261,0.593585,0.231765,0.045,0.0591279
0.410723,0.597946,0.250817,0.025,0.0591279
0.401301,0.628954,0.215643,0.0125,0.0591279
0.374158,0.619955,0.262956,0.0225,0.0591279
0.358824,0.621879,0.227181,0.0175,0.0591279
0.37563,0.586873,0.196082,0.0175,0.0591279
0.493079,0.64488,0.209058,0.045,0.0826967
0.502146,0.616416,0.190148,0.025,0.0826967
0.531842,0.6539,0.190931,0.0125,0.0826967
0.51698,0.619801,0.231828,0.0225,0.0826967
0.517027,0.658762,0.232697,0.0175,0.0826967
0.486357,0.679748,0.199621,0.0175,0.0826967
0.599646,0.633069,0.125959,0.045,0.0387132
0.626291,0.617523,0.143233,0.025,0.0387132
0.634371,0.659236,0.121273,0.0125,0.0387132
0.601988,0.64787,0.164614,0.0225,0.0387132
0.592201,0.668049,0.132742,0.0175,0.0387132
0.594805,0.641757,0.0905886,0.0175,0.0387132
0.709108,0.522233,0.164474,0.045,0.0125725
0.741621,0.527592,0.177287,0.025,0.0125725
0.720928,0.562395,0.151831,0.0125,0.0125725
0.706873,0.541572,0.201076,0.0225,0.0125725
0.683381,0.547266,0.170508,0.0175,0.0125725
0.695916,0.52093,0.130206,0.0175,0.0125725
0.805344,0.524426,0.210134,0.045,0.0181272
0.788327,0.544258,0.186319,0.025,0.0181272
0.809658,0.565924,0.223239,0.0125,0.0181272
0.831916,0.537721,0.181222,0.0225,0.0181272
0.839528,0.533082,0.21916,0.0175,0.0181272
0.800138,0.51903,0.246103,0.0175,0.0181272
0.898661,0.437929,0.24955,0.045,0.0221994
0.875509,0.453449,0.271302,0.025,0.0221994
0.916094,0.476444,0.260738,0.0125,0.0221994
0.873622,0.462985,0.228009,0.0225,0.0221994
0.911442,0.456646,0.221066,0.0175,0.0221994
0.933336,0.426716,0.25423,0.0175,0.0221994
0.299099,0.445786,0.21563,0.045,0.842297
0.307319,0.411421,0.214428,0.025,0.842297
0.338491,0.441828,0.234207,0.0125,0.842297
0.28786,0.427312,0.251001,0.0225,0.842297
0.301808,0.463514,0.247306,0.0175,0.842297
0.31479,0.475519,0.200805,0.0175,0.842297
0.328599,0.849741,0.129024,0.045,0.145421
0.333999,0.814969,0.132451,0.025,0.145421
0.371941,0.843978,0.129915,0.0125,0.145421
0.333115,0.84001,0.169069,0.0225,0.145421
0.345591,0.872589,0.1517,0.0175,0.145421
0.337517,0.873688,0.102622,0.0175,0.145421
0.486684,0.781363,0.208022,0.045,0.120877
0.515455,0.788334,0.188693,0.025,0.120877
0.520769,0.765621,0.230447,0.0125,0.120877
0.495849,0.748802,0.184053,0.0225,0.120877
0.481355,0.747478,0.220205,0.0175,0.120877
0.476192,0.792117,0.241553,0.0175,0.120877
0.535852,0.856493,0.203763,0.045,0.0764298
0.535795,0.872431,0.172204,0.025,0.0764298
0.50579,0.835921,0.179565,0.0125,0.0764298
0.506777,0.886033,0.202891,0.0225,0.0764298
0.504268,0.851733,0.221221,0.0175,0.0764298
0.543585,0.822094,0.214102,0.0175,0.0764298
0.786143,0.866331,0.130601,0.045,0.0750608
0.797912,0.884765,0.158381,0.025,0.0750608
0.756528,0.897615,0.138137,0.0125,0.0750608
0.769552,0.851399,0.165537,0.0225,0.0750608
0.751943,0.853871,0.130859,0.0175,0.0750608
0.779547,0.875689,0.095688,0.0175,0.0750608
0.795773,0.805101,0.207516,0.045,0.0207053
0.773786,0.797228,0.23406,0.025,0.0207053
0.820092,0.804116,0.243849,0.0125,0.0207053
0.782211,0.839932,0.22545,0.0225,0.0207053
0.817798,0.8339,0.210756,0.0175,0.0207053
0.82504,0.787749,0.193648,0.0175,0.0207053
0.868694,0.664936,0.141621,0.045,0.0192801
0.887121,0.647821,0.166471,0.025,0.0192801
0.89803,0.693436,0.157103,0.0125,0.0192801
0.852014,0.671928,0.178925,0.0225,0.0192801
0.854277,0.697411,0.149527,0.0175,0.0192801
0.878472,0.680144,0.109634,0.0175,0.0192801
0.955647,0.501031,0.222768,0.045,0.0107778
0.956577,0.478991,0.250397,0.025,0.0107778
0.98611,0.516609,0.250005,0.0125,0.0107778
0.930924,0.515105,0.252925,0.0225,0.0107778
0.952499,0.536793,0.228781,0.0175,0.0107778
0.980793,0.510269,0.197621,0.0175,0.0107778
0.0548372,0.888182,0.117284,0.045,0.0825623
0.0208869,0.896933,0.121844,0.025,0.0825623
0.0383861,0.859459,0.145864,0.0125,0.0825623
0.0509559,0.913121,0.150173,0.0225,0.0825623
0.0759572,0.883447,0.14655,0.0175,0.0825623
0.0710497,0.857955,0.104111,0.0175,0.0825623
0.209133,0.955431,0.128967,0.045,0.0259396
0.237709,0.938584,0.116736,0.025,0.0259396
0.239092,0.98622,0.120783,0.0125,0.0259396
0.235327,0.947563,0.160124,0.0225,0.0259396
0.212969,0.979244,0.156229,0.0175,0.0259396
0.186823,0.980449,0.113922,0.0175,0.0259396
0.398898,0.901338,0.101875,0.045,0.071676
0.421252,0.879277,0.085638,0.025,0.071676
0.437901,0.907099,0.120798,0.0125,0.071676
0.401342,0.865683,0.122888,0.0225,0.071676
0.397289,0.901272,0.13824,0.0175,0.071676
0.397912,0.937962,0.104647,0.0175,0.071676
0.573419,0.955072,0.0525494,0.045,0.0154053
0.577496,0.9347,0.081156,0.025,0.0154053
0.609511,0.931321,0.0457844,0.0125,0.0154053
0.598692,0.973652,0.0796571,0.0225,0.0154053
0.601591,0.974911,0.0408144,0.0175,0.0154053
0.567793,0.947143,0.0171167,0.0175,0.0154053
0.739159,0.951518,0.105099,0.045,0.042511
0.766939,0.930983,0.112618,0.025,0.042511
0.766548,0.975967,0.128859,0.0125,0.042511
0.733789,0.933421,0.14201,0.0225,0.042511
0.722572,0.969407,0.132115,0.0175,0.042511
0.735928,0.982802,0.0861017,0.0175,0.042511
0.943794,0.955091,0.0985899,0.045,0.00849292
0.926287,0.938342,0.124339,0.025,0.00849292
0.973288,0.930741,0.119796,0.0125,0.00849292
0.946195,0.976852,0.133795,0.0225,0.00849292
0.97415,0.973396,0.106863,0.0175,0.00849292
0.962402,0.942916,0.0693407,0.0175,0.00849292
0.945251,0.886899,0.177049,0.045,0.0148801
0.975153,0.891111,0.158659,0.025,0.0148801
0.958903,0.927716,0.184804,0.0125,0.0148801
0.97795,0.878439,0.20109,0.0225,0.0148801
0.944851,0.895632,0.212384,0.0175,0.0148801
0.912594,0.903653,0.175368,0.0175,0.0148801
0.170904,-0.642678,0.123834,0.045,0.102659
0.173721,-0.64711,0.158797,0.025,0.102659
0.140914,-0.616591,0.14207,0.0125,0.102659
0.144019,-0.67152,0.136644,0.0225,0.102659
0.138133,-0.645494,0.108241,0.0175,0.102659
0.175663,-0.613413,0.102134,0.0175,0.102659
0.151853,-0.955379,0.135147,0.045,0.0661212
0.153345,-0.920599,0.141321,0.025,0.0661212
0.122754,-0.94716,0.166742,0.0125,0.0661212
0.178034,-0.947666,0.166353,0.0225,0.0661212
0.154327,-0.978436,0.163205,0.0175,0.0661212
0.124885,-0.977244,0.12312,0.0175,0.0661212
0.239715,-0.934175,0.127462,0.045,0.0240456
0.220575,-0.956614,0.146961,0.025,0.0240456
0.198382,-0.930389,0.113686,0.0125,0.0240456
0.236012,-0.970448,0.107731,0.0225,0.0240456
0.236586,-0.935157,0.0912098,0.0175,0.0240456
0.238843,-0.897628,0.12379,0.0175,0.0240456
0.402302,-0.955148,0.215725,0.045,0.0679177
0.370311,-0.959217,0.201232,0.025,0.0679177
0.373857,-0.936191,0.243002,0.0125,0.0679177
0.392696,-0.921788,0.193063,0.0225,0.0679177
0.412748,-0.921978,0.226479,0.0175,0.0679177
0.416835,-0.966959,0.247337,0.0175,0.0679177
0.601096,-0.954114,0.245757,0.045,0.0218185
0.56843,-0.950944,0.232609,0.025,0.0218185
0.575628,-0.980712,0.269345,0.0125,0.0218185
0.579924,-0.925638,0.267196,0.0225,0.0218185
0.606127,-0.95061,0.281638,0.0175,0.0218185
0.624178,-0.982606,0.24809,0.0175,0.0218185
0.72908,-0.955543,0.197935,0.045,0.0124128
0.755054,-0.966854,0.219087,0.025,0.0124128
0.765388,-0.956405,0.173573,0.0125,0.0124128
0.748912,-0.923146,0.214544,0.0225,0.0124128
0.73403,-0.925114,0.17858,0.0175,0.0124128
0.714358,-0.969381,0.167247,0.0175,0.0124128
0.860435,-0.955457,0.251514,0.045,0.0108591
0.88242,-0.928238,0.256591,0.025,0.0108591
0.852144,-0.926733,0.219597,0.0125,0.0108591
0.841608,-0.926048,0.273863,0.0225,0.0108591
0.824908,-0.948893,0.247068,0.0175,0.0108591
0.856653,-0.979399,0.223901,0.0175,0.0108591
0.930465,-0.797371,0.21178,0.045,0.00564755
0.950276,-0.76852,0.216793,0.025,0.00564755
0.91629,-0.778907,0.248802,0.0125,0.00564755
0.962616,-0.806387,0.236351,0.0225,0.00564755
0.926655,-0.82116,0.239067,0.0175,0.00564755
0.89442,-0.802008,0.20637,0.0175,0.00564755
0.243172,-0.64607,0.207229,0.045,0.335262
0.244366,-0.657384,0.240704,0.025,0.335262
0.272218,-0.620692,0.227839,0.0125,0.335262
0.217095,-0.623874,0.230597,0.0225,0.335262
0.238304,-0.610587,0.200724,0.0175,0.335262
0.268519,-0.644643,0.180668,0.0175,0.335262
0.277561,-0.827209,0.126724,0.045,0.0879638
0.278528,-0.799455,0.148605,0.025,0.0879638
0.269628,-0.842775,0.166815,0.0125,0.0879638
0.315519,-0.823291,0.142928,0.0225,0.0879638
0.297272,-0.85674,0.134748,0.0175,0.0879638
0.250845,-0.850832,0.117878,0.0175,0.0879638
0.324636,-0.889244,0.180409,0.045,0.0488154
0.294293,-0.871198,0.178491,0.025,0.0488154
0.300353,-0.902217,0.214388,0.0125,0.0488154
0.327048,-0.855008,0.203666,0.0225,0.0488154
0.343035,-0.889602,0.211815,0.0175,0.0488154
0.33222,-0.925156,0.17874,0.0175,0.0488154
0.50842,-0.858725,0.233046,0.045,0.0823804
0.475464,-0.871377,0.234997,0.025,0.0823804
0.50764,-0.886004,0.267218,0.0125,0.0823804
0.485986,-0.835761,0.259278,0.0225,0.0823804
0.523753,-0.844659,0.262913,0.0175,0.0823804
0.540878,-0.874987,0.227389,0.0175,0.0823804
0.694196,-0.799631,0.223391,0.045,0.0289232
0.660815,-0.788452,0.220111,0.025,0.0289232
0.670844,-0.821472,0.253226,0.0125,0.0289232
0.686964,-0.768689,0.250018,0.0225,0.0289232
0.709644,-0.799741,0.25635,0.0175,0.0289232
0.709796,-0.832607,0.219003,0.0175,0.0289232
0.863305,-0.784834,0.270187,0.045,0.00941711
0.887402,-0.787835,0.295884,0.025,0.00941711
0.894182,-0.81188,0.255099,0.0125,0.00941711
0.893787,-0.757364,0.26427,0.0225,0.00941711
0.874327,-0.776564,0.236496,0.0175,0.00941711
0.841222,-0.809325,0.253984,0.0175,0.00941711
0.915968,-0.663315,0.162416,0.045,0.0149655
0.90196,-0.678231,0.133583,0.025,0.0149655
0.949022,-0.66976,0.134516,0.0125,0.0149655
0.91883,-0.704591,0.165037,0.0225,0.0149655
0.945004,-0.678786,0.177989,0.0175,0.0149655
0.933504,-0.631475,0.167772,0.0175,0.0149655
0.232317,-0.442962,0.225738,0.045,0.242758
0.211868,-0.4516,0.19822,0.025,0.242758
0.257075,-0.467195,0.199049,0.0125,0.242758
0.21474,-0.479942,0.232238,0.0225,0.242758
0.250593,-0.469214,0.24311,0.0175,0.242758
0.263335,-0.423442,0.228358,0.0175,0.242758
0.320084,-0.589684,0.232361,0.045,0.357493
0.31782,-0.624319,0.225634,0.025,0.357493
0.284429,-0.604037,0.253223,0.0125,0.357493
0.295474,-0.596155,0.199631,0.0225,0.357493
0.290878,-0.568663,0.226868,0.0175,0.357493
0.32441,-0.570762,0.263558,0.0175,0.357493
0.407184,-0.596745,0.274653,0.045,0.729044
0.381696,-0.575552,0.262356,0.025,0.729044
0.384154,-0.583615,0.309435,0.0125,0.729044
0.419644,-0.557236,0.276256,0.0225,0.729044
0.428101,-0.585155,0.302097,0.0175,0.729044
0.406209,-0.628803,0.292579,0.0175,0.729044
0.444587,-0.659345,0.220351,0.045,0.0847115
0.435444,-0.689542,0.204397,0.025,0.0847115
0.449271,-0.691,0.250159,0.0125,0.0847115
0.404595,-0.667586,0.227529,0.0225,0.0847115
0.429578,-0.65107,0.252465,0.0175,0.0847115
0.47613,-0.647778,0.235226,0.0175,0.0847115
0.698259,-0.71496,0.289072,0.045,0.0328845
0.66532,-0.727583,0.286685,0.025,0.0328845
0.693907,-0.744333,0.321178,0.0125,0.0328845
0.67308,-0.693607,0.314148,0.0225,0.0328845
0.710267,-0.702862,0.321235,0.0175,0.0328845
0.731184,-0.730959,0.285907,0.0175,0.0328845
0.786845,-0.497008,0.229891,0.045,0.0806713
0.815612,-0.51323,0.217267,0.025,0.0806713
0.816701,-0.495886,0.261826,0.0125,0.0806713
0.786407,-0.537027,0.240709,0.0225,0.0806713
0.773574,-0.507176,0.262225,0.0175,0.0806713
0.780846,-0.462613,0.241336,0.0175,0.0806713
0.876651,-0.522455,0.25407,0.045,0.0328015
0.882324,-0.548221,0.277606,0.025,0.0328015
0.871579,-0.504446,0.293598,0.0125,0.0328015
0.840656,-0.540042,0.264738,0.0225,0.0328015
0.846451,-0.502323,0.256835,0.0175,0.0328015
0.893913,-0.490692,0.247505,0.0175,0.0328015
0.955108,-0.386703,0.333238,0.045,0.0227251
0.975154,-0.415755,0.33526,0.025,0.0227251
0.960449,-0.395111,0.37582,0.0125,0.0227251
0.931032,-0.420307,0.336373,0.0225,0.0227251
0.923996,-0.385345,0.352086,0.0175,0.0227251
0.960334,-0.352182,0.344683,0.0175,0.0227251
0.3637,-0.393568,0.281776,0.045,0.302509
0.342163,-0.418994,0.293596,0.025,0.302509
0.387565,-0.418508,0.308627,0.0125,0.302509
0.346923,-0.382209,0.317946,0.0225,0.302509
0.383079,-0.374245,0.305778,0.0175,0.302509
0.394542,-0.394551,0.261831,0.0175,0.302509
0.465132,-0.409018,0.391187,0.045,0.150801
0.443894,-0.437148,0.39395,0.025,0.150801
0.442366,-0.403751,0.428153,0.0125,0.150801
0.428013,-0.400371,0.374872,0.0225,0.150801
0.450867,-0.375699,0.394563,0.0175,0.150801
0.492449,-0.396461,0.412308,0.0175,0.150801
0.514077,-0.421665,0.30697,0.045,0.189594
0.533064,-0.441756,0.329012,0.025,0.189594
0.524382,-0.396294,0.341067,0.0125,0.189594
0.489285,-0.438648,0.33553,0.0225,0.189594
0.485652,-0.403067,0.320051,0.0175,0.189594
0.522047,-0.39101,0.288349,0.0175,0.189594
0.606999,-0.368342,0.303537,0.045,0.186119
0.581242,-0.386348,0.319735,0.025,0.186119
0.597056,-0.345872,0.339713,0.0125,0.186119
0.570018,-0.353499,0.2921,0.0225,0.186119
0.602553,-0.332728,0.29747,0.0175,0.186119
0.641197,-0.359536,0.313686,0.0175,0.186119
0.747892,-0.276896,0.267325,0.045,0.129507
0.722641,-0.29396,0.249404,0.025,0.129507
0.726527,-0.301525,0.29647,0.0125,0.129507
0.71238,-0.255583,0.269168,0.0225,0.129507
0.738903,-0.25871,0.297549,0.0175,0.129507
0.776992,-0.288707,0.286396,0.0175,0.129507
0.824677,-0.273993,0.325562,0.045,0.0949313
0.831081,-0.302922,0.34485,0.025,0.0949313
0.792732,-0.276335,0.355337,0.0125,0.0949313
0.803654,-0.30622,0.310128,0.0225,0.0949313
0.79151,-0.269209,0.311346,0.0175,0.0949313
0.823093,-0.238321,0.334225,0.0175,0.0949313
0.871299,-0.194655,0.29473,0.045,0.0453632
0.86524,-0.229267,0.290811,0.025,0.0453632
0.903271,-0.215329,0.316245,0.0125,0.0453632
0.849408,-0.208915,0.326921,0.0225,0.0453632
0.876951,-0.181371,0.328145,0.0175,0.0453632
0.89921,-0.173094,0.28443,0.0175,0.0453632
0.255943,-0.162007,0.237043,0.045,0.339872
0.250213,-0.151578,0.270336,0.025,0.339872
0.21961,-0.182406,0.25032,0.0125,0.339872
0.27289,-0.189092,0.263463,0.0225,0.339872
0.255938,-0.1976,0.229419,0.0175,0.339872
0.236345,-0.158207,0.206198,0.0175,0.339872
0.394844,-0.142029,0.311054,0.045,0.353859
0.393482,-0.17733,0.312461,0.025,0.353859
0.382407,-0.152323,0.351697,0.0125,0.353859
0.3563,-0.155025,0.303041,0.0225,0.353859
0.366177,-0.12276,0.32254,0.0175,0.353859
0.415193,-0.117309,0.329078,0.0175,0.353859
0.488091,-0.154385,0.357703,0.045,0.165426
0.457449,-0.136784,0.358851,0.025,0.165426
0.487014,-0.133921,0.396337,0.0125,0.165426
0.493662,-0.115427,0.344665,0.0225,0.165426
0.518953,-0.136665,0.365355,0.0175,0.165426
0.501818,-0.181543,0.378294,0.0175,0.165426
0.538665,-0.0511885,0.325133,0.045,0.0603702
0.571863,-0.0392526,0.327463,0.025,0.0603702
0.536723,-0.00793364,0.318989,0.0125,0.0603702
0.546513,-0.0386866,0.363874,0.0225,0.0603702
0.512668,-0.0351002,0.34489,0.0175,0.0603702
0.514151,-0.0509748,0.297765,0.0175,0.0603702
0.61969,0.0217466,0.348271,0.045,0.0548156
0.630038,0.0338895,0.379822,0.025,0.0548156
0.647588,-0.00783328,0.364372,0.0125,0.0548156
0.654975,0.0431487,0.344309,0.0225,0.0548156
0.644924,0.0113149,0.324201,0.0175,0.0548156
0.601491,-0.00852796,0.338159,0.0175,0.0548156
0.796643,0.0194292,0.345006,0.045,0.0524142
0.801591,0.0509704,0.360194,0.025,0.0524142
0.837813,0.0311523,0.336055,0.0125,0.0524142
0.789075,0.0496434,0.317646,0.0225,0.0524142
0.805429,0.0151183,0.309946,0.0175,0.0524142
0.812546,-0.0132895,0.350162,0.0175,0.0524142
0.879732,-0.00990868,0.327042,0.045,0.0360646
0.88733,-0.0317095,0.300265,0.025,0.0360646
0.923282,-0.0138146,0.32624,0.0125,0.0360646
0.883102,-0.0488033,0.340992,0.0225,0.0360646
0.894095,-0.0165081,0.359831,0.0175,0.0360646
0.888172,0.0252679,0.333474,0.0175,0.0360646
0.947195,-0.068821,0.345578,0.045,0.0196729
0.929967,-0.0991147,0.351533,0.025,0.0196729
0.963359,-0.0851397,0.382793,0.0125,0.0196729
0.914714,-0.0619714,0.370415,0.0225,0.0196729
0.949326,-0.0441556,0.372263,0.0175,0.0196729
0.982645,-0.0612866,0.339531,0.0175,0.0196729
0.358743,0.138981,0.300382,0.045,0.382907
0.348038,0.151755,0.269201,0.025,0.382907
0.315599,0.132124,0.298353,0.0125,0.382907
0.345657,0.178065,0.304851,0.0225,0.382907
0.341216,0.149165,0.330616,0.0175,0.382907
0.358223,0.105178,0.314774,0.0175,0.382907
0.450649,0.16629,0.297881,0.045,0.23113
0.456976,0.165929,0.332664,0.025,0.23113
0.442615,0.125516,0.311497,0.0125,0.23113
0.489577,0.153962,0.305047,0.0225,0.23113
0.466068,0.140899,0.276844,0.0175,0.23113
0.420232,0.160192,0.278194,0.0175,0.23113
0.473843,0.31966,0.375278,0.045,0.347751
0.45509,0.328338,0.403967,0.025,0.347751
0.440498,0.344257,0.361292,0.0125,0.347751
0.442948,0.292554,0.380712,0.0225,0.347751
0.456626,0.305396,0.346554,0.0175,0.347751
0.492279,0.33984,0.350725,0.0175,0.347751
0.604897,0.387671,0.219336,0.045,0.139019
0.590159,0.415372,0.235628,0.025,0.139019
0.607976,0.421384,0.191651,0.0125,0.139019
0.565023,0.390906,0.208456,0.0225,0.139019
0.594334,0.379389,0.1855,0.0175,0.139019
0.63902,0.381328,0.20728,0.0175,0.139019
0.732047,0.283656,0.208681,0.045,0.014279
0.755646,0.269172,0.230665,0.025,0.014279
0.754338,0.316799,0.226491,0.0125,0.014279
0.716519,0.282135,0.247091,0.0225,0.014279
0.710574,0.310384,0.220911,0.0175,0.014279
0.735746,0.304204,0.178447,0.0175,0.014279
0.781281,0.315627,0.276942,0.045,0.0115231
0.791651,0.31305,0.310644,0.025,0.0115231
0.805339,0.351192,0.28524,0.0125,0.0115231
0.754752,0.335929,0.301494,0.0225,0.0115231
0.76561,0.346453,0.265577,0.0175,0.0115231
0.799952,0.316702,0.245316,0.0175,0.0115231
0.878736,0.180507,0.26546,0.045,0.0438041
0.886326,0.156282,0.240851,0.025,0.0438041
0.916549,0.192795,0.247246,0.0125,0.0438041
0.903515,0.151374,0.281461,0.0225,0.0438041
0.904165,0.189406,0.289939,0.0175,0.0438041
0.871994,0.216568,0.263439,0.0175,0.0438041
0.26979,0.274705,0.233827,0.045,0.261861
0.264839,0.269997,0.199138,0.025,0.261861
0.226967,0.279885,0.226622,0.0125,0.261861
0.270783,0.311267,0.214309,0.0225,0.261861
0.256111,0.304437,0.249761,0.0175,0.261861
0.257387,0.256577,0.263281,0.0175,0.261861
0.43097,0.530828,0.312664,0.045,0.191425
0.403028,0.536797,0.333487,0.025,0.191425
0.435241,0.571672,0.327698,0.0125,0.191425
0.400747,0.549039,0.290899,0.0225,0.191425
0.439032,0.554893,0.28657,0.0175,0.191425
0.467096,0.530107,0.319328,0.0175,0.191425
0.489526,0.5977,0.306583,0.045,0.248012
0.454318,0.598395,0.309737,0.025,0.248012
0.481031,0.608402,0.348126,0.0125,0.248012
0.475559,0.63629,0.300707,0.0225,0.248012
0.508884,0.62624,0.318235,0.0175,0.248012
0.515406,0.577113,0.322595,0.0175,0.248012
0.57473,0.586408,0.197715,0.045,0.0749418
0.554277,0.615209,0.196233,0.025,0.0749418
0.533454,0.572162,0.195296,0.0125,0.0749418
0.561987,0.596679,0.235805,0.0225,0.0749418
0.567085,0.560535,0.222152,0.0175,0.0749418
0.580216,0.558712,0.174201,0.0175,0.0749418
0.654058,0.454625,0.185333,0.045,0.0326915
0.680415,0.435975,0.199737,0.025,0.0326915
0.690867,0.46835,0.16612,0.0125,0.0326915
0.670576,0.475637,0.217025,0.0225,0.0326915
0.656778,0.490897,0.183927,0.0175,0.0326915
0.641335,0.457003,0.150946,0.0175,0.0326915
0.74929,0.447365,0.201896,0.045,0.0185542
0.7318,0.436928,0.230795,0.025,0.0185542
0.763413,0.472606,0.234697,0.0125,0.0185542
0.71549,0.470778,0.207196,0.0225,0.0185542
0.749925,0.482763,0.193437,0.0175,0.0185542
0.785008,0.447491,0.19328,0.0175,0.0185542
0.810905,0.426949,0.264149,0.045,0.0193847
0.822704,0.446357,0.291243,0.025,0.0193847
0.843674,0.451348,0.248548,0.0125,0.0193847
0.792187,0.46394,0.264256,0.0225,0.0193847
0.802716,0.443509,0.232785,0.0175,0.0193847
0.826907,0.401315,0.243247,0.0175,0.0193847
0.955307,0.368539,0.254196,0.045,0.0115734
0.962742,0.335766,0.265182,0.025,0.0115734
0.982965,0.372732,0.287811,0.0125,0.0115734
0.929794,0.357845,0.285075,0.0225,0.0115734
0.944524,0.393333,0.278568,0.0175,0.0115734
0.97626,0.395336,0.240307,0.0175,0.0115734
0.321886,0.671968,0.214109,0.045,0.0984866
0.286788,0.673202,0.218181,0.025,0.0984866
0.314599,0.690022,0.253269,0.0125,0.0984866
0.307507,0.708843,0.201774,0.0225,0.0984866
0.341414,0.702158,0.219784,0.0175,0.0984866
0.348371,0.65464,0.232772,0.0175,0.0984866
0.505933,0.710735,0.269092,0.045,0.179907
0.485966,0.73769,0.280262,0.025,0.179907
0.519355,0.746043,0.247052,0.0125,0.179907
0.473337,0.715565,0.243933,0.0225,0.179907
0.509272,0.704843,0.233327,0.0175,0.179907
0.542085,0.70438,0.270718,0.0175,0.179907
0.576,0.677798,0.21905,0.045,0.0747619
0.608979,0.688199,0.226416,0.025,0.0747619
0.589504,0.701334,0.184754,0.0125,0.0747619
0.575421,0.71549,0.236305,0.0225,0.0747619
0.551639,0.702596,0.208252,0.0175,0.0747619
0.562094,0.656592,0.192462,0.0175,0.0747619
0.617061,0.878821,0.173237,0.045,0.0676564
0.604156,0.871091,0.205232,0.025,0.0676564
0.614485,0.835216,0.175336,0.0125,0.0676564
0.648174,0.871663,0.199684,0.0225,0.0676564
0.647369,0.862152,0.1619,0.0175,0.0676564
0.604343,0.872779,0.139299,0.0175,0.0676564
0.667201,0.677763,0.176246,0.045,0.0378232
0.670095,0.660822,0.145349,0.025,0.0378232
0.649487,0.703977,0.146054,0.0125,0.0378232
0.701804,0.689682,0.156769,0.0225,0.0378232
0.678742,0.7122,0.178673,0.0175,0.0378232
0.638115,0.689046,0.195655,0.0175,0.0378232
0.810266,0.622078,0.195491,0.045,0.0312483
0.791012,0.593772,0.204325,0.025,0.0312483
0.830429,0.603549,0.229588,0.0125,0.0312483
0.783273,0.632087,0.225323,0.0225,0.0312483
0.819471,0.645972,0.221363,0.0175,0.0312483
0.84485,0.625768,0.183645,0.0175,0.0312483
0.891088,0.584715,0.207519,0.045,0.0207039
0.909369,0.569052,0.233413,0.025,0.0207039
0.900395,0.54437,0.19344,0.0125,0.0207039
0.931756,0.589285,0.200883,0.0225,0.0207039
0.904378,0.584112,0.173636,0.0175,0.0207039
0.858676,0.577079,0.191991,0.0175,0.0207039
0.247593,0.616579,0.206046,0.045,0.114109
0.235401,0.649734,0.207503,0.025,0.114109
0.211059,0.615286,0.230048,0.0125,0.114109
0.261565,0.635292,0.2403,0.0225,0.114109
0.251475,0.597796,0.236984,0.0175,0.114109
0.233463,0.585598,0.192243,0.0175,0.114109
0.234794,0.869596,0.127009,0.045,0.0704121
0.260024,0.847829,0.115192,0.025,0.0704121
0.258385,0.892497,0.0981745,0.0125,0.0704121
0.26938,0.874604,0.149314,0.0225,0.0704121
0.244192,0.902575,0.139217,0.0175,0.0704121
0.207039,0.886779,0.110146,0.0175,0.0704121
0.307151,0.936621,0.122523,0.045,0.0990098
0.279442,0.939317,0.144317,0.025,0.0990098
0.313911,0.972383,0.146768,0.0125,0.0990098
0.2784,0.9614,0.105847,0.0225,0.0990098
0.317027,0.965589,0.102818,0.0175,0.0990098
0.343083,0.931978,0.128632,0.0175,0.0990098
0.568575,0.950724,0.148395,0.045,0.0374409
0.545094,0.975127,0.158548,0.025,0.0374409
0.590698,0.988221,0.152523,0.0125,0.0374409
0.553782,0.970767,0.115256,0.0225,0.0374409
0.590212,0.957754,0.119979,0.0175,0.0374409
0.598709,0.937175,0.164469,0.0175,0.0374409
0.657953,0.953816,0.142878,0.045,0.0357666
0.685055,0.931128,0.143745,0.025,0.0357666
0.694335,0.978044,0.144248,0.0125,0.0357666
0.669147,0.946651,0.182147,0.0225,0.0357666
0.656435,0.980495,0.167595,0.0175,0.0357666
0.647948,0.979502,0.118585,0.0175,0.0357666
0.852793,0.955235,0.148527,0.045,0.0330311
0.866721,0.967174,0.178751,0.025,0.0330311
0.836668,0.930004,0.1804,0.0125,0.0330311
0.88699,0.933715,0.157812,0.0225,0.0330311
0.854762,0.919679,0.140985,0.0175,0.0330311
0.818185,0.953084,0.136375,0.0175,0.0330311
0.865224,0.847097,0.170442,0.045,0.022845
0.877342,0.813885,0.170098,0.025,0.022845
0.906331,0.849076,0.155651,0.0125,0.022845
0.885325,0.839011,0.205787,0.0225,0.022845
0.885023,0.872972,0.186674,0.0175,0.022845
0.859905,0.871779,0.143748,0.0175,0.022845
0.949068,0.678419,0.178846,0.045,0.0142681
0.934331,0.68102,0.210878,0.025,0.0142681
0.954413,0.639529,0.198121,0.0125,0.0142681
0.977817,0.68885,0.206836,0.0225,0.0142681
0.983018,0.665601,0.175995,0.0175,0.0142681
0.941565,0.657206,0.1498,0.0175,0.0142681
0.241244,-0.755219,0.18736,0.045,0.501642
0.228832,-0.78703,0.196524,0.025,0.501642
0.251255,-0.760716,0.229574,0.0125,0.501642
0.203312,-0.751441,0.203657,0.0225,0.501642
0.232846,-0.726374,0.207913,0.0175,0.501642
0.275205,-0.741222,0.186459,0.0175,0.501642
0.315993,-0.954887,0.244884,0.045,0.06763
0.337925,-0.928441,0.236542,0.025,0.06763
0.292497,-0.926155,0.221757,0.0125,0.06763
0.313022,-0.924627,0.273066,0.0225,0.06763
0.283895,-0.947079,0.260172,0.0175,0.06763
0.297253,-0.978911,0.224349,0.0175,0.06763
0.383963,-0.955029,0.303774,0.045,0.0699473
0.418926,-0.958196,0.299591,0.025,0.0699473
0.402068,-0.921376,0.325039,0.0125,0.0699473
0.400248,-0.97555,0.335905,0.0225,0.0699473
0.370516,-0.950394,0.337281,0.0175,0.0699473
0.36007,-0.929044,0.293576,0.0175,0.0699473
0.518296,-0.95527,0.280963,0.045,0.0228004
0.517204,-0.973417,0.311286,0.025,0.0228004
0.559536,-0.9666,0.290095,0.0125,0.0228004
0.525183,-0.929801,0.312942,0.0225,0.0228004
0.541759,-0.927628,0.27774,0.0175,0.0228004
0.528748,-0.964488,0.246966,0.0175,0.0228004
0.602788,-0.859521,0.239118,0.045,0.0324784
0.613662,-0.882062,0.26409,0.025,0.0324784
0.592812,-0.841174,0.277541,0.0125,0.0324784
0.571538,-0.884345,0.250339,0.0225,0.0324784
0.568725,-0.846756,0.240445,0.0175,0.0324784
0.612467,-0.825016,0.231011,0.0175,0.0324784
0.773005,-0.93136,0.276522,0.045,0.0142772
0.749359,-0.905841,0.270228,0.025,0.0142772
0.757457,-0.919014,0.315487,0.0125,0.0142772
0.791188,-0.894213,0.279386,0.0225,0.0142772
0.799165,-0.925537,0.301155,0.0175,0.0142772
0.769995,-0.964704,0.29166,0.0175,0.0142772
0.908649,-0.869452,0.288587,0.045,0.00768467
0.943357,-0.868693,0.281894,0.025,0.00768467
0.912832,-0.861225,0.245839,0.0125,0.00768467
0.922615,-0.830477,0.290729,0.0225,0.00768467
0.887851,-0.841813,0.277251,0.0175,0.00768467
0.881583,-0.891161,0.276497,0.0175,0.00768467
0.223678,-0.546905,0.212382,0.045,0.30175
0.234176,-0.577596,0.226446,0.025,0.30175
0.216916,-0.577467,0.181842,0.0125,0.30175
0.263052,-0.554536,0.201887,0.0225,0.30175
0.236153,-0.537314,0.179559,0.0175,0.30175
0.191031,-0.535058,0.200389,0.0175,0.30175
0.333687,-0.674871,0.270739,0.045,0.440347
0.368297,-0.682081,0.270337,0.025,0.440347
0.340293,-0.701967,0.237054,0.0125,0.440347
0.353261,-0.648832,0.245096,0.0225,0.440347
0.317597,-0.663712,0.240053,0.0175,0.440347
0.304039,-0.696087,0.27531,0.0175,0.440347
0.255827,-0.677124,0.1243,0.045,0.0820665
0.289624,-0.675398,0.134536,0.025,0.0820665
0.258881,-0.642746,0.151158,0.0125,0.0820665
0.260775,-0.697252,0.160205,0.0225,0.0820665
0.229641,-0.676362,0.149573,0.0175,0.0820665
0.234469,-0.653937,0.105427,0.0175,0.0820665
0.457925,-0.775877,0.226944,0.045,0.0717014
0.430167,-0.784839,0.246923,0.025,0.0717014
0.465501,-0.759422,0.266748,0.0125,0.0717014
0.429956,-0.745275,0.226839,0.0225,0.0717014
0.4687,-0.741115,0.226225,0.0175,0.0717014
0.493681,-0.784038,0.229165,0.0175,0.0717014
0.627962,-0.786119,0.283621,0.045,0.038452
0.654283,-0.809461,0.287139,0.025,0.038452
0.660507,-0.765105,0.303912,0.0125,0.038452
0.625627,-0.80459,0.320663,0.0225,0.038452
0.616888,-0.767428,0.312827,0.0175,0.038452
0.625453,-0.754172,0.265648,0.0175,0.038452
0.775452,-0.650222,0.230915,0.045,0.028453
0.810002,-0.652839,0.237945,0.025,0.028453
0.782022,-0.629185,0.268688,0.0125,0.028453
0.78245,-0.682869,0.255491,0.0225,0.028453
0.751426,-0.659314,0.256704,0.0175,0.028453
0.753596,-0.621369,0.224604,0.0175,0.028453
0.861274,-0.608144,0.22206,0.045,0.0410579
0.831214,-0.60776,0.240668,0.025,0.0410579
0.862481,-0.643149,0.248246,0.0125,0.0410579
0.86734,-0.589011,0.258336,0.0225,0.0410579
0.892925,-0.611728,0.239677,0.0175,0.0410579
0.875143,-0.632138,0.197938,0.0175,0.0410579
0.948159,-0.587447,0.225134,0.045,0.0320672
0.960951,-0.591977,0.257781,0.025,0.0320672
0.98871,-0.603142,0.220468,0.0125,0.0320672
0.96957,-0.553889,0.236717,0.0225,0.0320672
0.967934,-0.568946,0.200809,0.0175,0.0320672
0.941455,-0.610949,0.197698,0.0175,0.0320672
0.353799,-0.502028,0.310211,0.045,0.218003
0.350781,-0.523597,0.338062,0.025,0.218003
0.389464,-0.495671,0.334708,0.0125,0.218003
0.336446,-0.481787,0.34196,0.0225,0.218003
0.361191,-0.466831,0.31583,0.0175,0.218003
0.378427,-0.500018,0.283019,0.0175,0.218003
0.36456,-0.636682,0.346416,0.045,0.472337
0.375813,-0.66219,0.324674,0.025,0.472337
0.404039,-0.624326,0.33223,0.0125,0.472337
0.387863,-0.663842,0.367345,0.0225,0.472337
0.38646,-0.625337,0.373187,0.0175,0.472337
0.357202,-0.601081,0.341084,0.0175,0.472337
0.49156,-0.566504,0.308202,0.045,0.266743
0.465022,-0.552962,0.289167,0.025,0.266743
0.495274,-0.523019,0.310978,0.0125,0.266743
0.504463,-0.558531,0.269618,0.0225,0.266743
0.525451,-0.554645,0.302224,0.0175,0.266743
0.500045,-0.564333,0.343885,0.0175,0.266743
0.626538,-0.546182,0.264151,0.045,0.259821
0.65054,-0.53934,0.289193,0.025,0.259821
0.647593,-0.509981,0.251552,0.0125,0.259821
0.610922,-0.519533,0.291804,0.0225,0.259821
0.604101,-0.519597,0.253435,0.0175,0.259821
0.62964,-0.554202,0.228429,0.0175,0.259821
0.660337,-0.384262,0.229468,0.045,0.160041
0.639047,-0.358459,0.240912,0.025,0.160041
0.665651,-0.382151,0.272825,0.0125,0.160041
0.681334,-0.34859,0.231789,0.0225,0.160041
0.695302,-0.384125,0.239592,0.0175,0.160041
0.661364,-0.420351,0.236289,0.0175,0.160041
0.709636,-0.480717,0.272357,0.045,0.107561
0.680758,-0.494203,0.257053,0.025,0.107561
0.694578,-0.449999,0.245113,0.0125,0.107561
0.719725,-0.498429,0.236257,0.0225,0.107561
0.735624,-0.466227,0.251389,0.0175,0.107561
0.714789,-0.451565,0.294119,0.0175,0.107561
0.859584,-0.324324,0.405011,0.045,0.0622313
0.846828,-0.34722,0.381283,0.025,0.0622313
0.857572,-0.363121,0.425092,0.0125,0.0622313
0.818449,-0.327484,0.409101,0.0225,0.0622313
0.844189,-0.322586,0.43795,0.0175,0.0622313
0.891614,-0.322514,0.422922,0.0175,0.0622313
0.21974,-0.253633,0.212656,0.045,0.744432
0.191797,-0.245998,0.192385,0.025,0.744432
0.220319,-0.282173,0.179526,0.0125,0.744432
0.187426,-0.277152,0.223675,0.0225,0.744432
0.224856,-0.288004,0.223491,0.0175,0.744432
0.255897,-0.253215,0.206137,0.0175,0.744432
0.345621,-0.307927,0.318698,0.045,1.14654
0.332339,-0.331485,0.295925,0.025,1.14654
0.309134,-0.290167,0.302396,0.0125,1.14654
0.358944,-0.29958,0.280337,0.0225,1.14654
0.350102,-0.273462,0.307877,0.0175,1.14654
0.332532,-0.293537,0.349868,0.0175,1.14654
0.426742,-0.341735,0.336739,0.045,0.28332
0.455898,-0.345411,0.356395,0.025,0.28332
0.439099,-0.301384,0.348212,0.0125,0.28332
0.416643,-0.342945,0.376929,0.0225,0.28332
0.399308,-0.321452,0.349428,0.0175,0.28332
0.420513,-0.325105,0.304573,0.0175,0.28332
0.478053,-0.246516,0.39712,0.045,0.504288
0.510097,-0.23984,0.410486,0.025,0.504288
0.499674,-0.223776,0.366659,0.0125,0.504288
0.478236,-0.209375,0.415539,0.0225,0.504288
0.458588,-0.219037,0.3833,0.0175,0.504288
0.466983,-0.265521,0.367688,0.0175,0.504288
0.638814,-0.0641394,0.296769,0.045,0.0859983
0.612163,-0.0808745,0.312883,0.025,0.0859983
0.653692,-0.103913,0.307219,0.0125,0.0859983
0.64192,-0.0594158,0.33784,0.0225,0.0859983
0.671496,-0.0634216,0.312781,0.0175,0.0859983
0.657229,-0.0710608,0.265737,0.0175,0.0859983
0.705667,-0.12556,0.295053,0.045,0.112026
0.681907,-0.113652,0.271736,0.025,0.112026
0.667763,-0.12223,0.316612,0.0125,0.112026
0.703036,-0.0842513,0.297385,0.0225,0.112026
0.708915,-0.108706,0.327153,0.0175,0.112026
0.707948,-0.156762,0.31432,0.0175,0.112026
0.844129,-0.1009,0.357757,0.045,0.0540053
0.841699,-0.0754725,0.333312,0.025,0.0540053
0.856888,-0.118814,0.319957,0.0125,0.0540053
0.807349,-0.103028,0.338744,0.0225,0.0540053
0.828611,-0.133185,0.351284,0.0175,0.0540053
0.872602,-0.120255,0.370588,0.0175,0.0540053
0.953165,-0.168785,0.362827,0.045,0.0376203
0.952916,-0.200189,0.379067,0.025,0.0376203
0.931005,-0.163256,0.400122,0.0125,0.0376203
0.918595,-0.189481,0.353064,0.0225,0.0376203
0.92174,-0.150988,0.358275,0.0175,0.0376203
0.967101,-0.136135,0.3723,0.0175,0.0376203
0.2902,0.0929537,0.256558,0.045,0.531251
0.310281,0.0917107,0.285631,0.025,0.531251
0.322718,0.121534,0.250369,0.0125,0.531251
0.27828,0.122355,0.283246,0.0225,0.531251
0.278698,0.125273,0.244387,0.0175,0.531251
0.297176,0.0852577,0.221315,0.0175,0.531251
0.447889,-0.0679054,0.364602,0.045,0.105767
0.456505,-0.0719121,0.398657,0.025,0.105767
0.467306,-0.0307042,0.376914,0.0125,0.105767
0.417878,-0.0524856,0.388691,0.0225,0.105767
0.429565,-0.0381595,0.354385,0.0175,0.105767
0.468132,-0.062437,0.33443,0.0175,0.105767
0.489815,0.0852213,0.307755,0.045,0.121024
0.493977,0.0594786,0.331629,0.025,0.121024
0.496558,0.0483789,0.285179,0.0125,0.121024
0.530114,0.0798286,0.315857,0.0225,0.121024
0.514555,0.0889836,0.28132,0.0175,0.121024
0.464835,0.0907071,0.281374,0.0175,0.121024
0.631568,0.246143,0.275734,0.045,0.0835308
0.661297,0.242865,0.294587,0.025,0.0835308
0.621197,0.222807,0.311236,0.0125,0.0835308
0.650614,0.210617,0.266044,0.0225,0.0835308
0.612119,0.216344,0.26807,0.0175,0.0835308
0.599243,0.262003,0.283053,0.0175,0.0835308
0.723842,0.198178,0.276402,0.045,0.0307852
0.696681,0.191892,0.298146,0.025,0.0307852
0.691484,0.182431,0.251552,0.0125,0.0307852
0.724588,0.158658,0.288904,0.0225,0.0307852
0.734752,0.171906,0.253691,0.0175,0.0307852
0.727877,0.220818,0.247746,0.0175,0.0307852
0.857879,0.128223,0.338332,0.045,0.0450701
0.837316,0.136601,0.365846,0.025,0.0450701
0.851292,0.171402,0.336164,0.0125,0.0450701
0.818071,0.128228,0.326753,0.0225,0.0450701
0.8484,0.139582,0.305074,0.0175,0.0450701
0.891995,0.13817,0.328999,0.0175,0.0450701
0.955022,0.0344782,0.348262,0.045,0.0397321
0.97481,0.00618928,0.340635,0.025,0.0397321
0.983667,0.0302165,0.38103,0.0125,0.0397321
0.939171,0.000796143,0.366511,0.0225,0.0397321
0.939592,0.0369149,0.38114,0.0175,0.0397321
0.963271,0.070026,0.35254,0.0175,0.0397321
0.0479403,0.230628,0.126251,0.045,0.0239576
0.0441745,0.196228,0.133493,0.025,0.0239576
0.0845543,0.21102,0.112561,0.0125,0.0239576
0.0649292,0.221984,0.163067,0.0225,0.0239576
0.078205,0.24775,0.137016,0.0175,0.0239576
0.0521008,0.248963,0.0946833,0.0175,0.0239576
0.298212,0.281611,0.33201,0.045,0.374515
0.269408,0.271327,0.314274,0.025,0.374515
0.299118,0.302642,0.293678,0.0125,0.374515
0.307507,0.249705,0.307225,0.0225,0.374515
0.330638,0.279942,0.315556,0.0175,0.374515
0.309264,0.314393,0.344387,0.0175,0.374515
0.504145,0.495717,0.356771,0.045,0.149628
0.485605,0.466148,0.36242,0.025,0.149628
0.524753,0.474104,0.388718,0.0125,0.149628
0.476897,0.50175,0.387428,0.0225,0.149628
0.512735,0.516883,0.385112,0.0175,0.149628
0.53863,0.501534,0.345503,0.0175,0.149628
0.543429,0.375292,0.3657,0.045,0.3815
0.578046,0.381741,0.368881,0.025,0.3815
0.547231,0.417602,0.376089,0.0125,0.3815
0.554972,0.371321,0.40532,0.0225,0.3815
0.52101,0.385498,0.392499,0.0175,0.3815
0.517782,0.388501,0.342946,0.0175,0.3815
0.633029,0.455882,0.27262,0.045,0.104648
0.617214,0.425714,0.282095,0.025,0.104648
0.627529,0.457875,0.315959,0.0125,0.104648
0.591933,0.46122,0.273793,0.0225,0.104648
0.618902,0.487514,0.283794,0.0175,0.104648
0.665595,0.470532,0.281271,0.0175,0.104648
0.729867,0.397749,0.28858,0.045,0.0215424
0.717251,0.377112,0.314366,0.025,0.0215424
0.708001,0.424012,0.315867,0.0125,0.0215424
0.691186,0.385878,0.279545,0.0225,0.0215424
0.707184,0.420476,0.271434,0.0175,0.0215424
0.753522,0.425864,0.288721,0.0175,0.0215424
0.870644,0.390876,0.320691,0.045,0.0218856
0.849586,0.413563,0.337775,0.025,0.0218856
0.863431,0.424141,0.293234,0.0125,0.0218856
0.831,0.383182,0.311312,0.0225,0.0218856
0.861443,0.380016,0.287189,0.0175,0.0218856
0.904728,0.394003,0.307332,0.0175,0.0218856
0.953274,0.163903,0.327429,0.045,0.0116966
0.938305,0.173546,0.357973,0.025,0.0116966
0.98547,0.165674,0.356971,0.0125,0.0116966
0.95573,0.205033,0.332018,0.0225,0.0116966
0.982547,0.182014,0.315595,0.0175,0.0116966
0.971317,0.133576,0.317198,0.0175,0.0116966
0.356554,0.424029,0.332168,0.045,0.317624
0.369776,0.392586,0.341466,0.025,0.317624
0.356767,0.423134,0.37589,0.0125,0.317624
0.325736,0.396994,0.33834,0.0225,0.317624
0.325108,0.435021,0.346841,0.0175,0.317624
0.368101,0.458426,0.337962,0.0175,0.317624
0.424765,0.66433,0.267655,0.045,0.206327
0.443017,0.634139,0.265335,0.025,0.206327
0.454992,0.665686,0.29923,0.0125,0.206327
0.408681,0.636068,0.293372,0.0225,0.206327
0.411275,0.674396,0.299931,0.0175,0.206327
0.434577,0.699535,0.263875,0.0175,0.206327
0.571845,0.631362,0.303152,0.045,0.124881
0.585078,0.632545,0.335916,0.025,0.124881
0.603247,0.661796,0.302724,0.0125,0.124881
0.552695,0.660877,0.325081,0.0225,0.124881
0.561481,0.662367,0.287143,0.0175,0.124881
0.586827,0.62284,0.270703,0.0175,0.124881
0.645144,0.62873,0.251399,0.045,0.0589077
0.65024,0.629642,0.286373,0.025,0.0589077
0.683477,0.648782,0.257801,0.0125,0.0589077
0.631286,0.664649,0.266777,0.0225,0.0589077
0.648563,0.659484,0.232228,0.0175,0.0589077
0.66388,0.612861,0.224065,0.0175,0.0589077
0.722089,0.607616,0.202269,0.045,0.0354579
0.743363,0.579431,0.203994,0.025,0.0354579
0.747254,0.613252,0.237588,0.0125,0.0354579
0.705378,0.578773,0.226917,0.0225,0.0354579
0.703237,0.617372,0.231839,0.0175,0.0354579
0.72883,0.643495,0.198111,0.0175,0.0354579
0.797989,0.584968,0.276057,0.045,0.0358372
0.802242,0.581312,0.310965,0.025,0.0358372
0.829266,0.613213,0.287737,0.0125,0.0358372
0.774626,0.612715,0.296133,0.0225,0.0358372
0.793046,0.618281,0.262243,0.0175,0.0358372
0.82067,0.57956,0.247661,0.0175,0.0358372
0.86848,0.527005,0.274085,0.045,0.0311381
0.885548,0.503112,0.293778,0.025,0.0311381
0.911003,0.536853,0.271393,0.0125,0.0311381
0.874246,0.541771,0.312393,0.0225,0.0311381
0.875319,0.562371,0.279328,0.0175,0.0311381
0.869668,0.53492,0.238225,0.0175,0.0311381
0.247388,0.362713,0.271326,0.045,0.283242
0.26978,0.372345,0.296935,0.025,0.283242
0.24449,0.406228,0.274576,0.0125,0.283242
0.227264,0.365279,0.307481,0.0225,0.283242
0.213038,0.374705,0.272445,0.0175,0.283242
0.246016,0.370473,0.235439,0.0175,0.283242
0.425108,0.717196,0.191148,0.045,0.154143
0.446795,0.696348,0.209722,0.025,0.154143
0.409415,0.716245,0.231956,0.0125,0.154143
0.410452,0.678419,0.191653,0.0225,0.154143
0.389247,0.711105,0.192531,0.0175,0.154143
0.416393,0.752765,0.194139,0.0175,0.154143
0.452389,0.876287,0.245084,0.045,0.229357
0.444537,0.841897,0.242703,0.025,0.229357
0.447006,0.861959,0.28605,0.0125,0.229357
0.41125,0.871154,0.2449,0.0225,0.229357
0.431062,0.897944,0.265113,0.0175,0.229357
0.480464,0.89425,0.260548,0.0175,0.229357
0.605985,0.803432,0.222112,0.045,0.0717052
0.605811,0.768265,0.218464,0.025,0.0717052
0.596124,0.786964,0.261407,0.0125,0.0717052
0.567486,0.790221,0.214231,0.0225,0.0717052
0.5774,0.819731,0.237675,0.0175,0.0717052
0.626505,0.826099,0.242486,0.0175,0.0717052
0.694248,0.819517,0.202747,0.045,0.0468899
0.674157,0.840205,0.223201,0.025,0.0468899
0.700042,0.860435,0.188441,0.0125,0.0468899
0.657332,0.825517,0.184861,0.0225,0.0468899
0.691611,0.822515,0.166566,0.0175,0.0468899
0.730536,0.817941,0.197207,0.0175,0.0468899
0.813316,0.712598,0.216393,0.045,0.0312558
0.793649,0.684026,0.223237,0.025,0.0312558
0.832015,0.69258,0.250484,0.0125,0.0312558
0.78514,0.72146,0.245485,0.0225,0.0312558
0.821502,0.735354,0.243599,0.0175,0.0312558
0.848367,0.71664,0.206142,0.0175,0.0312558
0.887896,0.684871,0.262394,0.045,0.0214316
0.889709,0.675645,0.296476,0.025,0.0214316
0.852188,0.701289,0.281575,0.0125,0.0214316
0.866988,0.649619,0.268634,0.0225,0.0214316
0.857315,0.678095,0.243849,0.0175,0.0214316
0.887583,0.717539,0.245581,0.0175,0.0214316
0.95081,0.513794,0.316967,0.045,0.00799392
0.957209,0.533484,0.288308,0.025,0.00799392
0.987712,0.535819,0.325072,0.0125,0.00799392
0.976318,0.493552,0.291309,0.0225,0.00799392
0.977381,0.492762,0.330257,0.0175,0.00799392
0.943988,0.522552,0.351992,0.0175,0.00799392
0.17519,0.788514,0.130883,0.045,0.151413
0.19596,0.812926,0.115961,0.025,0.151413
0.14913,0.813557,0.106261,0.0125,0.151413
0.175405,0.822936,0.153988,0.0225,0.151413
0.145041,0.799187,0.148265,0.0175,0.151413
0.154271,0.761824,0.11674,0.0175,0.151413
0.373898,0.912543,0.286742,0.045,0.577486
0.357556,0.940885,0.273337,0.025,0.577486
0.349497,0.929169,0.319002,0.0125,0.577486
0.395979,0.946705,0.294751,0.0225,0.577486
0.392015,0.915791,0.318146,0.0175,0.577486
0.361275,0.880891,0.300482,0.0175,0.577486
0.481185,0.950127,0.127707,0.045,0.0526162
0.505915,0.975096,0.123842,0.025,0.0526162
0.462673,0.987856,0.139804,0.0125,0.0526162
0.501082,0.956001,0.163601,0.0225,0.0526162
0.463238,0.947761,0.159287,0.0175,0.0526162
0.448415,0.945088,0.111873,0.0175,0.0526162
0.619065,0.955247,0.225657,0.045,0.029233
0.59183,0.93296,0.222262,0.025,0.029233
0.613487,0.936476,0.26476,0.0125,0.029233
0.583905,0.974047,0.237019,0.0225,0.029233
0.61903,0.97915,0.25311,0.0175,0.029233
0.654473,0.949977,0.233933,0.0175,0.029233
0.774018,0.955092,0.191474,0.045,0.0230501
0.782596,0.941241,0.160096,0.025,0.0230501
0.813866,0.937682,0.19611,0.0125,0.0230501
0.763799,0.914926,0.190476,0.0225,0.0230501
0.77725,0.934545,0.221346,0.0175,0.0230501
0.789029,0.981893,0.211633,0.0175,0.0230501
0.923398,0.952046,0.234471,0.045,0.0156133
0.896937,0.975165,0.230555,0.025,0.0156133
0.93459,0.987643,0.257277,0.0125,0.0156133
0.931599,0.977724,0.202973,0.0225,0.0156133
0.957521,0.962981,0.228063,0.0175,0.0156133
0.937297,0.935103,0.263963,0.0175,0.0156133
0.955073,0.792073,0.203753,0.045,0.0212121
0.958939,0.766743,0.179393,0.025,0.0212121
0.979633,0.760892,0.222113,0.0125,0.0212121
0.925997,0.762969,0.208878,0.0225,0.0212121
0.94391,0.78291,0.237166,0.0175,0.0212121
0.979213,0.813907,0.220799,0.0175,0.0212121
0.247417,-0.722213,0.276181,0.045,0.482339
0.254327,-0.744491,0.302751,0.025,0.482339
0.28413,-0.707868,0.295127,0.0125,0.482339
0.231317,-0.707568,0.311466,0.0225,0.482339
0.247055,-0.686415,0.282768,0.0175,0.482339
0.265947,-0.713613,0.245641,0.0175,0.482339
0.215908,-0.865196,0.18204,0.045,0.141885
0.182449,-0.868868,0.171224,0.025,0.141885
0.217304,-0.868722,0.138473,0.0125,0.141885
0.206557,-0.905421,0.178397,0.0225,0.141885
0.240949,-0.888921,0.170417,0.0175,0.141885
0.241313,-0.839444,0.175606,0.0175,0.141885
0.283522,-0.955262,0.32943,0.045,0.472929
0.310909,-0.975085,0.339774,0.025,0.472929
0.29139,-0.98343,0.296915,0.0125,0.472929
0.318903,-0.939069,0.315121,0.0225,0.472929
0.284564,-0.939375,0.296696,0.0175,0.472929
0.248672,-0.96354,0.321248,0.0175,0.472929
0.459991,-0.890234,0.301462,0.045,0.127878
0.438906,-0.891704,0.329805,0.025,0.127878
0.477979,-0.864181,0.331631,0.0125,0.127878
0.432658,-0.859081,0.300386,0.0225,0.127878
0.469685,-0.857707,0.288309,0.0175,0.127878
0.495089,-0.899746,0.296207,0.0175,0.127878
0.573897,-0.95514,0.351776,0.045,0.0167441
0.580322,-0.9362,0.380931,0.025,0.0167441
0.539829,-0.928181,0.356777,0.0125,0.0167441
0.556022,-0.973147,0.384563,0.0225,0.0167441
0.541775,-0.971907,0.34831,0.0175,0.0167441
0.569632,-0.945649,0.316538,0.0175,0.0167441
0.684905,-0.949266,0.277331,0.045,0.0114176
0.65764,-0.961978,0.295906,0.025,0.0114176
0.674582,-0.987782,0.259374,0.0125,0.0114176
0.698689,-0.974392,0.307289,0.0225,0.0114176
0.713853,-0.970576,0.271592,0.0175,0.0114176
0.688469,-0.939618,0.242058,0.0175,0.0114176
0.951795,-0.944683,0.264974,0.045,0.00862812
0.948453,-0.974646,0.246506,0.025,0.00862812
0.987635,-0.947969,0.240131,0.0125,0.00862812
0.970748,-0.975736,0.284853,0.0225,0.00862812
0.98258,-0.938632,0.28343,0.0175,0.00862812
0.954234,-0.909468,0.254778,0.0175,0.00862812
0.955517,-0.772108,0.293939,0.045,0.00349591
0.967127,-0.738798,0.296314,0.025,0.00349591
0.922373,-0.748571,0.310063,0.0125,0.00349591
0.970398,-0.764996,0.331975,0.0225,0.00349591
0.939868,-0.787488,0.322983,0.0175,0.00349591
0.92836,-0.787531,0.274583,0.0175,0.00349591
0.272812,-0.669489,0.348257,0.045,0.340972
0.265764,-0.704058,0.345956,0.025,0.340972
0.295608,-0.688913,0.380125,0.0125,0.340972
0.241555,-0.679272,0.373675,0.0225,0.340972
0.269393,-0.652855,0.380454,0.0175,0.340972
0.303943,-0.650291,0.34475,0.0175,0.340972
0.334437,-0.758213,0.232651,0.045,0.351746
0.348377,-0.756705,0.265107,0.025,0.351746
0.357526,-0.721118,0.23449,0.0125,0.351746
0.309686,-0.736297,0.257667,0.0225,0.351746
0.316231,-0.729398,0.219874,0.0175,0.351746
0.349637,-0.759951,0.199245,0.0175,0.351746
0.410271,-0.73396,0.290477,0.045,0.293723
0.376407,-0.725718,0.296419,0.025,0.293723
0.408783,-0.69053,0.295383,0.0125,0.293723
0.391682,-0.723946,0.254798,0.0225,0.293723
0.428555,-0.716021,0.264614,0.0175,0.293723
0.44063,-0.730035,0.310796,0.0175,0.293723
0.53507,-0.771227,0.279213,0.045,0.0706658
0.501735,-0.760713,0.284523,0.025,0.0706658
0.536834,-0.738838,0.308545,0.0125,0.0706658
0.526171,-0.739306,0.254301,0.0225,0.0706658
0.560447,-0.746304,0.271475,0.0175,0.0706658
0.560252,-0.785909,0.301582,0.0175,0.0706658
0.689184,-0.866838,0.312304,0.045,0.0347661
0.688623,-0.865457,0.347628,0.025,0.0347661
0.727996,-0.850936,0.324684,0.0125,0.0347661
0.677176,-0.829175,0.324796,0.0225,0.0347661
0.699117,-0.837226,0.293611,0.0175,0.0347661
0.710178,-0.885471,0.288596,0.0175,0.0347661
0.779932,-0.869119,0.340875,0.045,0.01827
0.810542,-0.867733,0.323237,0.025,0.01827
0.805849,-0.841864,0.36319,0.0125,0.01827
0.806562,-0.896745,0.356572,0.0225,0.01827
0.780424,-0.87593,0.376629,0.0175,0.01827
0.754808,-0.843535,0.348891,0.0175,0.01827
0.953056,-0.701219,0.235628,0.045,0.00926203
0.924636,-0.721954,0.239136,0.025,0.00926203
0.968041,-0.741432,0.244046,0.0125,0.00926203
0.942404,-0.70397,0.2756,0.0225,0.00926203
0.978666,-0.701804,0.261489,0.0175,0.00926203
0.981022,-0.701382,0.211797,0.0175,0.00926203
0.177038,-0.540637,0.294909,0.045,0.623325
0.180745,-0.561799,0.322987,0.025,0.623325
0.137724,-0.55827,0.302391,0.0125,0.623325
0.184754,-0.579423,0.282465,0.0225,0.623325
0.161307,-0.553774,0.264826,0.0175,0.623325
0.156725,-0.51058,0.289081,0.0175,0.623325
0.388154,-0.59743,0.439679,0.045,0.476291
0.375816,-0.585628,0.40872,0.025,0.476291
0.408721,-0.559659,0.431751,0.0125,0.476291
0.413014,-0.609815,0.408901,0.0225,0.476291
0.424142,-0.59941,0.44477,0.0175,0.476291
0.386877,-0.583635,0.47371,0.0175,0.476291
0.454134,-0.631104,0.358632,0.045,0.302566
0.432682,-0.65233,0.340212,0.025,0.302566
0.474532,-0.669666,0.355561,0.0125,0.302566
0.430425,-0.653163,0.384518,0.0225,0.302566
0.467518,-0.642764,0.390412,0.0175,0.302566
0.488027,-0.618494,0.352132,0.0175,0.302566
0.533892,-0.627216,0.24802,0.045,0.18312
0.503806,-0.609923,0.254787,0.025,0.18312
0.518566,-0.643317,0.285681,0.0125,0.18312
0.541481,-0.594729,0.272632,0.0225,0.18312
0.559274,-0.629374,0.274022,0.0175,0.18312
0.541189,-0.662686,0.2418,0.0175,0.18312
0.674356,-0.616768,0.306362,0.045,0.0884225
0.680783,-0.594637,0.27955,0.025,0.0884225
0.714066,-0.626968,0.291145,0.0125,0.0884225
0.663323,-0.634412,0.270505,0.0225,0.0884225
0.678961,-0.652515,0.30127,0.0175,0.0884225
0.691053,-0.622015,0.338668,0.0175,0.0884225
0.746681,-0.559674,0.292187,0.045,0.121682
0.712588,-0.553258,0.299003,0.025,0.121682
0.728065,-0.598505,0.29981,0.0125,0.121682
0.740838,-0.556248,0.333087,0.0225,0.121682
0.765737,-0.58037,0.315286,0.0175,0.121682
0.763449,-0.578723,0.265616,0.0175,0.121682
0.841278,-0.452981,0.298667,0.045,0.0630208
0.863504,-0.468652,0.321259,0.025,0.0630208
0.879646,-0.456345,0.277953,0.0125,0.0630208
0.862628,-0.424318,0.319676,0.0225,0.0630208
0.851495,-0.422063,0.282397,0.0175,0.0630208
0.828466,-0.462871,0.265681,0.0175,0.0630208
0.947321,-0.349489,0.414948,0.045,0.0508452
0.975147,-0.367829,0.426753,0.025,0.0508452
0.981138,-0.338391,0.389537,0.0125,0.0508452
0.968775,-0.326702,0.442137,0.0225,0.0508452
0.950525,-0.313526,0.410324,0.0175,0.0508452
0.929686,-0.349282,0.382716,0.0175,0.0508452
0.169929,-0.389462,0.189411,0.045,0.319849
0.184138,-0.409342,0.163859,0.025,0.319849
0.212381,-0.393555,0.199081,0.0125,0.319849
0.170228,-0.429272,0.200981,0.0225,0.319849
0.175864,-0.398467,0.224177,0.0175,0.319849
0.176107,-0.354884,0.200189,0.0175,0.319849
0.345803,-0.333877,0.404427,0.045,1.02984
0.324647,-0.359477,0.3923,0.025,1.02984
0.37189,-0.366932,0.392621,0.0125,1.02984
0.336897,-0.360498,0.434934,0.0225,1.02984
0.370803,-0.342043,0.429592,0.0175,1.02984
0.372322,-0.314062,0.388486,0.0175,1.02984
0.473006,-0.33671,0.444359,0.045,0.300034
0.472469,-0.338526,0.409054,0.025,0.300034
0.489506,-0.375789,0.433725,0.0125,0.300034
0.438194,-0.355316,0.431683,0.0225,0.300034
0.458662,-0.364018,0.463685,0.0175,0.300034
0.500458,-0.337518,0.468767,0.0175,0.300034
0.603808,-0.270964,0.363901,0.045,0.144595
0.603033,-0.273308,0.39917,0.025,0.144595
0.628477,-0.238175,0.379028,0.0125,0.144595
0.573845,-0.246635,0.379036,0.0225,0.144595
0.596341,-0.239013,0.34814,0.0175,0.144595
0.63119,-0.273458,0.339528,0.0175,0.144595
0.661519,-0.203887,0.295816,0.045,0.186776
0.666843,-0.186404,0.326082,0.025,0.186776
0.700894,-0.185145,0.292519,0.0125,0.186776
0.649665,-0.164384,0.291603,0.0225,0.186776
0.666458,-0.186471,0.264236,0.0175,0.186776
0.679241,-0.231902,0.279972,0.0175,0.186776
0.756248,-0.206846,0.328357,0.045,0.11736
0.755541,-0.241933,0.33265,0.025,0.11736
0.784277,-0.223449,0.299182,0.0125,0.11736
0.786478,-0.218543,0.354203,0.0225,0.11736
0.788365,-0.189718,0.328044,0.0175,0.11736
0.747544,-0.185206,0.299967,0.0175,0.11736
0.911137,-0.268132,0.349898,0.045,0.0472596
0.923108,-0.301156,0.345882,0.025,0.0472596
0.894552,-0.282806,0.312187,0.0125,0.0472596
0.945701,-0.26796,0.327006,0.0225,0.0472596
0.914913,-0.244502,0.322469,0.0175,0.0472596
0.877265,-0.254348,0.353465,0.0175,0.0472596
0.277123,0.000506401,0.29301,0.045,0.342032
0.286316,-7.64579e-05,0.258875,0.025,0.342032
0.252336,-0.0301248,0.274041,0.0125,0.342032
0.251888,0.025081,0.271146,0.0225,0.342032
0.241898,0.00317128,0.301788,0.0175,0.342032
0.278991,-0.0248037,0.319579,0.0175,0.342032
0.362723,-0.044651,0.314859,0.045,0.639966
0.337466,-0.0376349,0.338584,0.025,0.639966
0.380425,-0.0173367,0.344067,0.0125,0.639966
0.342701,-0.00990508,0.304343,0.0225,0.639966
0.380714,-0.0169912,0.299488,0.0175,0.639966
0.395595,-0.060809,0.317752,0.0175,0.639966
0.430181,-0.107177,0.464521,0.045,0.595503
0.461114,-0.0910317,0.458823,0.025,0.595503
0.421016,-0.0699411,0.443497,0.0125,0.595503
0.43794,-0.0802799,0.495101,0.0225,0.595503
0.403011,-0.0884216,0.479854,0.0175,0.595503
0.404552,-0.120322,0.441709,0.0175,0.595503
0.533291,0.0258083,0.378259,0.045,0.0922141
0.53323,0.0607438,0.372826,0.025,0.0922141
0.570338,0.0411143,0.395744,0.0125,0.0922141
0.553832,0.0347309,0.34337,0.0225,0.0922141
0.562636,0.00648872,0.36874,0.0175,0.0922141
0.533284,0.00552606,0.408896,0.0175,0.0922141
0.653845,0.150173,0.334215,0.045,0.120075
0.653712,0.184871,0.341002,0.025,0.120075
0.657733,0.170348,0.29561,0.0125,0.120075
0.615336,0.165123,0.330702,0.0225,0.120075
0.631252,0.137029,0.308881,0.0175,0.120075
0.679042,0.127965,0.319319,0.0175,0.120075
0.745651,0.103953,0.32336,0.045,0.0716278
0.763704,0.0813668,0.343706,0.025,0.0716278
0.787963,0.113697,0.318138,0.0125,0.0716278
0.753069,0.121088,0.360376,0.0225,0.0716278
0.752552,0.13959,0.326081,0.0175,0.0716278
0.745183,0.109621,0.287061,0.0175,0.0716278
0.864106,-0.0306997,0.412763,0.045,0.0176887
0.839094,-0.0555942,0.410606,0.025,0.0176887
0.881841,-0.067454,0.428483,0.0125,0.0176887
0.843457,-0.033145,0.448629,0.0225,0.0176887
0.881492,-0.0257992,0.444365,0.0175,0.0176887
0.897236,-0.0274905,0.397203,0.0175,0.0176887
0.948174,-0.0519657,0.434216,0.045,0.0137983
0.925427,-0.0697584,0.454613,0.025,0.0137983
0.965108,-0.0519817,0.474536,0.0125,0.0137983
0.921868,-0.025586,0.452405,0.0225,0.0137983
0.959564,-0.0191005,0.444945,0.0175,0.0137983
0.983229,-0.058087,0.42507,0.0175,0.0137983
0.253991,0.261846,0.435377,0.045,0.505063
0.256073,0.236592,0.410722,0.025,0.505063
0.219569,0.267446,0.40899,0.0125,0.505063
0.273667,0.276357,0.401895,0.0225,0.505063
0.249467,0.29642,0.42493,0.0175,0.505063
0.228889,0.269246,0.461167,0.0175,0.505063
0.357889,0.297335,0.402734,0.045,0.378127
0.360759,0.317672,0.431511,0.025,0.378127
0.390674,0.280703,0.426421,0.0125,0.378127
0.386247,0.326903,0.396384,0.0225,0.378127
0.387661,0.290331,0.382996,0.0175,0.378127
0.349919,0.261745,0.398275,0.0175,0.378127
0.511152,0.244396,0.434019,0.045,0.342065
0.487636,0.249854,0.459849,0.025,0.342065
0.525066,0.221361,0.468491,0.0125,0.342065
0.523693,0.275659,0.458188,0.0225,0.342065
0.54655,0.249156,0.441044,0.0175,0.342065
0.521614,0.21409,0.416072,0.0175,0.342065
0.596243,0.324656,0.30105,0.045,0.0957468
0.589632,0.305304,0.329891,0.025,0.0957468
0.607106,0.349487,0.335371,0.0125,0.0957468
0.558254,0.333099,0.315343,0.0225,0.0957468
0.58292,0.35847,0.299014,0.0175,0.0957468
0.627209,0.338995,0.287431,0.0175,0.0957468
0.685328,0.318024,0.295996,0.045,0.0615782
0.68324,0.296245,0.323769,0.025,0.0615782
0.714171,0.332688,0.325416,0.0125,0.0615782
0.658909,0.333349,0.32403,0.0225,0.0615782
0.683131,0.35394,0.301491,0.0175,0.0615782
0.712695,0.326027,0.272823,0.0175,0.0615782
0.741404,0.261026,0.33809,0.045,0.0300318
0.736015,0.244242,0.368737,0.025,0.0300318
0.771441,0.276257,0.365988,0.0125,0.0300318
0.716776,0.283737,0.362513,0.0225,0.0300318
0.743862,0.297344,0.338019,0.0175,0.0300318
0.769961,0.261801,0.314984,0.0175,0.0300318
0.853618,0.29468,0.350023,0.045,0.0203828
0.833362,0.321523,0.339108,0.025,0.0203828
0.8125,0.284292,0.360698,0.0125,0.0203828
0.847879,0.321587,0.381037,0.0225,0.0203828
0.850305,0.282827,0.38428,0.0175,0.0203828
0.854716,0.259143,0.340753,0.0175,0.0203828
0.18256,0.247942,0.210637,0.045,0.230206
0.150038,0.261388,0.214035,0.025,0.230206
0.187539,0.288765,0.225508,0.0125,0.230206
0.172203,0.268753,0.176309,0.0225,0.230206
0.207686,0.266862,0.192314,0.0175,0.230206
0.209274,0.241327,0.234981,0.0175,0.230206
0.41791,0.469734,0.378967,0.045,0.445244
0.415567,0.49537,0.403202,0.025,0.445244
0.447859,0.499725,0.368191,0.0125,0.445244
0.392643,0.499699,0.36546,0.0225,0.445244
0.417161,0.478643,0.343682,0.0175,0.445244
0.445089,0.446788,0.369763,0.0175,0.445244
0.542938,0.573876,0.377977,0.045,0.155418
0.516928,0.562183,0.398876,0.025,0.155418
0.550328,0.590842,0.417602,0.0125,0.155418
0.512147,0.601614,0.379099,0.0225,0.155418
0.550256,0.609524,0.377123,0.0175,0.155418
0.579374,0.569223,0.378853,0.0175,0.155418
0.574253,0.542054,0.296099,0.045,0.116313
0.567625,0.525932,0.326858,0.025,0.116313
0.609503,0.517832,0.305222,0.0125,0.116313
0.58968,0.564428,0.327406,0.0225,0.116313
0.605526,0.560237,0.292049,0.0175,0.116313
0.580551,0.529186,0.262264,0.0175,0.116313
0.642983,0.536261,0.226719,0.045,0.0554794
0.655629,0.521494,0.256249,0.025,0.0554794
0.679166,0.558495,0.237159,0.0125,0.0554794
0.628817,0.556657,0.259916,0.0225,0.0554794
0.638412,0.572354,0.225561,0.0175,0.0554794
0.656854,0.539702,0.19287,0.0175,0.0554794
0.724052,0.509522,0.261645,0.045,0.0328563
0.733262,0.52444,0.292348,0.025,0.0328563
0.760255,0.48896,0.275026,0.0125,0.0328563
0.751629,0.53975,0.254971,0.0225,0.0328563
0.749078,0.506129,0.23543,0.0175,0.0328563
0.714104,0.475285,0.252766,0.0175,0.0328563
0.794405,0.503763,0.31877,0.045,0.0480492
0.791937,0.468781,0.323263,0.025,0.0480492
0.835096,0.48801,0.315839,0.0125,0.0480492
0.800619,0.49415,0.358617,0.0225,0.0480492
0.818449,0.52249,0.338675,0.0175,0.0480492
0.805873,0.524346,0.290578,0.0175,0.0480492
0.94788,0.308796,0.327512,0.045,0.0150837
0.928969,0.338642,0.328772,0.025,0.0150837
0.953347,0.325223,0.367671,0.0125,0.0150837
0.971969,0.341207,0.318134,0.0225,0.0150837
0.982714,0.309482,0.338052,0.0175,0.0150837
0.945686,0.277296,0.346298,0.0175,0.0150837
0.308788,0.668244,0.331572,0.045,0.582709
0.337712,0.655756,0.315526,0.025,0.582709
0.30179,0.672232,0.288588,0.0125,0.582709
0.335014,0.699321,0.323497,0.0225,0.582709
0.296104,0.701034,0.322139,0.0175,0.582709
0.27364,0.657552,0.331068,0.0175,0.582709
0.366839,0.732013,0.273857,0.045,0.141038
0.352724,0.699812,0.270137,0.025,0.141038
0.327498,0.737775,0.255648,0.0125,0.141038
0.374928,0.71732,0.235943,0.0225,0.141038
0.367504,0.754442,0.245196,0.0175,0.141038
0.356487,0.761489,0.293195,0.0175,0.141038
0.546134,0.788696,0.28914,0.045,0.0819452
0.551784,0.77762,0.322237,0.025,0.0819452
0.586419,0.77169,0.28979,0.0125,0.0819452
0.565411,0.818285,0.310858,0.0225,0.0819452
0.570918,0.810043,0.273168,0.0175,0.0819452
0.544745,0.770946,0.256999,0.0175,0.0819452
0.658782,0.734144,0.247648,0.045,0.0520463
0.65414,0.699268,0.244164,0.025,0.0520463
0.692304,0.715078,0.26827,0.0125,0.0520463
0.638576,0.719203,0.280621,0.0225,0.0520463
0.664897,0.747942,0.280773,0.0175,0.0520463
0.68537,0.756827,0.23631,0.0175,0.0520463
0.733913,0.676618,0.25877,0.045,0.0335741
0.75859,0.651704,0.263285,0.025,0.0335741
0.767885,0.696212,0.278121,0.0125,0.0335741
0.730445,0.659965,0.296578,0.0225,0.0335741
0.724239,0.697265,0.287144,0.0175,0.0335741
0.733533,0.707857,0.239433,0.0175,0.0335741
0.810852,0.670364,0.306252,0.045,0.0284247
0.791685,0.670959,0.335955,0.025,0.0284247
0.830401,0.642935,0.334144,0.0125,0.0284247
0.826659,0.698074,0.33273,0.0225,0.0284247
0.846849,0.675354,0.308338,0.0175,0.0284247
0.81873,0.643537,0.282414,0.0175,0.0284247
0.875262,0.608464,0.321362,0.045,0.0280318
0.878948,0.591744,0.352294,0.025,0.0280318
0.914593,0.589363,0.320493,0.0125,0.0280318
0.89504,0.632908,0.348382,0.0225,0.0280318
0.901727,0.63075,0.310049,0.0175,0.0280318
0.874362,0.596408,0.286665,0.0175,0.0280318
0.257019,0.537559,0.280442,0.045,0.606411
0.264847,0.523591,0.311964,0.025,0.606411
0.238112,0.49814,0.28155,0.0125,0.606411
0.290936,0.513911,0.277404,0.0225,0.606411
0.263124,0.51793,0.250401,0.0175,0.606411
0.225126,0.546704,0.264656,0.0175,0.606411
0.347132,0.757426,0.175529,0.045,0.190206
0.328567,0.767877,0.147312,0.025,0.190206
0.305526,0.746442,0.183329,0.0125,0.190206
0.331473,0.795243,0.182118,0.0225,0.190206
0.33578,0.767103,0.208732,0.0175,0.190206
0.353226,0.724327,0.19027,0.0175,0.190206
0.41013,0.945061,0.202143,0.045,0.318623
0.424969,0.939649,0.233773,0.025,0.318623
0.449479,0.927567,0.19452,0.0125,0.318623
0.433838,0.977494,0.212377,0.0225,0.318623
0.428975,0.962859,0.176587,0.0175,0.318623
0.400423,0.922145,0.175112,0.0175,0.318623
0.523516,0.945625,0.229547,0.045,0.0233684
0.524555,0.952815,0.264147,0.025,0.0233684
0.549873,0.980209,0.234213,0.0125,0.0233684
0.495102,0.974334,0.238885,0.0225,0.0233684
0.516126,0.97249,0.206123,0.0175,0.0233684
0.549478,0.93558,0.205566,0.0175,0.0233684
0.704956,0.906462,0.221976,0.045,0.0322131
0.710186,0.891716,0.253681,0.025,0.0322131
0.747684,0.910249,0.230489,0.0125,0.0322131
0.703224,0.935484,0.251531,0.0225,0.0322131
0.717871,0.939908,0.215689,0.0175,0.0322131
0.717623,0.898263,0.188475,0.0175,0.0322131
0.831409,0.899556,0.235164,0.045,0.0649495
0.858088,0.905042,0.212623,0.025,0.0649495
0.813304,0.912043,0.197364,0.0125,0.0649495
0.842268,0.939564,0.235573,0.0225,0.0649495
0.80614,0.925432,0.23928,0.0175,0.0649495
0.803246,0.87596,0.234905,0.0175,0.0649495
0.871345,0.777556,0.247384,0.045,0.0162122
0.883323,0.760579,0.27599,0.025,0.0162122
0.894894,0.743738,0.232747,0.0125,0.0162122
0.90925,0.791241,0.257112,0.0225,0.0162122
0.894853,0.786791,0.221172,0.0175,0.0162122
0.849108,0.76727,0.220002,0.0175,0.0162122
0.950103,0.613576,0.268686,0.045,0.0116055
0.946573,0.608834,0.303544,0.025,0.0116055
0.981537,0.58561,0.280616,0.0125,0.0116055
0.974853,0.639827,0.289108,0.0225,0.0116055
0.982801,0.622248,0.255247,0.0175,0.0116055
0.947564,0.590521,0.24019,0.0175,0.0116055
0.32185,-0.745486,0.334637,0.045,0.495519
0.325973,-0.779973,0.341243,0.025,0.495519
0.285722,-0.75848,0.355576,0.0125,0.495519
0.304415,-0.76786,0.304401,0.0225,0.495519
0.291192,-0.734089,0.318662,0.0175,0.495519
0.317927,-0.71636,0.356688,0.0175,0.495519
0.369431,-0.856146,0.276937,0.045,0.0908623
0.392809,-0.880537,0.287354,0.025,0.0908623
0.408754,-0.841807,0.264264,0.0125,0.0908623
0.384961,-0.845933,0.313994,0.0225,0.0908623
0.375332,-0.821243,0.28542,0.0175,0.0908623
0.359883,-0.8436,0.243749,0.0175,0.0908623
0.465871,-0.804076,0.325955,0.045,0.239674
0.499199,-0.796819,0.335259,0.025,0.239674
0.474254,-0.763683,0.311444,0.0125,0.239674
0.466379,-0.784029,0.36224,0.0225,0.239674
0.439634,-0.780214,0.334153,0.0175,0.239674
0.449344,-0.806824,0.293255,0.0175,0.239674
0.550885,-0.855021,0.317862,0.045,0.105057
0.578273,-0.871937,0.303241,0.025,0.105057
0.586364,-0.842902,0.340376,0.0125,0.105057
0.558156,-0.890398,0.338217,0.0225,0.105057
0.546223,-0.856786,0.353919,0.0175,0.105057
0.542832,-0.819341,0.32134,0.0175,0.105057
0.667431,-0.9553,0.365311,0.045,0.00855051
0.642279,-0.96631,0.343036,0.025,0.00855051
0.629282,-0.942436,0.382389,0.0125,0.00855051
0.658076,-0.925096,0.338497,0.0225,0.00855051
0.667572,-0.920509,0.376015,0.0175,0.00855051
0.674581,-0.963269,0.400459,0.0175,0.00855051
0.862295,-0.951283,0.341229,0.045,0.0134079
0.873599,-0.956492,0.374322,0.025,0.0134079
0.882483,-0.914433,0.353356,0.0125,0.0134079
0.834228,-0.936973,0.368178,0.0225,0.0134079
0.843104,-0.921303,0.333618,0.0175,0.0134079
0.880061,-0.944559,0.309778,0.0175,0.0134079
0.955276,-0.836529,0.357997,0.045,0.00815983
0.963144,-0.86328,0.379733,0.025,0.00815983
0.931511,-0.830455,0.394202,0.0125,0.00815983
0.927875,-0.867253,0.353105,0.0225,0.00815983
0.920328,-0.829074,0.351068,0.0175,0.00815983
0.95959,-0.800159,0.360941,0.0175,0.00815983
0.131686,-0.602197,0.237557,0.045,0.582904
0.119898,-0.634938,0.243805,0.025,0.582904
0.10141,-0.610469,0.207104,0.0125,0.582904
0.152794,-0.62946,0.214538,0.0225,0.582904
0.142475,-0.593411,0.203921,0.0175,0.582904
0.115053,-0.569436,0.237806,0.0175,0.582904
0.351724,-0.705216,0.408875,0.045,0.422681
0.349628,-0.736831,0.424564,0.025,0.422681
0.392596,-0.720589,0.411244,0.0125,0.422681
0.357906,-0.701197,0.449672,0.0225,0.422681
0.375489,-0.680732,0.421552,0.0175,0.422681
0.36306,-0.694855,0.375497,0.0175,0.422681
0.447134,-0.718031,0.381557,0.045,0.412943
0.46166,-0.736166,0.354909,0.025,0.412943
0.453364,-0.689426,0.34907,0.0125,0.412943
0.488448,-0.715031,0.383272,0.0225,0.412943
0.462889,-0.687116,0.39256,0.0175,0.412943
0.415421,-0.699737,0.384657,0.0175,0.412943
0.489652,-0.69237,0.291764,0.045,0.267991
0.519503,-0.700407,0.30892,0.025,0.267991
0.522574,-0.680584,0.265502,0.0125,0.267991
0.503261,-0.659291,0.312724,0.0225,0.267991
0.485652,-0.658927,0.27796,0.0175,0.267991
0.475399,-0.704185,0.260027,0.0175,0.267991
0.643565,-0.763222,0.370642,0.045,0.0549005
0.642144,-0.774964,0.40396,0.025,0.0549005
0.684975,-0.768387,0.383719,0.0125,0.0549005
0.646163,-0.731327,0.396999,0.0225,0.0549005
0.664682,-0.73461,0.362867,0.0175,0.0549005
0.656914,-0.777972,0.339751,0.0175,0.0549005
0.756589,-0.654016,0.318719,0.045,0.0435467
0.754122,-0.652418,0.353952,0.025,0.0435467
0.797208,-0.647842,0.3337,0.0125,0.0435467
0.753179,-0.614529,0.330879,0.0225,0.0435467
0.774497,-0.627716,0.30104,0.0175,0.0435467
0.773978,-0.677222,0.296155,0.0175,0.0435467
0.873595,-0.698156,0.293342,0.045,0.0323839
0.840402,-0.690724,0.283698,0.025,0.0323839
0.851041,-0.735459,0.296856,0.0125,0.0323839
0.850873,-0.688975,0.32678,0.0225,0.0323839
0.879401,-0.715454,0.324839,0.0175,0.0323839
0.898932,-0.720821,0.2794,0.0175,0.0323839
0.95513,-0.524269,0.301202,0.045,0.0223069
0.968294,-0.555378,0.290764,0.025,0.0223069
0.984383,-0.53611,0.331476,0.0125,0.0223069
0.934041,-0.555227,0.318968,0.0225,0.0223069
0.942655,-0.520874,0.335229,0.0175,0.0223069
0.970614,-0.491379,0.306536,0.0175,0.0223069
0.265324,-0.555473,0.294323,0.045,0.60852
0.254324,-0.580669,0.272092,0.025,0.60852
0.291528,-0.5899,0.300696,0.0125,0.60852
0.238572,-0.580624,0.313573,0.0225,0.60852
0.269843,-0.563676,0.329498,0.0175,0.60852
0.297097,-0.537268,0.297329,0.0175,0.60852
0.497231,-0.492571,0.381198,0.045,0.120302
0.487115,-0.525077,0.390739,0.025,0.120302
0.486129,-0.513384,0.344373,0.0125,0.120302
0.529289,-0.51872,0.378505,0.0225,0.120302
0.521864,-0.488797,0.354666,0.0175,0.120302
0.479421,-0.464916,0.364826,0.0175,0.120302
0.585659,-0.573022,0.339609,0.045,0.0900322
0.61544,-0.59116,0.333769,0.025,0.0900322
0.588085,-0.579242,0.29639,0.0125,0.0900322
0.61666,-0.546897,0.330937,0.0225,0.0900322
0.579363,-0.542728,0.320435,0.0175,0.0900322
0.550287,-0.580906,0.333552,0.0175,0.0900322
0.555085,-0.406077,0.38865,0.045,0.175684
0.588423,-0.405857,0.40042,0.025,0.175684
0.580675,-0.410094,0.353414,0.0125,0.175684
0.570346,-0.367559,0.387182,0.0225,0.175684
0.545749,-0.383615,0.361571,0.0175,0.175684
0.535312,-0.431376,0.370789,0.0175,0.175684
0.712458,-0.356855,0.29729,0.045,0.0955714
0.726142,-0.385407,0.313023,0.025,0.0955714
0.752198,-0.345331,0.311446,0.0125,0.0955714
0.704816,-0.355588,0.338018,0.0225,0.0955714
0.712642,-0.325086,0.315058,0.0175,0.0955714
0.722916,-0.337362,0.267954,0.0175,0.0955714
0.761931,-0.323872,0.366131,0.045,0.0666405
0.780429,-0.345476,0.387132,0.025,0.0666405
0.799529,-0.303352,0.374956,0.0125,0.0666405
0.755024,-0.314297,0.405872,0.0225,0.0666405
0.757274,-0.289189,0.376152,0.0175,0.0666405
0.76845,-0.310416,0.332568,0.0175,0.0666405
0.879069,-0.411642,0.387054,0.045,0.0753195
0.88763,-0.431758,0.359268,0.025,0.0753195
0.912657,-0.436613,0.399735,0.0125,0.0753195
0.859572,-0.448148,0.389481,0.0225,0.0753195
0.873684,-0.427504,0.419371,0.0175,0.0753195
0.897686,-0.386099,0.405789,0.0175,0.0753195
0.185075,-0.230648,0.302995,0.045,0.558947
0.170223,-0.261638,0.294684,0.025,0.558947
0.217906,-0.258963,0.297262,0.0125,0.558947
0.180054,-0.253546,0.337189,0.0225,0.558947
0.20978,-0.229483,0.329702,0.0175,0.558947
0.207888,-0.208431,0.284666,0.0175,0.558947
0.298923,-0.274716,0.246525,0.045,0.773183
0.305748,-0.305819,0.261888,0.025,0.773183
0.317334,-0.265665,0.285146,0.0125,0.773183
0.26754,-0.285378,0.271428,0.0225,0.773183
0.280911,-0.249284,0.265333,0.0175,0.773183
0.320693,-0.247236,0.235532,0.0175,0.773183
0.408049,-0.188513,0.404323,0.045,0.676362
0.415249,-0.165807,0.430449,0.025,0.676362
0.451631,-0.185781,0.406683,0.0125,0.676362
0.413088,-0.150357,0.388911,0.0225,0.676362
0.423846,-0.183719,0.371881,0.0175,0.676362
0.415696,-0.224152,0.399697,0.0175,0.676362
0.539115,-0.180156,0.432071,0.045,0.299332
0.564313,-0.20371,0.424311,0.025,0.299332
0.536671,-0.187144,0.38897,0.0125,0.299332
0.573668,-0.160527,0.420258,0.0225,0.299332
0.537091,-0.149405,0.412699,0.0175,0.299332
0.502508,-0.181189,0.429094,0.0175,0.299332
0.600968,-0.0473557,0.402333,0.045,0.106289
0.629187,-0.066498,0.411675,0.025,0.106289
0.611103,-0.035354,0.443147,0.0125,0.106289
0.588851,-0.0815291,0.422435,0.0225,0.106289
0.57213,-0.0463894,0.424523,0.0175,0.106289
0.595765,-0.011186,0.398502,0.0175,0.106289
0.688447,-0.0301142,0.398003,0.045,0.0530902
0.700268,-0.00554017,0.420505,0.025,0.0530902
0.718754,-0.00712902,0.376423,0.0125,0.0530902
0.667386,0.00520252,0.392719,0.0225,0.0530902
0.677671,-0.0199236,0.364761,0.0175,0.0530902
0.705043,-0.0581524,0.381019,0.0175,0.0530902
0.833922,-0.184875,0.38788,0.045,0.0509063
0.802293,-0.177891,0.402051,0.025,0.0509063
0.833349,-0.141971,0.396329,0.0125,0.0509063
0.80755,-0.172702,0.358299,0.0225,0.0509063
0.845645,-0.164656,0.359974,0.0175,0.0509063
0.868125,-0.181744,0.400932,0.0175,0.0509063
0.955081,-0.140478,0.448237,0.045,0.0257536
0.962515,-0.163504,0.474016,0.025,0.0257536
0.969563,-0.116894,0.482098,0.0125,0.0257536
0.922435,-0.144477,0.473476,0.0225,0.0257536
0.933992,-0.111768,0.455718,0.0175,0.0257536
0.975943,-0.116775,0.42945,0.0175,0.0257536
0.286017,0.193054,0.278195,0.045,0.38159
0.262524,0.209014,0.25714,0.025,0.38159
0.308763,0.220439,0.252795,0.0125,0.38159
0.283089,0.172631,0.242236,0.0225,0.38159
0.315462,0.177645,0.263344,0.0175,0.38159
0.30904,0.205889,0.303792,0.0175,0.38159
0.39495,0.136625,0.382083,0.045,0.349946
0.409675,0.136831,0.414225,0.025,0.349946
0.434406,0.118273,0.377736,0.0125,0.349946
0.418474,0.170456,0.386645,0.0225,0.349946
0.41383,0.149835,0.353904,0.0175,0.349946
0.385459,0.109337,0.359383,0.0175,0.349946
0.476349,0.157428,0.417706,0.045,0.262892
0.469246,0.146507,0.384839,0.025,0.262892
0.511729,0.135702,0.403969,0.0125,0.262892
0.461141,0.11887,0.418592,0.0225,0.262892
0.488682,0.133347,0.442058,0.0175,0.262892
0.501892,0.180084,0.431281,0.0175,0.262892
0.553389,0.138086,0.342158,0.045,0.145765
0.549972,0.13109,0.376646,0.025,0.145765
0.543838,0.176075,0.361605,0.0125,0.145765
0.513574,0.13098,0.35127,0.0225,0.145765
0.527047,0.156606,0.325183,0.0175,0.145765
0.576684,0.159453,0.323429,0.0175,0.145765
0.666008,0.240578,0.382295,0.045,0.0314404
0.660494,0.20624,0.388658,0.025,0.0314404
0.700657,0.219291,0.366206,0.0125,0.0314404
0.684177,0.229705,0.417938,0.0225,0.0314404
0.697744,0.255493,0.39206,0.0175,0.0314404
0.669769,0.259681,0.351135,0.0175,0.0314404
0.806025,0.204617,0.312138,0.045,0.0435923
0.811198,0.188568,0.343213,0.025,0.0435923
0.848947,0.206834,0.320215,0.0125,0.0435923
0.805518,0.232571,0.342749,0.0225,0.0435923
0.819853,0.237878,0.306901,0.0175,0.0435923
0.818033,0.197287,0.278195,0.0175,0.0435923
0.954568,0.0643539,0.436475,0.045,0.0328432
0.92112,0.0739847,0.442677,0.025,0.0328432
0.93621,0.0711994,0.397377,0.0125,0.0328432
0.929779,0.0311588,0.434949,0.0225,0.0328432
0.961136,0.0375706,0.412715,0.0175,0.0328432
0.982761,0.08169,0.420517,0.0175,0.0328432
-0.0309019,0.300204,0.124258,0.045,0.0654153
-0.00315658,0.278325,0.12304,0.025,0.0654153
0.00094603,0.321754,0.10343,0.0125,0.0654153
-0.00575291,0.307453,0.15641,0.0225,0.0654153
-0.0261455,0.334114,0.136608,0.0175,0.0654153
-0.0514465,0.315607,0.0979772,0.0175,0.0654153
0.360187,0.38663,0.419748,0.045,0.557171
0.328022,0.372772,0.424585,0.025,0.557171
0.350077,0.393197,0.461786,0.0125,0.557171
0.331289,0.415984,0.415052,0.0225,0.557171
0.366606,0.420701,0.430837,0.0175,0.557171
0.393,0.378667,0.434236,0.0175,0.557171
0.48757,0.429596,0.421912,0.045,0.271935
0.46101,0.45011,0.433038,0.025,0.271935
0.458673,0.403043,0.44121,0.0125,0.271935
0.493816,0.440653,0.461377,0.0225,0.271935
0.502942,0.406338,0.445317,0.0175,0.271935
0.489044,0.401956,0.397749,0.0175,0.271935
0.462468,0.316913,0.479813,0.045,0.155489
0.428955,0.30593,0.482315,0.025,0.155489
0.462511,0.28333,0.507826,0.0125,0.155489
0.443953,0.335233,0.512067,0.0225,0.155489
0.481153,0.323752,0.510294,0.0175,0.155489
0.493104,0.300412,0.468016,0.0175,0.155489
0.5871,0.461785,0.364679,0.045,0.0805371
0.588514,0.429331,0.378634,0.025,0.0805371
0.62942,0.450899,0.366426,0.0125,0.0805371
0.592837,0.464252,0.405664,0.0225,0.0805371
0.608035,0.488016,0.378775,0.0175,0.0805371
0.597197,0.475119,0.331964,0.0175,0.0805371
0.657121,0.398034,0.343245,0.045,0.0669456
0.629569,0.404653,0.364389,0.025,0.0669456
0.641445,0.437071,0.33129,0.0125,0.0669456
0.622,0.385705,0.324989,0.0225,0.0669456
0.652965,0.401348,0.307234,0.0175,0.0669456
0.689238,0.415193,0.33834,0.0175,0.0669456
0.782291,0.366523,0.354792,0.045,0.0307059
0.797094,0.337738,0.369016,0.025,0.0307059
0.795727,0.378001,0.394794,0.0125,0.0307059
0.754272,0.345874,0.377315,0.0225,0.0307059
0.756991,0.384585,0.37373,0.0175,0.0307059
0.79572,0.399676,0.346393,0.0175,0.0307059
0.952693,0.238052,0.393798,0.045,0.0111952
0.942827,0.257939,0.421314,0.025,0.0111952
0.988108,0.242712,0.419028,0.0125,0.0111952
0.961025,0.277934,0.386132,0.0225,0.0111952
0.982477,0.247345,0.375047,0.0175,0.0111952
0.965285,0.203618,0.3914,0.0175,0.0111952
0.278969,0.361621,0.371119,0.045,0.394757
0.307343,0.341375,0.377034,0.025,0.394757
0.2832,0.35863,0.414543,0.0125,0.394757
0.267369,0.322138,0.37615,0.0225,0.394757
0.247726,0.353639,0.388006,0.0175,0.394757
0.271341,0.396583,0.379452,0.0175,0.394757
0.417285,0.600426,0.373722,0.045,0.291807
0.419709,0.599672,0.408986,0.025,0.291807
0.376467,0.596218,0.388844,0.0125,0.291807
0.419181,0.561174,0.386931,0.0225,0.291807
0.398368,0.574372,0.356742,0.0175,0.291807
0.400788,0.623673,0.35054,0.0175,0.291807
0.548609,0.647892,0.43014,0.045,0.217099
0.521013,0.659386,0.449018,0.025,0.217099
0.534923,0.684701,0.410898,0.0125,0.217099
0.513297,0.633892,0.413532,0.0225,0.217099
0.545246,0.644745,0.394032,0.0175,0.217099
0.581549,0.662533,0.423027,0.0175,0.217099
0.646142,0.612642,0.362779,0.045,0.0715435
0.647448,0.578435,0.37162,0.025,0.0715435
0.634205,0.610253,0.404782,0.0125,0.0715435
0.608757,0.595368,0.358016,0.0225,0.0715435
0.616009,0.631675,0.370178,0.0175,0.0715435
0.664419,0.642079,0.375004,0.0175,0.0715435
0.711213,0.590549,0.298271,0.045,0.0404758
0.676241,0.590539,0.303461,0.025,0.0404758
0.705041,0.597559,0.340994,0.0125,0.0404758
0.696647,0.629325,0.296534,0.0225,0.0404758
0.730997,0.618226,0.311217,0.0175,0.0404758
0.738123,0.56899,0.310963,0.0175,0.0404758
0.747146,0.630757,0.371269,0.045,0.0403554
0.75509,0.602654,0.351342,0.025,0.0403554
0.767824,0.602476,0.397444,0.0125,0.0403554
0.717409,0.602082,0.374763,0.0225,0.0403554
0.730158,0.625656,0.403056,0.0175,0.0403554
0.768033,0.654904,0.389453,0.0175,0.0403554
0.873355,0.492036,0.361687,0.045,0.0352614
0.881196,0.462054,0.378705,0.025,0.0352614
0.862647,0.498435,0.403602,0.0125,0.0352614
0.83983,0.467729,0.363692,0.0225,0.0352614
0.84028,0.506634,0.365919,0.0175,0.0352614
0.885925,0.5264,0.365019,0.0175,0.0352614
0.217549,0.474617,0.231157,0.045,0.696484
0.205323,0.507786,0.231734,0.025,0.696484
0.249675,0.499919,0.215658,0.0125,0.696484
0.201126,0.484278,0.194337,0.0225,0.696484
0.232332,0.461757,0.20048,0.0175,0.696484
0.245665,0.458303,0.248285,0.0175,0.696484
0.361593,0.64138,0.431599,0.045,0.537099
0.327857,0.650296,0.437286,0.025,0.537099
0.347293,0.615689,0.463971,0.0125,0.537099
0.359337,0.669604,0.461882,0.0225,0.537099
0.384494,0.63991,0.459854,0.0175,0.537099
0.377414,0.610065,0.420686,0.0175,0.537099
0.492972,0.760159,0.355647,0.045,0.0729971
0.477997,0.735868,0.334775,0.025,0.0729971
0.515365,0.723095,0.361756,0.0125,0.0729971
0.464577,0.738762,0.376968,0.0225,0.0729971
0.498384,0.752358,0.390788,0.0175,0.0729971
0.526735,0.774628,0.356505,0.0175,0.0729971
0.588018,0.717804,0.324676,0.045,0.0853537
0.606696,0.689646,0.335082,0.025,0.0853537
0.611257,0.730539,0.359465,0.0125,0.0853537
0.567402,0.69729,0.35422,0.0225,0.0853537
0.5682,0.735934,0.349243,0.0175,0.0853537
0.598002,0.750944,0.312343,0.0175,0.0853537
0.733474,0.76802,0.282779,0.045,0.0403578
0.722158,0.777804,0.314814,0.025,0.0403578
0.76034,0.799801,0.296219,0.0125,0.0403578
0.707674,0.800297,0.279416,0.0225,0.0403578
0.739175,0.793564,0.257481,0.0175,0.0403578
0.765065,0.753328,0.27111,0.0175,0.0403578
0.759317,0.728343,0.359195,0.045,0.0394889
0.740017,0.698917,0.355789,0.025,0.0394889
0.73809,0.723017,0.397057,0.0125,0.0394889
0.720988,0.737944,0.346649,0.0225,0.0394889
0.743203,0.758792,0.370951,0.0175,0.0394889
0.786799,0.737434,0.381824,0.0175,0.0394889
0.882996,0.734963,0.347873,0.045,0.0460755
0.905208,0.75457,0.367164,0.025,0.0460755
0.90522,0.759885,0.319633,0.0125,0.0460755
0.865684,0.771647,0.356441,0.0225,0.0460755
0.861621,0.751377,0.323404,0.0175,0.0460755
0.888567,0.709585,0.321894,0.0175,0.0460755
0.955062,0.583368,0.373482,0.045,0.0180343
0.933765,0.608029,0.359761,0.025,0.0180343
0.941951,0.60837,0.406881,0.0125,0.0180343
0.976768,0.617644,0.364953,0.0225,0.0180343
0.982395,0.593705,0.395186,0.0175,0.0180343
0.949363,0.556612,0.39801,0.0175,0.0180343
0.218366,0.726844,0.199286,0.045,0.205386
0.193209,0.719211,0.175645,0.025,0.205386
0.232372,0.6918,0.177189,0.0125,0.205386
0.192464,0.698467,0.214861,0.0225,0.205386
0.230915,0.700389,0.220911,0.0175,0.205386
0.253551,0.73678,0.195647,0.0175,0.205386
0.322477,0.864676,0.230985,0.045,0.275803
0.347417,0.855475,0.254294,0.025,0.275803
0.350345,0.898305,0.23321,0.0125,0.275803
0.312589,0.878926,0.26864,0.0225,0.275803
0.305813,0.896825,0.234691,0.0175,0.275803
0.323828,0.872619,0.195137,0.0175,0.275803
0.461927,0.955508,0.294284,0.045,0.022952
0.481178,0.926336,0.299615,0.025,0.022952
0.503124,0.968824,0.300452,0.0125,0.022952
0.465253,0.947989,0.334918,0.0225,0.022952
0.464656,0.983054,0.317923,0.0175,0.022952
0.462922,0.981398,0.268231,0.0175,0.022952
0.580145,0.952447,0.309875,0.045,0.0828717
0.584929,0.918822,0.300051,0.025,0.0828717
0.614771,0.93783,0.332232,0.0125,0.0828717
0.560692,0.927093,0.336285,0.0225,0.0828717
0.57867,0.96046,0.345352,0.0175,0.0828717
0.60125,0.982367,0.306813,0.0175,0.0828717
0.764179,0.95545,0.283095,0.045,0.0177589
0.790707,0.93261,0.288059,0.025,0.0177589
0.75243,0.929934,0.316612,0.0125,0.0177589
0.756696,0.920355,0.262332,0.0225,0.0177589
0.730207,0.942715,0.280139,0.0175,0.0177589
0.749608,0.981494,0.304528,0.0175,0.0177589
0.865353,0.955235,0.302758,0.045,0.0164943
0.834544,0.956274,0.285445,0.025,0.0164943
0.845348,0.917187,0.310803,0.0125,0.0164943
0.835389,0.968772,0.32801,0.0225,0.0164943
0.865522,0.946173,0.338012,0.0175,0.0164943
0.894669,0.933283,0.299812,0.0175,0.0164943
0.951166,0.74798,0.288057,0.045,0.0311163
0.958118,0.75052,0.322629,0.025,0.0311163
0.987895,0.725278,0.294994,0.0125,0.0311163
0.977178,0.779513,0.294972,0.0225,0.0311163
0.977478,0.755705,0.26412,0.0175,0.0311163
0.943656,0.719291,0.266366,0.0175,0.0311163
0.187246,-0.657003,0.280688,0.045,0.551783
0.200167,-0.672786,0.309566,0.025,0.551783
0.230803,-0.654362,0.277793,0.0125,0.551783
0.194109,-0.628838,0.310325,0.0225,0.551783
0.198997,-0.623663,0.27201,0.0175,0.551783
0.190483,-0.664471,0.244859,0.0175,0.551783
0.109932,-0.729568,0.132145,0.045,0.150088
0.0972266,-0.701299,0.149159,0.025,0.150088
0.0969956,-0.743589,0.171496,0.0125,0.150088
0.139725,-0.712452,0.155344,0.0225,0.150088
0.134673,-0.750518,0.148696,0.0175,0.150088
0.094378,-0.761111,0.12151,0.0175,0.150088
0.33513,-0.882801,0.355339,0.045,0.42548
0.34788,-0.856027,0.374589,0.025,0.42548
0.343852,-0.899107,0.394969,0.0125,0.42548
0.376549,-0.882578,0.35357,0.0225,0.42548
0.353656,-0.914111,0.354149,0.0175,0.42548
0.305218,-0.903831,0.358946,0.0175,0.42548
0.470131,-0.955297,0.362559,0.045,0.0501309
0.461068,-0.94686,0.395676,0.025,0.0501309
0.506388,-0.940298,0.381872,0.0125,0.0501309
0.460277,-0.915085,0.364717,0.0225,0.0501309
0.488023,-0.930866,0.342359,0.0175,0.0501309
0.493787,-0.97985,0.348866,0.0175,0.0501309
0.620522,-0.878476,0.369404,0.045,0.0278004
0.632108,-0.848595,0.384332,0.025,0.0278004
0.66413,-0.881444,0.370804,0.0125,0.0278004
0.629944,-0.850741,0.340066,0.0225,0.0278004
0.635129,-0.889303,0.33787,0.0175,0.0278004
0.622958,-0.91373,0.379465,0.0175,0.0278004
0.762896,-0.955023,0.362476,0.045,0.0161204
0.791578,-0.974331,0.355091,0.025,0.0161204
0.79746,-0.929988,0.37202,0.0125,0.0161204
0.775953,-0.974582,0.396619,0.0225,0.0161204
0.760327,-0.938916,0.395018,0.0175,0.0161204
0.750214,-0.923338,0.348866,0.0175,0.0161204
0.954992,-0.947118,0.354695,0.045,0.022707
0.948274,-0.921061,0.331763,0.025,0.022707
0.922908,-0.961491,0.328685,0.0125,0.022707
0.923994,-0.923489,0.368822,0.0225,0.022707
0.927345,-0.962086,0.373042,0.0175,0.022707
0.967035,-0.98154,0.350211,0.0175,0.022707
0.951351,-0.688014,0.34067,0.045,0.0238764
0.942082,-0.667419,0.367871,0.025,0.0238764
0.985761,-0.686903,0.367637,0.0125,0.0238764
0.963819,-0.649074,0.333817,0.0225,0.0238764
0.982774,-0.681519,0.323483,0.0175,0.0238764
0.960702,-0.723483,0.338543,0.0175,0.0238764
0.209555,-0.802096,0.26182,0.045,0.646419
0.241152,-0.802013,0.277682,0.025,0.646419
0.23276,-0.770157,0.243008,0.0125,0.646419
0.209647,-0.77479,0.293014,0.0225,0.646419
0.191132,-0.770833,0.258951,0.0175,0.646419
0.199336,-0.80811,0.227043,0.0175,0.646419
0.283038,-0.860289,0.254283,0.045,0.233829
0.266981,-0.847524,0.225487,0.025,0.233829
0.272965,-0.894814,0.229403,0.0125,0.233829
0.24194,-0.860546,0.259723,0.0225,0.233829
0.267123,-0.88719,0.272938,0.0175,0.233829
0.314183,-0.879225,0.258908,0.0175,0.233829
0.48407,-0.782557,0.431843,0.045,0.328542
0.469744,-0.813602,0.440839,0.025,0.328542
0.516013,-0.81227,0.428802,0.0125,0.328542
0.490185,-0.789788,0.472204,0.0225,0.328542
0.51497,-0.772019,0.447941,0.0175,0.328542
0.499398,-0.770465,0.400717,0.0175,0.328542
0.555995,-0.744537,0.362329,0.045,0.097216
0.538149,-0.765835,0.384191,0.025,0.097216
0.544712,-0.720183,0.396855,0.0125,0.097216
0.515298,-0.741336,0.355098,0.0225,0.097216
0.541426,-0.712492,0.353066,0.0175,0.097216
0.587502,-0.72601,0.366073,0.0175,0.097216
0.669735,-0.67118,0.377641,0.045,0.0897989
0.654889,-0.639733,0.371259,0.025,0.0897989
0.655863,-0.67223,0.33618,0.0125,0.0897989
0.628885,-0.673188,0.384425,0.0225,0.0897989
0.65121,-0.701446,0.369531,0.0175,0.0897989
0.698736,-0.688296,0.362944,0.0175,0.0897989
0.813653,-0.746943,0.339398,0.045,0.0432572
0.81743,-0.777617,0.322226,0.025,0.0432572
0.855407,-0.748864,0.326536,0.0125,0.0432572
0.827228,-0.776173,0.365478,0.0225,0.0432572
0.837165,-0.738492,0.36587,0.0175,0.0432572
0.817361,-0.711983,0.328721,0.0175,0.0432572
0.912497,-0.617515,0.301632,0.045,0.0239921
0.92405,-0.623478,0.33451,0.025,0.0239921
0.951174,-0.597385,0.304999,0.0125,0.0239921
0.901456,-0.586161,0.326407,0.0225,0.0239921
0.911993,-0.583384,0.28899,0.0175,0.0239921
0.925913,-0.626601,0.268656,0.0175,0.0239921
0.199389,-0.45503,0.30853,0.045,0.485547
0.201146,-0.482386,0.330858,0.025,0.485547
0.164191,-0.479746,0.300612,0.0125,0.485547
0.217949,-0.487181,0.290073,0.0225,0.485547
0.194112,-0.461449,0.27309,0.0175,0.485547
0.174897,-0.427947,0.30445,0.0175,0.485547
0.366512,-0.511503,0.425166,0.045,0.450591
0.355785,-0.535585,0.401608,0.025,0.450591
0.326342,-0.499556,0.412673,0.0125,0.450591
0.375159,-0.498537,0.386749,0.0225,0.450591
0.364092,-0.476185,0.416694,0.0175,0.450591
0.353592,-0.501652,0.458121,0.0175,0.450591
0.517771,-0.587469,0.404506,0.045,0.201755
0.488554,-0.57756,0.387237,0.025,0.201755
0.506054,-0.548781,0.421193,0.0125,0.201755
0.527839,-0.563167,0.372462,0.0225,0.201755
0.54552,-0.564064,0.40718,0.0175,0.201755
0.524271,-0.594946,0.439887,0.0175,0.201755
0.584537,-0.485398,0.359189,0.045,0.0657957
0.609389,-0.510513,0.360447,0.025,0.0657957
0.620674,-0.466281,0.374717,0.0125,0.0657957
0.585377,-0.502585,0.396907,0.0225,0.0657957
0.578386,-0.465117,0.388784,0.0175,0.0657957
0.582132,-0.453876,0.340466,0.0175,0.0657957
0.677959,-0.424928,0.3447,0.045,0.139923
0.649142,-0.445323,0.346589,0.025,0.139923
0.689577,-0.460731,0.366963,0.0125,0.139923
0.657689,-0.417524,0.380098,0.0225,0.139923
0.696352,-0.417446,0.375208,0.0175,0.139923
0.710945,-0.430054,0.329349,0.0175,0.139923
0.785106,-0.499571,0.351521,0.045,0.14348
0.781794,-0.534698,0.349261,0.025,0.14348
0.767917,-0.512846,0.389478,0.0125,0.14348
0.747014,-0.509371,0.338417,0.0225,0.14348
0.756408,-0.479742,0.361925,0.0175,0.14348
0.804668,-0.477943,0.373871,0.0175,0.14348
0.792685,-0.410387,0.363006,0.045,0.119195
0.81495,-0.43779,0.364835,0.025,0.119195
0.814882,-0.40582,0.400408,0.0125,0.119195
0.775422,-0.44121,0.384701,0.0225,0.119195
0.771281,-0.403065,0.391524,0.0175,0.119195
0.798187,-0.374098,0.361325,0.0175,0.119195
0.955126,-0.252804,0.426825,0.045,0.0359296
0.975151,-0.281892,0.425124,0.025,0.0359296
0.977305,-0.254775,0.464463,0.0125,0.0359296
0.935315,-0.284663,0.444468,0.0225,0.0359296
0.934131,-0.247481,0.45608,0.0175,0.0359296
0.963479,-0.217143,0.429748,0.0175,0.0359296
0.197638,-0.337708,0.308064,0.045,0.617693
0.211894,-0.36329,0.327872,0.025,0.617693
0.238622,-0.325203,0.316802,0.0125,0.617693
0.193287,-0.328551,0.348263,0.0225,0.617693
0.199937,-0.303201,0.31942,0.0175,0.617693
0.206161,-0.324455,0.274872,0.0175,0.617693
0.406278,-0.27671,0.441959,0.045,0.628503
0.392524,-0.282393,0.409889,0.025,0.628503
0.406549,-0.320016,0.435876,0.0125,0.628503
0.365596,-0.284047,0.445115,0.0225,0.628503
0.393078,-0.295218,0.470388,0.0175,0.628503
0.439379,-0.283711,0.456288,0.0175,0.628503
0.517543,-0.264132,0.475676,0.045,0.504377
0.516146,-0.281398,0.506497,0.025,0.504377
0.533017,-0.236648,0.505968,0.0125,0.504377
0.482084,-0.255282,0.495249,0.0225,0.504377
0.503118,-0.230788,0.473422,0.0175,0.504377
0.545536,-0.250334,0.456285,0.0175,0.504377
0.60933,-0.180998,0.366775,0.045,0.0938321
0.633011,-0.206252,0.359602,0.025,0.0938321
0.645868,-0.160499,0.354235,0.0125,0.0938321
0.632766,-0.18831,0.400182,0.0225,0.0938321
0.618747,-0.153722,0.388963,0.0175,0.0938321
0.593772,-0.155026,0.345956,0.0175,0.0938321
0.670053,-0.116679,0.382625,0.045,0.0738011
0.655165,-0.124341,0.351486,0.025,0.0738011
0.659605,-0.159122,0.384014,0.0125,0.0738011
0.628836,-0.113215,0.385423,0.0225,0.0738011
0.652837,-0.126164,0.413262,0.0175,0.0738011
0.700476,-0.128927,0.399192,0.0175,0.0738011
0.760221,-0.125592,0.381359,0.045,0.0411401
0.778714,-0.110165,0.407244,0.025,0.0411401
0.801822,-0.137922,0.37589,0.0125,0.0411401
0.77602,-0.0896731,0.367981,0.0225,0.0411401
0.771725,-0.122225,0.346988,0.0175,0.0411401
0.754081,-0.160826,0.372943,0.0175,0.0411401
0.888765,-0.200537,0.457167,0.045,0.0704168
0.862522,-0.2234,0.450956,0.025,0.0704168
0.891449,-0.231194,0.488238,0.0125,0.0704168
0.855411,-0.19019,0.479509,0.0225,0.0704168
0.892603,-0.18669,0.490611,0.0175,0.0704168
0.925311,-0.204312,0.457526,0.0175,0.0704168
0.219365,-0.00837517,0.222531,0.045,0.542721
0.198477,-0.0234244,0.198299,0.025,0.542721
0.180556,-0.0145031,0.241736,0.0125,0.542721
0.197526,0.0207218,0.202653,0.0225,0.542721
0.20743,0.0210407,0.240343,0.0175,0.542721
0.231563,-0.0198327,0.255241,0.0175,0.542721
0.368416,-0.0979509,0.393313,0.045,0.290223
0.37288,-0.0651335,0.38094,0.025,0.290223
0.335598,-0.0740351,0.409548,0.0125,0.290223
0.389728,-0.0752838,0.420713,0.0225,0.290223
0.363473,-0.102853,0.429042,0.0175,0.290223
0.341486,-0.122574,0.389009,0.0175,0.290223
0.475558,-0.0141907,0.43462,0.045,0.174309
0.474998,-0.0433675,0.45458,0.025,0.174309
0.476035,-0.000731268,0.476227,0.0125,0.174309
0.436508,-0.023487,0.444984,0.0225,0.174309
0.451513,0.0122957,0.441349,0.0175,0.174309
0.50017,0.0128488,0.430999,0.0175,0.174309
0.522429,-0.0882111,0.414981,0.045,0.167731
0.546162,-0.110956,0.427997,0.025,0.167731
0.533508,-0.0732422,0.45455,0.0125,0.167731
0.503397,-0.116682,0.438346,0.0225,0.167731
0.49369,-0.0790573,0.435359,0.0175,0.167731
0.524389,-0.0524897,0.406605,0.0175,0.167731
0.605946,0.0957384,0.401063,0.045,0.0819939
0.637182,0.0822934,0.410734,0.025,0.0819939
0.628365,0.088748,0.364171,0.0125,0.0819939
0.633951,0.12611,0.404534,0.0225,0.0819939
0.605206,0.124128,0.378293,0.0175,0.0819939
0.578419,0.0822808,0.380786,0.0175,0.0819939
0.700832,0.0636301,0.38989,0.045,0.0701361
0.721033,0.0375817,0.402673,0.025,0.0701361
0.742237,0.0746344,0.38111,0.0125,0.0701361
0.713416,0.0730238,0.428258,0.0225,0.0701361
0.708661,0.0980523,0.398768,0.0175,0.0701361
0.695633,0.0764924,0.355867,0.0175,0.0701361
0.775067,-0.0297995,0.41949,0.045,0.0511276
0.773251,-0.0644279,0.426387,0.025,0.0511276
0.807795,-0.0386479,0.447114,0.0125,0.0511276
0.752996,-0.0362084,0.453994,0.0225,0.0511276
0.777087,-0.00632934,0.44724,0.0175,0.0511276
0.80092,-0.00904105,0.403655,0.0175,0.0511276
0.955021,0.00475693,0.503746,0.045,0.041764
0.929318,0.0208322,0.485554,0.025,0.041764
0.917762,-0.00337678,0.52515,0.0125,0.041764
0.948074,0.0425004,0.519428,0.0225,0.041764
0.957578,0.0105356,0.539594,0.0175,0.041764
0.961302,-0.0305424,0.511778,0.0175,0.041764
0.195969,0.326886,0.457351,0.045,0.367778
0.187243,0.309932,0.427578,0.025,0.367778
0.171713,0.354722,0.433913,0.0125,0.367778
0.223268,0.335835,0.427461,0.0225,0.367778
0.210548,0.360165,0.45512,0.0175,0.367778
0.175813,0.340565,0.484857,0.0175,0.367778
0.39575,0.385768,0.502743,0.045,0.380491
0.385808,0.384447,0.536646,0.025,0.380491
0.429277,0.401372,0.526087,0.0125,0.380491
0.379462,0.422151,0.514132,0.0225,0.380491
0.409161,0.416889,0.489453,0.0175,0.380491
0.422953,0.369371,0.484272,0.0175,0.380491
0.563252,0.171183,0.435379,0.045,0.119773
0.591877,0.151114,0.440656,0.025,0.119773
0.597809,0.197759,0.431905,0.0125,0.119773
0.574423,0.172691,0.475275,0.0225,0.119773
0.559535,0.202016,0.454366,0.0175,0.119773
0.551767,0.190812,0.406521,0.0175,0.119773
0.57688,0.246224,0.372328,0.045,0.0760928
0.60071,0.220413,0.368335,0.025,0.0760928
0.612459,0.264807,0.354969,0.0125,0.0760928
0.601845,0.244787,0.405395,0.0225,0.0760928
0.586711,0.27689,0.389299,0.0175,0.0760928
0.559965,0.268231,0.348254,0.0175,0.0760928
0.628433,0.32316,0.384938,0.045,0.0995107
0.608876,0.306931,0.409517,0.025,0.0995107
0.643154,0.33713,0.423676,0.0125,0.0995107
0.596505,0.347273,0.395797,0.0225,0.0995107
0.632394,0.35931,0.386531,0.0175,0.0995107
0.664382,0.322321,0.377389,0.0175,0.0995107
0.741561,0.285036,0.425143,0.045,0.0221383
0.712641,0.265438,0.430576,0.025,0.0221383
0.750344,0.245308,0.409111,0.0125,0.0221383
0.745098,0.26419,0.460804,0.0225,0.0221383
0.7739,0.272157,0.435789,0.0175,0.0221383
0.758927,0.295568,0.394525,0.0175,0.0221383
0.870275,0.209198,0.374567,0.045,0.0338049
0.894925,0.184487,0.380196,0.025,0.0338049
0.907983,0.22576,0.35986,0.0125,0.0338049
0.889078,0.215995,0.410885,0.0225,0.0338049
0.876387,0.2432,0.386034,0.0175,0.0338049
0.857423,0.224797,0.343883,0.0175,0.0338049
0.203053,0.336399,0.197557,0.045,0.621396
0.216897,0.324681,0.167208,0.025,0.621396
0.171092,0.338433,0.167778,0.0125,0.621396
0.217003,0.368342,0.175112,0.0225,0.621396
0.185308,0.36818,0.197786,0.0175,0.621396
0.175597,0.324063,0.218628,0.0175,0.621396
0.299954,0.499297,0.390924,0.045,0.367564
0.266896,0.486761,0.390809,0.025,0.367564
0.284774,0.504802,0.350282,0.0125,0.367564
0.299874,0.459738,0.378521,0.0225,0.367564
0.323233,0.488002,0.36532,0.0175,0.367564
0.313742,0.532795,0.384775,0.0175,0.367564
0.46394,0.557702,0.443984,0.045,0.404998
0.46969,0.525117,0.456441,0.025,0.404998
0.434437,0.551154,0.475595,0.0125,0.404998
0.439359,0.530578,0.42452,0.0225,0.404998
0.430183,0.567191,0.434216,0.0175,0.404998
0.465762,0.590876,0.459675,0.0175,0.404998
0.55269,0.479177,0.459146,0.045,0.238091
0.529608,0.47201,0.48495,0.025,0.238091
0.556981,0.511042,0.488787,0.0125,0.238091
0.517121,0.499348,0.452309,0.0225,0.238091
0.55296,0.51246,0.44441,0.0175,0.238091
0.589343,0.481695,0.458722,0.0175,0.238091
0.61334,0.547011,0.426152,0.045,0.129316
0.610116,0.51253,0.419036,0.025,0.129316
0.651131,0.528374,0.437857,0.0125,0.129316
0.600482,0.526738,0.459951,0.0225,0.129316
0.624703,0.557258,0.459181,0.0175,0.129316
0.636035,0.57291,0.413338,0.0175,0.129316
0.662531,0.5208,0.327143,0.045,0.0764412
0.643402,0.498677,0.347009,0.025,0.0764412
0.671734,0.530465,0.368789,0.0125,0.0764412
0.626708,0.538742,0.337798,0.0225,0.0764412
0.66121,0.556493,0.334158,0.0175,0.0764412
0.698756,0.525675,0.323409,0.0175,0.0764412
0.740283,0.445462,0.363909,0.045,0.0631349
0.728065,0.457107,0.394975,0.025,0.0631349
0.763463,0.48123,0.373701,0.0125,0.0631349
0.71101,0.474162,0.357733,0.0225,0.0631349
0.742982,0.468799,0.336104,0.0175,0.0631349
0.773279,0.433277,0.353287,0.0175,0.0631349
0.953284,0.423905,0.3333,0.045,0.0165425
0.928329,0.448281,0.327548,0.025,0.0165425
0.973827,0.462472,0.331549,0.0125,0.0165425
0.949871,0.431333,0.292656,0.0225,0.0165425
0.982781,0.423431,0.311975,0.0175,0.0165425
0.976691,0.418534,0.361107,0.0175,0.0165425
0.273707,0.454182,0.315928,0.045,0.377962
0.285134,0.426716,0.335033,0.025,0.377962
0.309674,0.46773,0.336792,0.0125,0.377962
0.258512,0.456441,0.354434,0.0225,0.377962
0.269494,0.486483,0.332171,0.0175,0.377962
0.288837,0.473132,0.288324,0.0175,0.377962
0.348916,0.585906,0.315306,0.045,0.269876
0.335786,0.607022,0.290172,0.025,0.269876
0.31988,0.612011,0.335001,0.0125,0.269876
0.370205,0.621462,0.314162,0.0225,0.269876
0.361582,0.600755,0.346031,0.0175,0.269876
0.333362,0.560765,0.337123,0.0175,0.269876
0.49201,0.670197,0.359759,0.045,0.189202
0.467495,0.648812,0.373602,0.025,0.189202
0.502017,0.665669,0.40209,0.0125,0.189202
0.461303,0.69267,0.376215,0.0225,0.189202
0.499174,0.701864,0.376218,0.0175,0.189202
0.528432,0.667006,0.356123,0.0175,0.189202
0.627035,0.654814,0.473396,0.045,0.193576
0.610649,0.683463,0.486073,0.025,0.193576
0.603225,0.641365,0.507524,0.0125,0.193576
0.649428,0.671521,0.504026,0.0225,0.193576
0.64565,0.63351,0.496302,0.0175,0.193576
0.614448,0.623501,0.458868,0.0175,0.193576
0.676969,0.689623,0.327219,0.045,0.0464553
0.690644,0.664176,0.347601,0.025,0.0464553
0.702972,0.709588,0.356162,0.0125,0.0464553
0.653818,0.684808,0.361272,0.0225,0.0464553
0.661296,0.718423,0.343027,0.0175,0.0464553
0.692325,0.71398,0.304395,0.0175,0.0464553
0.794974,0.825677,0.399194,0.045,0.029043
0.788219,0.860319,0.401264,0.025,0.029043
0.833018,0.845173,0.408418,0.0125,0.029043
0.802175,0.843704,0.362561,0.0225,0.029043
0.822372,0.814237,0.378134,0.0175,0.029043
0.807382,0.801368,0.423793,0.0175,0.029043
0.848793,0.662211,0.388158,0.045,0.0665298
0.843876,0.655665,0.422552,0.025,0.0665298
0.868706,0.694527,0.409876,0.0125,0.0665298
0.815343,0.682561,0.401787,0.0225,0.0665298
0.840784,0.695243,0.375129,0.0175,0.0665298
0.879075,0.664419,0.367467,0.0175,0.0665298
0.235461,0.683707,0.282103,0.045,0.675908
0.201455,0.676018,0.28797,0.025,0.675908
0.21248,0.705355,0.251841,0.0125,0.675908
0.22392,0.651673,0.258451,0.0225,0.675908
0.248908,0.679873,0.248495,0.0175,0.675908
0.254209,0.715293,0.283025,0.0175,0.675908
0.293249,0.782637,0.252434,0.045,0.453195
0.328059,0.783029,0.24626,0.025,0.453195
0.311692,0.758691,0.28404,0.0125,0.453195
0.304023,0.749424,0.230082,0.0225,0.453195
0.276594,0.750707,0.257737,0.0175,0.453195
0.272966,0.794757,0.280571,0.0175,0.453195
0.395738,0.830849,0.192192,0.045,0.197758
0.425321,0.813742,0.201259,0.025,0.197758
0.396138,0.793721,0.169087,0.0125,0.197758
0.426122,0.84003,0.165523,0.0225,0.197758
0.388341,0.835892,0.15691,0.0175,0.197758
0.360168,0.822289,0.195592,0.0175,0.197758
0.520351,0.870773,0.314478,0.045,0.0790895
0.526667,0.845736,0.338628,0.025,0.0790895
0.510469,0.888272,0.353319,0.0125,0.0790895
0.48553,0.849749,0.322492,0.0225,0.0790895
0.4882,0.88784,0.3147,0.0175,0.0790895
0.534877,0.904069,0.308967,0.0175,0.0790895
0.658918,0.9106,0.29899,0.045,0.0380089
0.682424,0.884989,0.305436,0.025,0.0380089
0.697558,0.930348,0.30442,0.0125,0.0380089
0.663283,0.905375,0.339885,0.0225,0.0380089
0.657322,0.939193,0.321459,0.0175,0.0380089
0.655962,0.93523,0.271887,0.0175,0.0380089
0.812492,0.788737,0.31918,0.045,0.0392348
0.815988,0.753849,0.314646,0.025,0.0392348
0.855442,0.780775,0.31707,0.0125,0.0392348
0.817541,0.770142,0.355887,0.0225,0.0392348
0.831379,0.805104,0.345645,0.0175,0.0392348
0.822038,0.817477,0.298373,0.0175,0.0392348
0.905519,0.858246,0.266862,0.045,0.0381851
0.899533,0.890024,0.281156,0.025,0.0381851
0.933176,0.862083,0.30052,0.0125,0.0381851
0.931631,0.886138,0.250768,0.0225,0.0381851
0.939651,0.848785,0.258464,0.0175,0.0381851
0.902256,0.824134,0.280118,0.0175,0.0381851
0.948003,0.673707,0.341022,0.045,0.0270504
0.923832,0.680415,0.365938,0.025,0.0270504
0.962097,0.654163,0.377517,0.0125,0.0270504
0.958961,0.707323,0.362671,0.0225,0.0270504
0.98307,0.680357,0.348167,0.0175,0.0270504
0.959879,0.642423,0.325848,0.0175,0.0270504
0.262213,-0.811782,0.345191,0.045,0.471039
0.288935,-0.830762,0.358445,0.025,0.471039
0.272153,-0.793859,0.383824,0.0125,0.471039
0.247489,-0.841414,0.370169,0.0225,0.471039
0.232994,-0.805484,0.365966,0.0175,0.471039
0.25941,-0.776489,0.335363,0.0175,0.471039
0.229365,-0.955198,0.217246,0.045,0.0683795
0.219777,-0.954345,0.251266,0.025,0.0683795
0.258662,-0.97933,0.238969,0.0125,0.0683795
0.249627,-0.92483,0.236892,0.0225,0.0683795
0.263776,-0.947309,0.208375,0.0175,0.0683795
0.232338,-0.982691,0.193053,0.0175,0.0683795
0.391021,-0.787628,0.372645,0.045,0.484786
0.372021,-0.814863,0.36051,0.025,0.484786
0.419499,-0.819617,0.363801,0.0125,0.484786
0.381805,-0.813424,0.403764,0.0225,0.484786
0.414918,-0.793319,0.399507,0.0175,0.484786
0.417313,-0.767024,0.357343,0.0175,0.484786
0.577597,-0.814363,0.415237,0.045,0.0745095
0.581639,-0.848601,0.423077,0.025,0.0745095
0.620509,-0.822542,0.413199,0.0125,0.0745095
0.585378,-0.818779,0.455718,0.0225,0.0745095
0.597703,-0.78969,0.4329,0.0175,0.0745095
0.585128,-0.794832,0.385042,0.0175,0.0745095
0.73103,-0.788922,0.32762,0.045,0.0439115
0.741222,-0.818605,0.31134,0.025,0.0439115
0.770883,-0.798381,0.342942,0.0125,0.0439115
0.721466,-0.82184,0.350938,0.0225,0.0439115
0.733214,-0.787017,0.363905,0.0175,0.0439115
0.744713,-0.754823,0.327762,0.0175,0.0439115
0.863864,-0.850294,0.366469,0.045,0.0170266
0.869352,-0.883701,0.376662,0.025,0.0170266
0.895453,-0.848983,0.396684,0.0125,0.0170266
0.841144,-0.858732,0.400105,0.0225,0.0170266
0.858345,-0.824759,0.391817,0.0175,0.0170266
0.885548,-0.825512,0.35017,0.0175,0.0170266
0.898569,-0.764377,0.362975,0.045,0.022457
0.893921,-0.74214,0.390066,0.025,0.022457
0.864735,-0.77981,0.385987,0.0125,0.022457
0.919027,-0.778193,0.396282,0.0225,0.022457
0.900905,-0.800089,0.369619,0.0175,0.022457
0.877036,-0.773837,0.334747,0.0175,0.022457
0.123613,-0.702444,0.374006,0.045,0.528114
0.125348,-0.667277,0.377209,0.025,0.528114
0.162028,-0.690346,0.356963,0.0125,0.528114
0.109995,-0.68439,0.33926,0.0225,0.528114
0.130268,-0.717592,0.341583,0.0175,0.528114
0.144152,-0.729597,0.387823,0.0175,0.528114
0.304714,-0.609838,0.407738,0.045,0.423869
0.320207,-0.636906,0.424392,0.025,0.423869
0.347401,-0.607185,0.39861,0.0125,0.423869
0.318613,-0.597545,0.444811,0.0225,0.423869
0.318211,-0.576319,0.41213,0.0175,0.423869
0.301835,-0.601036,0.372182,0.0175,0.423869
0.507334,-0.682648,0.439414,0.045,0.205153
0.4826,-0.658863,0.430896,0.025,0.205153
0.487706,-0.671273,0.476802,0.0125,0.205153
0.522593,-0.644312,0.443452,0.0225,0.205153
0.530834,-0.674924,0.466117,0.0175,0.205153
0.50536,-0.716064,0.454562,0.0175,0.205153
0.565247,-0.655397,0.368703,0.045,0.0272657
0.531161,-0.664277,0.371763,0.025,0.0272657
0.559295,-0.690551,0.343378,0.0125,0.0272657
0.56071,-0.684106,0.398266,0.0225,0.0272657
0.590683,-0.680979,0.373556,0.0175,0.0272657
0.585526,-0.64458,0.340037,0.0175,0.0272657
0.678002,-0.514757,0.349092,0.045,0.126131
0.66723,-0.54539,0.363078,0.025,0.126131
0.677884,-0.543888,0.316476,0.0125,0.126131
0.710802,-0.537442,0.36042,0.0225,0.126131
0.708524,-0.514138,0.329267,0.0175,0.126131
0.663861,-0.493155,0.322951,0.0175,0.126131
0.789938,-0.650231,0.413816,0.045,0.014339
0.772599,-0.674623,0.432642,0.025,0.014339
0.768147,-0.674901,0.385023,0.0125,0.014339
0.812585,-0.684863,0.416364,0.0225,0.014339
0.810465,-0.660893,0.38571,0.0175,0.014339
0.778428,-0.623296,0.391635,0.0175,0.014339
0.826508,-0.595386,0.310932,0.045,0.0424447
0.849669,-0.574026,0.326973,0.025,0.0424447
0.802924,-0.566016,0.333152,0.0125,0.0424447
0.833838,-0.608852,0.349451,0.0225,0.0424447
0.799787,-0.610411,0.33056,0.0175,0.0424447
0.800669,-0.589262,0.285538,0.0175,0.0424447
0.955339,-0.467906,0.3773,0.045,0.0302215
0.971348,-0.473345,0.408351,0.025,0.0302215
0.927143,-0.490457,0.401977,0.0125,0.0302215
0.97442,-0.504711,0.377119,0.0225,0.0302215
0.940536,-0.496212,0.359846,0.0175,0.0302215
0.924759,-0.449752,0.368066,0.0175,0.0302215
0.275936,-0.394874,0.298747,0.045,0.387751
0.300476,-0.391219,0.323935,0.025,0.387751
0.254436,-0.385945,0.335768,0.0125,0.387751
0.281479,-0.430938,0.31843,0.0225,0.387751
0.247746,-0.417139,0.304628,0.0175,0.387751
0.251124,-0.371633,0.28481,0.0175,0.387751
0.440064,-0.449109,0.482931,0.045,0.581916
0.468071,-0.470528,0.485555,0.025,0.581916
0.468839,-0.428741,0.508809,0.0125,0.581916
0.436548,-0.472916,0.516689,0.0225,0.581916
0.425056,-0.43583,0.513319,0.0175,0.581916
0.436033,-0.415185,0.469407,0.0175,0.581916
0.532604,-0.448243,0.46508,0.045,0.383763
0.561368,-0.430028,0.474611,0.025,0.383763
0.519819,-0.406743,0.470252,0.0125,0.383763
0.534749,-0.445806,0.506411,0.0225,0.383763
0.502253,-0.445005,0.484913,0.0175,0.383763
0.51045,-0.446004,0.435854,0.0175,0.383763
0.641106,-0.350944,0.384877,0.045,0.308837
0.65974,-0.344411,0.414205,0.025,0.308837
0.64902,-0.307935,0.385186,0.0125,0.308837
0.615633,-0.339793,0.415627,0.0225,0.308837
0.61152,-0.330918,0.377903,0.0175,0.308837
0.648882,-0.346886,0.349197,0.0175,0.308837
0.692529,-0.269858,0.348609,0.045,0.104871
0.674095,-0.299789,0.344816,0.025,0.104871
0.720682,-0.299963,0.333995,0.0125,0.104871
0.695842,-0.292947,0.382882,0.0225,0.104871
0.723715,-0.270561,0.367368,0.0175,0.104871
0.710645,-0.248741,0.324612,0.0175,0.104871
0.798123,-0.260641,0.420709,0.045,0.0894773
0.824617,-0.266841,0.443285,0.025,0.0894773
0.785417,-0.244667,0.459385,0.0125,0.0894773
0.791574,-0.296344,0.440737,0.0225,0.0894773
0.764354,-0.270644,0.429906,0.0175,0.0894773
0.782668,-0.229577,0.408619,0.0175,0.0894773
0.877934,-0.385407,0.479784,0.045,0.0609807
0.888907,-0.377001,0.512325,0.025,0.0609807
0.913245,-0.360098,0.474782,0.0125,0.0609807
0.861641,-0.349051,0.491251,0.0225,0.0609807
0.873148,-0.358868,0.455335,0.0175,0.0609807
0.893777,-0.404041,0.452366,0.0175,0.0609807
0.207761,-0.0881605,0.281137,0.045,0.784608
0.212107,-0.0843455,0.316017,0.025,0.784608
0.23589,-0.0551177,0.286561,0.0125,0.784608
0.181528,-0.0595032,0.295607,0.0225,0.784608
0.199531,-0.0589424,0.261048,0.0175,0.784608
0.231087,-0.0967681,0.254086,0.0175,0.784608
0.223709,-0.161408,0.345235,0.045,0.573722
0.198409,-0.147678,0.324707,0.025,0.573722
0.202411,-0.132126,0.369759,0.0125,0.573722
0.23738,-0.126623,0.327296,0.0225,0.573722
0.245983,-0.138952,0.363251,0.0175,0.573722
0.22247,-0.180762,0.376442,0.0175,0.573722
0.445933,-0.199209,0.484624,0.045,0.688351
0.452957,-0.22798,0.465312,0.025,0.688351
0.46733,-0.22684,0.510915,0.0125,0.688351
0.416134,-0.227514,0.490064,0.0225,0.688351
0.430057,-0.203185,0.517138,0.0175,0.688351
0.467632,-0.174688,0.501293,0.0175,0.688351
0.589812,-0.214936,0.497261,0.045,0.256424
0.587922,-0.250236,0.49784,0.025,0.256424
0.63083,-0.22959,0.493346,0.0125,0.256424
0.595567,-0.228775,0.535915,0.0225,0.256424
0.613184,-0.198117,0.519529,0.0175,0.256424
0.601344,-0.191185,0.471709,0.0175,0.256424
0.644992,-0.146758,0.47224,0.045,0.0958087
0.663587,-0.176815,0.473121,0.025,0.0958087
0.686426,-0.135439,0.48046,0.0125,0.0958087
0.647925,-0.160435,0.511267,0.0225,0.0958087
0.648171,-0.12319,0.499799,0.0175,0.0958087
0.646685,-0.117239,0.450429,0.0175,0.0958087
0.717591,-0.0936193,0.45648,0.045,0.0825887
0.68346,-0.0940862,0.44727,0.025,0.0825887
0.694852,-0.0986212,0.493499,0.0125,0.0825887
0.701588,-0.0554997,0.459567,0.0225,0.0825887
0.728428,-0.0712182,0.483046,0.0175,0.0825887
0.73925,-0.118614,0.472485,0.0175,0.0825887
0.850428,-0.118662,0.446118,0.045,0.0524821
0.85527,-0.108526,0.479642,0.025,0.0524821
0.888959,-0.0980141,0.44736,0.0125,0.0524821
0.836903,-0.0798081,0.451239,0.0225,0.0524821
0.854374,-0.0941545,0.419495,0.0175,0.0524821
0.86917,-0.14142,0.424191,0.0175,0.0524821
0.955096,-0.157214,0.543571,0.045,0.0498287
0.961358,-0.122426,0.544331,0.025,0.0498287
0.983395,-0.149025,0.51125,0.0125,0.0498287
0.92963,-0.137684,0.517326,0.0225,0.0498287
0.945689,-0.172798,0.512048,0.0175,0.0498287
0.976911,-0.186397,0.548315,0.0175,0.0498287
0.0615816,0.0636168,0.150323,0.045,0.10356
0.0665339,0.0381899,0.126262,0.025,0.10356
0.0792726,0.0829741,0.115325,0.0125,0.10356
0.100123,0.048637,0.153305,0.0225,0.10356
0.0892962,0.085686,0.158681,0.0175,0.10356
0.0409736,0.0940356,0.150302,0.0175,0.10356
0.330771,0.0920668,0.438857,0.045,0.38542
0.365882,0.0935542,0.442734,0.025,0.38542
0.339157,0.0805231,0.480196,0.0125,0.38542
0.347351,0.0546904,0.432012,0.0225,0.38542
0.31311,0.0619471,0.449148,0.0175,0.38542
0.303294,0.110368,0.454984,0.0175,0.38542
0.434013,0.0584717,0.402314,0.045,0.136812
0.444911,0.0601352,0.435907,0.025,0.136812
0.409399,0.0889069,0.421816,0.0125,0.136812
0.410601,0.0337964,0.426016,0.0225,0.136812
0.398472,0.0546764,0.395427,0.0175,0.136812
0.433837,0.0831586,0.375102,0.0175,0.136812
0.527612,0.0844622,0.446191,0.045,0.0544992
0.537961,0.0506752,0.447348,0.025,0.0544992
0.51119,0.0677476,0.483116,0.0125,0.0544992
0.498269,0.0601183,0.429908,0.0225,0.0544992
0.492405,0.092342,0.451027,0.0175,0.0544992
0.534212,0.113135,0.468198,0.0175,0.0544992
0.652671,0.182162,0.453836,0.045,0.10193
0.636958,0.184131,0.485447,0.025,0.10193
0.684235,0.177116,0.483681,0.0125,0.10193
0.654478,0.221036,0.468131,0.0225,0.10193
0.681931,0.202812,0.447323,0.0175,0.10193
0.671326,0.155293,0.437102,0.0175,0.10193
0.785821,0.0931311,0.413487,0.045,0.090721
0.777049,0.0800727,0.44515,0.025,0.090721
0.792712,0.125181,0.442432,0.0125,0.090721
0.746435,0.102626,0.422283,0.0225,0.090721
0.771829,0.125071,0.403045,0.0175,0.090721
0.817531,0.105682,0.399814,0.0175,0.090721
0.871678,0.055809,0.389338,0.045,0.0428745
0.888695,0.0344576,0.4118,0.025,0.0428745
0.913937,0.0668851,0.38733,0.0125,0.0428745
0.875408,0.0742358,0.426288,0.0225,0.0428745
0.877156,0.0917295,0.391508,0.0175,0.0428745
0.874064,0.0604261,0.352966,0.0175,0.0428745
0.21441,0.155278,0.240552,0.045,0.613967
0.193126,0.170998,0.264001,0.025,0.613967
0.189525,0.123713,0.257782,0.0125,0.613967
0.231287,0.153512,0.278378,0.0225,0.613967
0.233499,0.126037,0.250827,0.0175,0.613967
0.207666,0.136594,0.209642,0.0175,0.613967
0.268144,0.426096,0.451923,0.045,0.577987
0.29067,0.403852,0.436182,0.025,0.577987
0.286352,0.402316,0.48379,0.0125,0.577987
0.249417,0.389842,0.444592,0.0225,0.577987
0.243824,0.412848,0.475547,0.0175,0.577987
0.273039,0.453108,0.476344,0.0175,0.577987
0.494868,0.394773,0.510773,0.045,0.275981
0.46318,0.38242,0.520427,0.025,0.275981
0.500626,0.352674,0.521116,0.0125,0.275981
0.490576,0.397467,0.55192,0.0225,0.275981
0.523426,0.389207,0.532647,0.0175,0.275981
0.517624,0.385805,0.483355,0.0175,0.275981
0.425461,0.238592,0.503764,0.045,0.354053
0.403745,0.221323,0.481851,0.025,0.354053
0.430545,0.196008,0.512321,0.0125,0.354053
0.389247,0.231299,0.522582,0.0225,0.354053
0.424431,0.23094,0.539337,0.0175,0.354053
0.462002,0.238442,0.507601,0.0175,0.354053
0.606586,0.397482,0.439903,0.045,0.115339
0.633992,0.387305,0.420019,0.025,0.115339
0.611783,0.428285,0.409298,0.0125,0.115339
0.641491,0.414889,0.453955,0.0225,0.115339
0.606137,0.431277,0.453419,0.0175,0.115339
0.571109,0.403069,0.432151,0.0175,0.115339
0.700824,0.364777,0.417264,0.045,0.0606182
0.717063,0.373347,0.387051,0.025,0.0606182
0.718193,0.404444,0.423372,0.0125,0.0606182
0.740859,0.354192,0.419231,0.0225,0.0606182
0.719103,0.367703,0.448606,0.0175,0.0606182
0.672723,0.379956,0.435427,0.0175,0.0606182
0.835203,0.292607,0.444464,0.045,0.0168877
0.853792,0.266309,0.429874,0.025,0.0168877
0.828825,0.257464,0.469697,0.0125,0.0168877
0.810976,0.270572,0.419043,0.0225,0.0168877
0.800173,0.287065,0.452659,0.0175,0.0168877
0.837355,0.309274,0.477137,0.0175,0.0168877
0.955186,0.158978,0.43616,0.045,0.0243387
0.932252,0.138935,0.454114,0.025,0.0243387
0.919813,0.183763,0.443011,0.0125,0.0243387
0.928998,0.140463,0.40989,0.0225,0.0243387
0.943857,0.176302,0.406218,0.0175,0.0243387
0.972415,0.190352,0.444455,0.0175,0.0243387
0.191054,0.473266,0.462827,0.045,0.666972
0.155935,0.4757,0.466102,0.025,0.666972
0.177159,0.434122,0.47651,0.0125,0.666972
0.181139,0.483087,0.501865,0.0225,0.666972
0.21053,0.4601,0.490618,0.0175,0.666972
0.212537,0.452438,0.441503,0.0175,0.666972
0.366709,0.547244,0.427353,0.045,0.467095
0.361772,0.527679,0.456385,0.025,0.467095
0.403555,0.52446,0.433333,0.0125,0.467095
0.381474,0.567217,0.460547,0.0225,0.467095
0.396728,0.567659,0.424687,0.0175,0.467095
0.372992,0.538321,0.392269,0.0175,0.467095
0.457473,0.520256,0.543478,0.045,0.554226
0.463027,0.487145,0.532397,0.025,0.554226
0.473191,0.498191,0.577808,0.0125,0.554226
0.424364,0.496777,0.551921,0.0225,0.554226
0.438338,0.525722,0.573958,0.0175,0.554226
0.480119,0.546181,0.556326,0.0175,0.554226
0.546404,0.515462,0.55441,0.045,0.552447
0.568417,0.509544,0.581436,0.025,0.552447
0.564146,0.55411,0.56461,0.0125,0.552447
0.526885,0.522382,0.590325,0.0225,0.552447
0.521842,0.542187,0.557142,0.0175,0.552447
0.551923,0.52777,0.520233,0.0175,0.552447
0.661705,0.465454,0.414757,0.045,0.111313
0.673269,0.454412,0.383224,0.025,0.111313
0.700011,0.48542,0.407938,0.0125,0.111313
0.687001,0.432961,0.419556,0.0225,0.111313
0.684072,0.463633,0.443417,0.0175,0.111313
0.652536,0.498669,0.427511,0.0175,0.111313
0.734745,0.533868,0.378492,0.045,0.0655948
0.745037,0.507529,0.399713,0.025,0.0655948
0.778042,0.530198,0.373555,0.0125,0.0655948
0.746851,0.549108,0.415097,0.0225,0.0655948
0.752092,0.565819,0.380283,0.0175,0.0655948
0.736158,0.538273,0.342042,0.0175,0.0655948
0.855309,0.404103,0.408006,0.045,0.0433294
0.835125,0.375411,0.403611,0.025,0.0433294
0.827997,0.402841,0.442137,0.0125,0.0433294
0.820121,0.414396,0.388651,0.0225,0.0433294
0.839318,0.43611,0.414704,0.0175,0.0433294
0.879279,0.413735,0.434135,0.0175,0.0433294
-0.105336,0.501669,0.119157,0.045,0.0966665
-0.120851,0.522281,0.143332,0.025,0.0966665
-0.104074,0.479592,0.156887,0.0125,0.0966665
-0.0767338,0.524187,0.138996,0.0225,0.0966665
-0.0725673,0.487555,0.126367,0.0175,0.0966665
-0.113698,0.468419,0.105945,0.0175,0.0966665
0.176879,0.734989,0.39749,0.045,0.776937
0.194349,0.728368,0.367474,0.025,0.776937
0.188693,0.773826,0.381222,0.0125,0.776937
0.217617,0.733126,0.404954,0.0225,0.776937
0.192048,0.756866,0.422315,0.0175,0.776937
0.145742,0.753192,0.404503,0.0175,0.776937
0.395268,0.707346,0.379178,0.045,0.228657
0.401249,0.739947,0.366873,0.025,0.228657
0.367267,0.733744,0.399952,0.0125,0.228657
0.422007,0.72712,0.403932,0.0225,0.228657
0.394505,0.701896,0.41516,0.0175,0.228657
0.365762,0.685482,0.378019,0.0175,0.228657
0.519505,0.73172,0.445704,0.045,0.0944336
0.553289,0.721743,0.448718,0.025,0.0944336
0.535647,0.730257,0.405086,0.0125,0.0944336
0.544034,0.76511,0.447171,0.0225,0.0944336
0.511493,0.761304,0.426067,0.0175,0.0944336
0.490524,0.716299,0.429202,0.0175,0.0944336
0.672252,0.766204,0.383748,0.045,0.038386
0.704534,0.778671,0.376506,0.025,0.038386
0.676096,0.766038,0.340186,0.0125,0.038386
0.670419,0.807039,0.376831,0.0225,0.038386
0.643487,0.780716,0.366807,0.0175,0.038386
0.65622,0.73378,0.377292,0.0175,0.038386
0.696682,0.687438,0.419185,0.045,0.0671493
0.683553,0.657434,0.432504,0.025,0.0671493
0.686308,0.695879,0.460821,0.0125,0.0671493
0.655362,0.687357,0.415811,0.0225,0.0671493
0.677837,0.718315,0.42324,0.0175,0.0671493
0.726186,0.707543,0.427863,0.0175,0.0671493
0.866556,0.885266,0.433394,0.045,0.0541919
0.848871,0.895776,0.462148,0.025,0.0541919
0.896013,0.888464,0.465559,0.0125,0.0541919
0.868213,0.926558,0.43671,0.0225,0.0541919
0.896585,0.90332,0.423529,0.0175,0.0541919
0.885714,0.85483,0.425871,0.0175,0.0541919
0.954689,0.488925,0.403273,0.045,0.0218686
0.932535,0.48253,0.430074,0.025,0.0218686
0.979356,0.485845,0.439252,0.0125,0.0218686
0.944033,0.524543,0.421618,0.0225,0.0218686
0.978862,0.515962,0.406385,0.0175,0.0218686
0.982377,0.469526,0.388883,0.0175,0.0218686
0.233078,0.874051,0.216819,0.045,0.287475
0.256226,0.883226,0.241919,0.025,0.287475
0.213692,0.865804,0.255142,0.0125,0.287475
0.255224,0.840975,0.228406,0.0225,0.287475
0.217609,0.841131,0.218218,0.0175,0.287475
0.199526,0.886421,0.208379,0.0175,0.287475
0.291792,0.933929,0.314929,0.045,0.774824
0.301591,0.940312,0.281564,0.025,0.774824
0.260631,0.916897,0.289407,0.0125,0.774824
0.27433,0.969065,0.301537,0.0225,0.774824
0.258148,0.942942,0.325504,0.0175,0.774824
0.286332,0.902751,0.333586,0.0175,0.774824
0.423883,0.874189,0.360967,0.045,0.388752
0.453804,0.8804,0.343184,0.025,0.388752
0.443698,0.907442,0.381317,0.0125,0.388752
0.455265,0.853461,0.378411,0.0225,0.388752
0.425336,0.870008,0.397097,0.0175,0.388752
0.394134,0.894797,0.367315,0.0175,0.388752
0.625564,0.954675,0.392276,0.045,0.0748927
0.654526,0.934677,0.395634,0.025,0.0748927
0.636341,0.941633,0.351949,0.0125,0.0748927
0.65948,0.977859,0.386713,0.0225,0.0748927
0.625525,0.981795,0.367996,0.0175,0.0748927
0.59171,0.947342,0.380021,0.0175,0.0748927
0.766547,0.859228,0.287777,0.045,0.0400203
0.734974,0.845735,0.279345,0.025,0.0400203
0.755179,0.832816,0.320726,0.0125,0.0400203
0.736404,0.88223,0.304541,0.0225,0.0400203
0.771087,0.874462,0.320523,0.0175,0.0400203
0.799362,0.84372,0.293496,0.0175,0.0400203
0.803371,0.915514,0.35452,0.045,0.0306052
0.837825,0.922082,0.358974,0.025,0.0306052
0.806082,0.948612,0.382975,0.0125,0.0306052
0.81759,0.894725,0.38745,0.0225,0.0306052
0.782318,0.910903,0.383854,0.0175,0.0306052
0.775792,0.935902,0.34134,0.0175,0.0306052
0.9552,0.911417,0.3195,0.045,0.0149987
0.920759,0.914198,0.326986,0.025,0.0149987
0.952344,0.916781,0.362808,0.0125,0.0149987
0.944117,0.951354,0.320461,0.0225,0.0149987
0.978167,0.936574,0.33233,0.0175,0.0149987
0.980786,0.88698,0.329409,0.0175,0.0149987
0.132939,-0.700563,0.221395,0.045,0.604846
0.112804,-0.7294,0.225007,0.025,0.604846
0.149986,-0.730949,0.194963,0.0125,0.604846
0.149285,-0.725735,0.249996,0.0225,0.604846
0.169058,-0.703702,0.224651,0.0175,0.604846
0.140185,-0.678881,0.192631,0.0175,0.604846
0.0643673,-0.933958,0.124755,0.045,0.116345
0.0765623,-0.966575,0.11864,0.025,0.116345
0.0893973,-0.944442,0.159049,0.0125,0.116345
0.0395667,-0.961922,0.14269,0.0225,0.116345
0.0485641,-0.9267,0.156733,0.0175,0.116345
0.0812582,-0.901591,0.128883,0.0175,0.116345
0.383114,-0.955161,0.399488,0.045,0.117813
0.353291,-0.96577,0.383738,0.025,0.117813
0.364864,-0.984651,0.426131,0.0125,0.117813
0.351098,-0.932688,0.413225,0.0225,0.117813
0.381858,-0.94423,0.434186,0.0175,0.117813
0.413733,-0.973045,0.409113,0.0175,0.117813
0.495147,-0.860751,0.389217,0.045,0.170116
0.492421,-0.895774,0.393211,0.025,0.170116
0.531732,-0.873799,0.409312,0.0125,0.170116
0.479372,-0.869545,0.426535,0.0225,0.170116
0.503678,-0.840279,0.418081,0.0175,0.170116
0.518946,-0.839727,0.370735,0.0175,0.170116
0.719771,-0.949156,0.441141,0.045,0.0377396
0.715804,-0.970791,0.413461,0.025,0.0377396
0.736553,-0.987734,0.453083,0.0125,0.0377396
0.684577,-0.970728,0.444983,0.0225,0.0377396
0.70842,-0.960143,0.473935,0.0175,0.0377396
0.749518,-0.936616,0.458688,0.0175,0.0377396
0.829279,-0.955119,0.43295,0.045,0.0129744
0.818471,-0.94432,0.464834,0.025,0.0129744
0.825242,-0.911638,0.430576,0.0125,0.0129744
0.787923,-0.952308,0.433661,0.0225,0.0129744
0.811087,-0.944046,0.40343,0.0175,0.0129744
0.85964,-0.94819,0.413451,0.0175,0.0129744
0.919122,-0.95516,0.436709,0.045,0.00943215
0.948755,-0.972655,0.444821,0.025,0.00943215
0.952041,-0.926861,0.431423,0.0125,0.00943215
0.928823,-0.948849,0.476519,0.0225,0.00943215
0.91284,-0.92286,0.452273,0.0175,0.00943215
0.907408,-0.939383,0.405663,0.0175,0.00943215
0.955426,-0.60372,0.393322,0.045,0.0257588
0.97374,-0.623686,0.416037,0.025,0.0257588
0.942315,-0.592078,0.433385,0.0125,0.0257588
0.9336,-0.637558,0.403188,0.0225,0.0257588
0.919213,-0.601951,0.396557,0.0175,0.0257588
0.953954,-0.567409,0.387905,0.0175,0.0257588
0.316017,-0.806117,0.418775,0.045,0.371826
0.287489,-0.798784,0.438329,0.025,0.371826
0.28984,-0.841044,0.416056,0.0125,0.371826
0.320954,-0.821034,0.457139,0.0225,0.371826
0.333539,-0.837564,0.424168,0.0175,0.371826
0.320357,-0.813023,0.382949,0.0175,0.371826
0.392387,-0.782727,0.462893,0.045,0.437949
0.386482,-0.761665,0.490669,0.025,0.437949
0.397127,-0.741692,0.448535,0.0125,0.437949
0.352651,-0.770921,0.463493,0.0225,0.437949
0.374628,-0.776336,0.431769,0.0175,0.437949
0.421939,-0.788066,0.441722,0.0175,0.437949
0.579759,-0.733397,0.454364,0.045,0.149649
0.554656,-0.757649,0.448734,0.025,0.149649
0.58521,-0.764177,0.484947,0.0125,0.149649
0.54664,-0.725201,0.477917,0.0225,0.149649
0.583926,-0.719708,0.487834,0.0175,0.149649
0.616451,-0.73509,0.453476,0.0175,0.149649
0.678097,-0.7419,0.455503,0.045,0.0787381
0.701872,-0.716875,0.447855,0.025,0.0787381
0.684001,-0.743262,0.412192,0.0125,0.0787381
0.658764,-0.706726,0.445122,0.0225,0.0787381
0.646858,-0.742899,0.436844,0.0175,0.0787381
0.678451,-0.778423,0.451504,0.0175,0.0787381
0.721347,-0.598337,0.387846,0.045,0.071982
0.699122,-0.583682,0.364581,0.025,0.071982
0.681325,-0.612485,0.398362,0.0125,0.071982
0.705807,-0.563169,0.403354,0.0225,0.071982
0.714087,-0.595544,0.423406,0.0175,0.071982
0.730004,-0.633286,0.395171,0.0175,0.071982
0.837273,-0.751996,0.429387,0.045,0.0321828
0.872338,-0.753837,0.43351,0.025,0.0321828
0.846283,-0.732595,0.467531,0.0125,0.0321828
0.847152,-0.785542,0.451653,0.0225,0.0321828
0.815678,-0.763082,0.456512,0.0175,0.0321828
0.814175,-0.72359,0.426294,0.0175,0.0321828
0.888668,-0.530259,0.36482,0.045,0.0443713
0.891272,-0.565402,0.367681,0.025,0.0443713
0.931257,-0.539782,0.361997,0.0125,0.0443713
0.89569,-0.540752,0.404308,0.0225,0.0443713
0.909456,-0.509208,0.386026,0.0175,0.0443713
0.897382,-0.506913,0.337819,0.0175,0.0443713
0.133075,-0.330914,0.246182,0.045,0.583682
0.109577,-0.333409,0.272481,0.025,0.583682
0.150419,-0.309787,0.28032,0.0125,0.583682
0.108512,-0.297517,0.246416,0.0225,0.583682
0.146433,-0.298196,0.237457,0.0175,0.583682
0.167624,-0.342907,0.242643,0.0175,0.583682
0.296716,-0.447567,0.416574,0.045,0.473033
0.263862,-0.45902,0.410293,0.025,0.473033
0.294767,-0.488521,0.431788,0.0125,0.473033
0.272874,-0.441085,0.449864,0.0225,0.473033
0.31055,-0.451045,0.450063,0.0175,0.473033
0.329586,-0.459001,0.404793,0.0175,0.473033
0.454731,-0.532479,0.452693,0.045,0.376031
0.4514,-0.56706,0.446131,0.025,0.376031
0.474077,-0.553301,0.48593,0.0125,0.376031
0.420996,-0.547295,0.471698,0.0225,0.376031
0.444854,-0.51964,0.48529,0.0175,0.376031
0.484088,-0.510642,0.456055,0.0175,0.376031
0.63661,-0.462508,0.429708,0.045,0.0880905
0.625544,-0.493509,0.44261,0.025,0.0880905
0.663741,-0.472672,0.462466,0.0125,0.0880905
0.61098,-0.456184,0.461674,0.0225,0.0880905
0.642308,-0.434832,0.452654,0.0175,0.0880905
0.668045,-0.452143,0.413757,0.0175,0.0880905
0.724903,-0.477741,0.41747,0.045,0.132538
0.70871,-0.506307,0.430577,0.025,0.132538
0.750524,-0.492876,0.449517,0.0125,0.132538
0.701627,-0.467087,0.450081,0.0225,0.132538
0.736083,-0.451711,0.440327,0.0175,0.132538
0.757302,-0.473143,0.400761,0.0175,0.132538
0.722679,-0.378303,0.432501,0.045,0.384523
0.70897,-0.400196,0.456641,0.025,0.384523
0.703308,-0.353069,0.46251,0.0125,0.384523
0.68307,-0.38643,0.423348,0.0225,0.384523
0.701495,-0.352514,0.417969,0.0175,0.384523
0.748385,-0.352133,0.434587,0.0175,0.384523
0.807039,-0.432258,0.450694,0.045,0.11885
0.775661,-0.42314,0.437192,0.025,0.11885
0.805508,-0.449202,0.410407,0.0125,0.11885
0.779465,-0.462497,0.457324,0.0225,0.11885
0.817351,-0.467145,0.449462,0.0175,0.11885
0.841514,-0.424577,0.440569,0.0175,0.11885
0.950532,-0.343637,0.515198,0.045,0.0263093
0.970421,-0.329753,0.489475,0.025,0.0263093
0.986939,-0.328797,0.534349,0.0125,0.0263093
0.977349,-0.371983,0.501195,0.0225,0.0263093
0.965476,-0.367694,0.538065,0.0175,0.0263093
0.93501,-0.329,0.545112,0.0175,0.0263093
0.185714,-0.287274,0.429943,0.045,0.569194
0.202797,-0.31414,0.445319,0.025,0.569194
0.205439,-0.270773,0.465314,0.0125,0.569194
0.161861,-0.304255,0.459294,0.0225,0.569194
0.163748,-0.266422,0.450134,0.0175,0.569194
0.19741,-0.255771,0.415085,0.0175,0.569194
0.305688,-0.194246,0.329821,0.045,0.680539
0.3156,-0.216199,0.355702,0.025,0.680539
0.336514,-0.173291,0.352693,0.0125,0.680539
0.28402,-0.186223,0.364243,0.0225,0.680539
0.296488,-0.160041,0.338208,0.0175,0.680539
0.323929,-0.179484,0.301548,0.0175,0.680539
0.502692,-0.209522,0.553091,0.045,0.559977
0.498842,-0.196888,0.585887,0.025,0.559977
0.532024,-0.230398,0.577918,0.0125,0.559977
0.529286,-0.178361,0.559455,0.0225,0.559977
0.535927,-0.21039,0.53827,0.0175,0.559977
0.49848,-0.243136,0.538866,0.0175,0.559977
0.648123,-0.266776,0.452512,0.045,0.0639306
0.620112,-0.288047,0.448912,0.025,0.0639306
0.662196,-0.307308,0.460976,0.0125,0.0639306
0.6299,-0.272512,0.489306,0.0225,0.0639306
0.66816,-0.268909,0.482826,0.0175,0.0639306
0.680219,-0.264897,0.434728,0.0175,0.0639306
0.701798,-0.198413,0.402153,0.045,0.0990576
0.695523,-0.232609,0.408577,0.025,0.0990576
0.722245,-0.20792,0.439624,0.0125,0.0990576
0.668745,-0.202325,0.426869,0.0225,0.0990576
0.695508,-0.174041,0.428448,0.0175,0.0990576
0.732796,-0.17967,0.395999,0.0175,0.0990576
0.770748,-0.186753,0.463909,0.045,0.0906198
0.743138,-0.202282,0.47961,0.025,0.0906198
0.777984,-0.184256,0.506966,0.0125,0.0906198
0.742227,-0.158313,0.47373,0.0225,0.0906198
0.780889,-0.153532,0.474794,0.0175,0.0906198
0.806644,-0.194585,0.463557,0.0175,0.0906198
0.878607,-0.0476208,0.504415,0.045,0.0802294
0.898014,-0.061185,0.53067,0.025,0.0802294
0.920418,-0.0399837,0.494118,0.0125,0.0802294
0.887014,-0.0182354,0.532425,0.0225,0.0802294
0.884685,-0.0133263,0.493834,0.0175,0.0802294
0.876581,-0.0554062,0.468564,0.0175,0.0802294
0.132001,-0.0489922,0.227214,0.045,0.636154
0.114487,-0.0192255,0.234779,0.025,0.636154
0.147833,-0.0346801,0.265385,0.0125,0.636154
0.153349,-0.0161707,0.213585,0.0225,0.636154
0.16838,-0.0489029,0.228465,0.0175,0.636154
0.13424,-0.0814222,0.244339,0.0175,0.636154
0.311585,0.0287457,0.377489,0.045,0.340998
0.311318,0.00212552,0.354223,0.025,0.340998
0.270185,0.0148718,0.375034,0.0125,0.340998
0.302088,0.0430413,0.339751,0.0225,0.340998
0.287629,0.0558731,0.373589,0.0175,0.340998
0.30347,0.0304114,0.413285,0.0175,0.340998
0.35708,-0.0639391,0.515507,0.045,0.40898
0.348042,-0.0538801,0.548174,0.025,0.40898
0.340822,-0.0234979,0.511948,0.0125,0.40898
0.317055,-0.0723221,0.522319,0.0225,0.40898
0.332761,-0.0606272,0.488625,0.0175,0.40898
0.381433,-0.0507075,0.491385,0.0175,0.40898
0.566264,-0.109891,0.495043,0.045,0.098502
0.549973,-0.138354,0.50825,0.025,0.098502
0.539998,-0.0954518,0.526888,0.0125,0.098502
0.52967,-0.11521,0.4763,0.0225,0.098502
0.546308,-0.0810993,0.485154,0.0175,0.098502
0.589231,-0.0853828,0.509939,0.0175,0.098502
0.619566,0.0238981,0.45407,0.045,0.0628766
0.61308,0.0299939,0.488287,0.025,0.0628766
0.658203,0.0325544,0.472638,0.0125,0.0628766
0.61479,0.0645698,0.460532,0.0225,0.0628766
0.639384,0.0479594,0.435274,0.0175,0.0628766
0.639422,-0.00176554,0.436834,0.0175,0.0628766
0.732522,0.0277548,0.474113,0.045,0.0651831
0.726557,-0.00279919,0.490873,0.025,0.0651831
0.771774,0.0111344,0.483889,0.0125,0.0651831
0.732251,0.0339291,0.515108,0.0225,0.0651831
0.754995,0.0520956,0.489196,0.0175,0.0651831
0.749507,0.0357523,0.442529,0.0175,0.0651831
0.824457,0.0290642,0.466715,0.045,0.0524244
0.815677,0.00379008,0.489826,0.025,0.0524244
0.855644,0.0289526,0.497372,0.0125,0.0524244
0.80289,0.0454663,0.498093,0.0225,0.0524244
0.832439,0.0623482,0.479103,0.0175,0.0524244
0.853458,0.0333573,0.444567,0.0175,0.0524244
0.882476,0.0768232,0.515705,0.045,0.0539011
0.865105,0.0484955,0.52778,0.025,0.0539011
0.894558,0.0717542,0.557428,0.0125,0.0539011
0.847307,0.0886276,0.534214,0.0225,0.0539011
0.881239,0.107786,0.534805,0.0175,0.0539011
0.918274,0.0840122,0.511605,0.0175,0.0539011
0.22014,0.225539,0.330776,0.045,0.357562
0.195461,0.221566,0.355779,0.025,0.357562
0.224648,0.184891,0.346264,0.0125,0.357562
0.23614,0.234415,0.367978,0.0225,0.357562
0.254657,0.216927,0.338481,0.0175,0.357562
0.225917,0.208449,0.298768,0.0175,0.357562
0.398867,0.180866,0.567635,0.045,0.435335
0.369346,0.174923,0.58616,0.025,0.435335
0.408158,0.19072,0.609217,0.0125,0.435335
0.377049,0.215947,0.571111,0.0225,0.435335
0.415895,0.21283,0.571286,0.0175,0.435335
0.432417,0.165956,0.569082,0.0175,0.435335
0.326764,0.150859,0.507333,0.045,0.33118
0.350837,0.126353,0.498969,0.025,0.33118
0.362973,0.172508,0.495812,0.0125,0.33118
0.350319,0.142321,0.540364,0.0225,0.33118
0.335756,0.177184,0.53081,0.0175,0.33118
0.310795,0.177553,0.487777,0.0175,0.33118
0.589022,0.107817,0.507539,0.045,0.0502951
0.580626,0.0765007,0.493438,0.025,0.0502951
0.58991,0.078858,0.540297,0.0125,0.0502951
0.548308,0.101021,0.511412,0.0225,0.0502951
0.571211,0.119207,0.53717,0.0175,0.0502951
0.619286,0.120051,0.524402,0.0175,0.0502951
0.66258,0.299461,0.465641,0.045,0.14568
0.628393,0.307855,0.462353,0.025,0.14568
0.647713,0.306877,0.506095,0.0125,0.14568
0.65826,0.340644,0.463611,0.0225,0.14568
0.684332,0.321217,0.485097,0.0175,0.14568
0.679739,0.271744,0.48259,0.0175,0.14568
0.719007,0.168591,0.393782,0.045,0.0814052
0.722686,0.155622,0.426466,0.025,0.0814052
0.761924,0.16313,0.40017,0.0125,0.0814052
0.725649,0.199503,0.420598,0.0225,0.0814052
0.738723,0.197563,0.383936,0.0175,0.0814052
0.727453,0.155049,0.360687,0.0175,0.0814052
0.859319,0.138876,0.437306,0.045,0.0755366
0.846667,0.10899,0.451333,0.025,0.0755366
0.867249,0.141039,0.480259,0.0125,0.0755366
0.820598,0.144891,0.450845,0.0225,0.0755366
0.849725,0.170757,0.452023,0.0175,0.0755366
0.893192,0.153004,0.435579,0.0175,0.0755366
0.190186,0.425199,0.300751,0.045,0.546082
0.216008,0.409645,0.319225,0.025,0.546082
0.174494,0.418928,0.341086,0.0125,0.546082
0.185523,0.384018,0.299663,0.0225,0.546082
0.156911,0.410443,0.301007,0.0175,0.546082
0.172928,0.457404,0.304622,0.0175,0.546082
0.20755,0.558115,0.420329,0.045,0.73907
0.181169,0.562389,0.397182,0.025,0.73907
0.221953,0.542456,0.382121,0.0125,0.73907
0.184725,0.523562,0.418361,0.0225,0.73907
0.223335,0.525451,0.423308,0.0175,0.73907
0.241671,0.571672,0.421747,0.0175,0.73907
0.414922,0.484031,0.473034,0.045,0.507607
0.406813,0.463299,0.500501,0.025,0.507607
0.374068,0.494379,0.484712,0.0125,0.507607
0.395448,0.449928,0.459748,0.0225,0.507607
0.391994,0.485758,0.444814,0.0175,0.507607
0.417645,0.520502,0.46951,0.0175,0.507607
0.57505,0.429783,0.530938,0.045,0.213728
0.564248,0.406771,0.55551,0.025,0.213728
0.60136,0.43526,0.565439,0.0125,0.213728
0.548312,0.448163,0.556745,0.0225,0.213728
0.579446,0.464722,0.540155,0.0175,0.213728
0.606739,0.433467,0.512709,0.0175,0.213728
0.637374,0.488427,0.503619,0.045,0.0998466
0.628973,0.495114,0.537305,0.025,0.0998466
0.657719,0.525638,0.514294,0.0125,0.0998466
0.604513,0.51365,0.50526,0.0225,0.0998466
0.633089,0.514691,0.478783,0.0175,0.0998466
0.669434,0.481721,0.48697,0.0175,0.0998466
0.721618,0.508816,0.465585,0.045,0.0471739
0.756721,0.511671,0.468686,0.025,0.0471739
0.731921,0.549327,0.452731,0.0125,0.0471739
0.731276,0.525151,0.502444,0.0225,0.0471739
0.700417,0.534369,0.480502,0.0175,0.0471739
0.699076,0.510921,0.436646,0.0175,0.0471739
0.808392,0.493154,0.425433,0.045,0.0466031
0.804867,0.513218,0.454329,0.025,0.0466031
0.811173,0.466112,0.45969,0.0125,0.0466031
0.845744,0.504274,0.439571,0.0225,0.0466031
0.836498,0.470129,0.42322,0.0175,0.0466031
0.788279,0.465564,0.411856,0.0175,0.0466031
0.915034,0.321012,0.410173,0.045,0.0154995
0.941762,0.331311,0.430899,0.025,0.0154995
0.907769,0.363058,0.419761,0.0125,0.0154995
0.904405,0.316924,0.450036,0.0225,0.0154995
0.880853,0.327535,0.420856,0.0175,0.0154995
0.903823,0.332002,0.376954,0.0175,0.0154995
0.273124,0.580792,0.363226,0.045,0.686241
0.241725,0.564904,0.359807,0.025,0.686241
0.242915,0.610827,0.373118,0.0125,0.686241
0.257907,0.587563,0.325261,0.0225,0.686241
0.2787,0.612688,0.346595,0.0175,0.686241
0.290182,0.595959,0.392018,0.0175,0.686241
0.146177,0.681894,0.463766,0.045,0.393484
0.179494,0.692962,0.459581,0.025,0.393484
0.147092,0.723616,0.476842,0.0125,0.393484
0.167189,0.67722,0.499198,0.0225,0.393484
0.129675,0.687205,0.495773,0.0175,0.393484
0.114438,0.692695,0.448734,0.0175,0.393484
0.445157,0.650181,0.47129,0.045,0.623937
0.414977,0.668338,0.474365,0.025,0.623937
0.437236,0.653853,0.514141,0.0125,0.623937
0.453357,0.690539,0.476056,0.0225,0.623937
0.474262,0.660911,0.490335,0.0175,0.623937
0.45466,0.616105,0.481217,0.0175,0.623937
0.503105,0.595916,0.517326,0.045,0.357358
0.474002,0.614748,0.524281,0.025,0.357358
0.512948,0.621883,0.55111,0.0125,0.357358
0.504689,0.632258,0.49744,0.0225,0.357358
0.534837,0.613276,0.513238,0.0175,0.357358
0.522145,0.571548,0.537169,0.0175,0.357358
0.692415,0.588366,0.4358,0.045,0.0583787
0.727329,0.59378,0.437103,0.025,0.0583787
0.701066,0.620272,0.40717,0.0125,0.0583787
0.700998,0.618951,0.462438,0.0225,0.0583787
0.669978,0.616856,0.438941,0.0175,0.0583787
0.670083,0.577263,0.408819,0.0175,0.0583787
0.815619,0.573253,0.378696,0.045,0.0434804
0.789906,0.568825,0.402555,0.025,0.0434804
0.830533,0.544117,0.4077,0.0125,0.0434804
0.82172,0.598598,0.410932,0.0225,0.0434804
0.849365,0.580551,0.390224,0.0175,0.0434804
0.831658,0.550178,0.355026,0.0175,0.0434804
0.876878,0.563714,0.443274,0.045,0.0405332
0.910004,0.559634,0.431611,0.025,0.0405332
0.8859,0.521031,0.44632,0.0125,0.0405332
0.876587,0.55404,0.402961,0.0225,0.0405332
0.850599,0.542543,0.429629,0.0175,0.0405332
0.861178,0.557453,0.475897,0.0175,0.0405332
0.212301,0.801258,0.287912,0.045,0.730788
0.234796,0.773991,0.288615,0.025,0.730788
0.246721,0.814218,0.311572,0.0125,0.730788
0.205844,0.778471,0.321939,0.0225,0.730788
0.202908,0.817237,0.31924,0.0175,0.730788
0.215169,0.83537,0.274565,0.0175,0.730788
0.312774,0.716347,0.419351,0.045,0.516455
0.315052,0.685719,0.401836,0.025,0.516455
0.272797,0.708049,0.403681,0.0125,0.516455
0.319849,0.723543,0.37914,0.0225,0.516455
0.297643,0.745056,0.402864,0.0175,0.516455
0.293447,0.726597,0.448871,0.0175,0.516455
0.351027,0.759813,0.489231,0.045,0.980565
0.316104,0.76523,0.488243,0.025,0.980565
0.340173,0.777613,0.527674,0.0125,0.980565
0.343066,0.798476,0.476561,0.0225,0.980565
0.372901,0.787231,0.49897,0.0175,0.980565
0.372229,0.738901,0.510753,0.0175,0.980565
0.583713,0.779141,0.391532,0.045,0.0901499
0.583355,0.813224,0.400927,0.025,0.0901499
0.609352,0.800117,0.362981,0.0125,0.0901499
0.55454,0.799401,0.370148,0.0225,0.0901499
0.576793,0.770274,0.356913,0.0175,0.0901499
0.610697,0.754279,0.389618,0.0175,0.0901499
0.648336,0.810007,0.309233,0.045,0.0261343
0.680197,0.80551,0.323884,0.025,0.0261343
0.677168,0.828573,0.282094,0.0125,0.0261343
0.658279,0.84324,0.331937,0.0225,0.0261343
0.638392,0.843312,0.298422,0.0175,0.0261343
0.633802,0.798386,0.277551,0.0175,0.0261343
0.71752,0.852868,0.362779,0.045,0.0353948
0.7037,0.882207,0.376858,0.025,0.0353948
0.73966,0.860484,0.399715,0.0125,0.0353948
0.739316,0.885989,0.350668,0.0225,0.0353948
0.753601,0.850596,0.35854,0.0175,0.0353948
0.719523,0.818211,0.374815,0.0175,0.0353948
0.869151,0.854469,0.348884,0.045,0.0325465
0.881298,0.821824,0.354943,0.025,0.0325465
0.906682,0.850918,0.326717,0.0125,0.0325465
0.895673,0.854936,0.380744,0.0225,0.0325465
0.891425,0.882826,0.353859,0.0175,0.0325465
0.858626,0.871653,0.31816,0.0175,0.0325465
0.93681,0.715102,0.425589,0.045,0.059446
0.965518,0.730102,0.439761,0.025,0.059446
0.970926,0.701289,0.401971,0.0125,0.059446
0.945676,0.750334,0.405618,0.0225,0.059446
0.931363,0.71777,0.389697,0.0175,0.059446
0.926549,0.680031,0.421752,0.0175,0.059446
0.0910645,-0.836802,0.132552,0.045,0.183251
0.0688557,-0.857817,0.150305,0.025,0.183251
0.0700735,-0.860755,0.102583,0.0125,0.183251
0.108995,-0.873489,0.139721,0.0225,0.183251
0.11337,-0.851515,0.107834,0.0175,0.183251
0.0855293,-0.810285,0.107729,0.0175,0.183251
0.263438,-0.892786,0.413128,0.045,0.54746
0.257328,-0.899352,0.447327,0.025,0.54746
0.249436,-0.855234,0.430629,0.0125,0.54746
0.223555,-0.902615,0.418735,0.0225,0.54746
0.237543,-0.876575,0.393338,0.0175,0.54746
0.286797,-0.870132,0.396065,0.0175,0.54746
0.533247,-0.931045,0.437071,0.045,0.0892613
0.512724,-0.93751,0.465124,0.025,0.0892613
0.492373,-0.934626,0.421938,0.0125,0.0892613
0.528082,-0.971919,0.441696,0.0225,0.0892613
0.530648,-0.952671,0.407907,0.0175,0.0892613
0.534228,-0.903311,0.412989,0.0175,0.0892613
0.692733,-0.83171,0.41423,0.045,0.0568979
0.659336,-0.820232,0.415938,0.025,0.0568979
0.675153,-0.838885,0.374836,0.0125,0.0568979
0.667464,-0.863114,0.423929,0.0225,0.0568979
0.699292,-0.865189,0.401536,0.0175,0.0568979
0.721458,-0.821325,0.393809,0.0175,0.0568979
0.747408,-0.736073,0.398742,0.045,0.0771043
0.743012,-0.701845,0.391049,0.025,0.0771043
0.740989,-0.715555,0.436825,0.0125,0.0771043
0.783648,-0.716152,0.401667,0.0225,0.0771043
0.77156,-0.745487,0.424296,0.0175,0.0771043
0.72534,-0.760965,0.414341,0.0175,0.0771043
0.860923,-0.876224,0.462087,0.045,0.0171272
0.84652,-0.856365,0.487546,0.025,0.0171272
0.824275,-0.896631,0.474456,0.0125,0.0171272
0.873201,-0.88982,0.499277,0.0225,0.0171272
0.865688,-0.911823,0.468001,0.0175,0.0171272
0.849066,-0.886157,0.428759,0.0175,0.0171272
0.873776,-0.675532,0.389755,0.045,0.0382925
0.880828,-0.698637,0.415571,0.025,0.0382925
0.908302,-0.659707,0.411435,0.0125,0.0382925
0.854804,-0.663886,0.424729,0.0225,0.0382925
0.870505,-0.640236,0.398029,0.0175,0.0382925
0.893253,-0.664101,0.360773,0.0175,0.0382925
0.133697,-0.509554,0.204114,0.045,0.609403
0.112003,-0.506059,0.231812,0.025,0.609403
0.101539,-0.538634,0.198392,0.0125,0.609403
0.144041,-0.536699,0.233692,0.0225,0.609403
0.145821,-0.542705,0.195228,0.0175,0.609403
0.128741,-0.504711,0.168031,0.0175,0.609403
0.205975,-0.744069,0.362113,0.045,0.515215
0.171445,-0.750849,0.358688,0.025,0.515215
0.19472,-0.730981,0.321932,0.0125,0.515215
0.200533,-0.781156,0.344402,0.0225,0.515215
0.228913,-0.75569,0.336349,0.0175,0.515215
0.225257,-0.712804,0.361296,0.0175,0.515215
0.421188,-0.677301,0.463916,0.045,0.509088
0.409966,-0.706358,0.447189,0.025,0.509088
0.455015,-0.70501,0.463197,0.0125,0.509088
0.40751,-0.70509,0.491473,0.0225,0.509088
0.437547,-0.680725,0.496253,0.0175,0.509088
0.447614,-0.652962,0.456217,0.0175,0.509088
0.594157,-0.644604,0.453218,0.045,0.0847364
0.613833,-0.673049,0.445886,0.025,0.0847364
0.623232,-0.632095,0.42304,0.0125,0.0847364
0.628355,-0.644567,0.476654,0.0225,0.0847364
0.610756,-0.61328,0.461483,0.0175,0.0847364
0.571693,-0.624074,0.432628,0.0175,0.0847364
0.633389,-0.571617,0.418237,0.045,0.0581386
0.653199,-0.583922,0.391663,0.025,0.0581386
0.674614,-0.560063,0.427155,0.0125,0.0581386
0.648679,-0.608877,0.428071,0.0225,0.0581386
0.64321,-0.579009,0.452499,0.0175,0.0581386
0.626681,-0.537607,0.430416,0.0175,0.0581386
0.748897,-0.558385,0.463855,0.045,0.0449522
0.738579,-0.591643,0.469974,0.025,0.0449522
0.770347,-0.583473,0.435167,0.0125,0.0449522
0.77541,-0.576867,0.48982,0.0225,0.0449522
0.784489,-0.550944,0.462174,0.0175,0.0449522
0.745744,-0.536496,0.434513,0.0175,0.0449522
0.816267,-0.564835,0.404931,0.045,0.0544154
0.828524,-0.531976,0.400455,0.025,0.0544154
0.811599,-0.555566,0.362448,0.0125,0.0544154
0.785087,-0.537634,0.407523,0.0225,0.0544154
0.783324,-0.57333,0.391985,0.0175,0.0544154
0.826923,-0.597284,0.391385,0.0175,0.0544154
0.955171,-0.430676,0.472571,0.045,0.0351436
0.960111,-0.462326,0.45761,0.025,0.0351436
0.915394,-0.447698,0.466205,0.0125,0.0351436
0.953099,-0.42729,0.431304,0.0225,0.0351436
0.931911,-0.407285,0.457181,0.0175,0.0351436
0.940041,-0.420465,0.504459,0.0175,0.0351436
0.218657,-0.41062,0.384872,0.045,0.344163
0.228506,-0.413692,0.418689,0.025,0.344163
0.18182,-0.412507,0.408368,0.0125,0.344163
0.219801,-0.450625,0.39569,0.0225,0.344163
0.194274,-0.43403,0.371365,0.0175,0.344163
0.199733,-0.384787,0.366856,0.0175,0.344163
0.385234,-0.35714,0.502142,0.045,0.379807
0.375349,-0.38789,0.487764,0.025,0.379807
0.352714,-0.372536,0.526999,0.0125,0.379807
0.353579,-0.351036,0.476075,0.0225,0.379807
0.359852,-0.332128,0.50957,0.0175,0.379807
0.399346,-0.348568,0.534965,0.0175,0.379807
0.561446,-0.346857,0.455922,0.045,0.263443
0.575527,-0.373596,0.474272,0.025,0.263443
0.592605,-0.329462,0.481201,0.0125,0.263443
0.542666,-0.350184,0.492732,0.0225,0.263443
0.55044,-0.317069,0.473714,0.0175,0.263443
0.57563,-0.323557,0.431307,0.0175,0.263443
0.650526,-0.4462,0.535859,0.045,0.327925
0.670116,-0.456806,0.508405,0.025,0.327925
0.692067,-0.437082,0.546043,0.0125,0.327925
0.664311,-0.484752,0.542377,0.0225,0.327925
0.659731,-0.457022,0.569373,0.0175,0.327925
0.64498,-0.413196,0.551023,0.0175,0.327925
0.645317,-0.370508,0.477338,0.045,0.440772
0.669824,-0.380361,0.50084,0.025,0.440772
0.64861,-0.337833,0.506217,0.0125,0.440772
0.62719,-0.388664,0.509903,0.0225,0.440772
0.613032,-0.358737,0.489344,0.0175,0.440772
0.643616,-0.342493,0.453626,0.0175,0.440772
0.729299,-0.293575,0.480618,0.045,0.167991
0.75082,-0.299664,0.508,0.025,0.167991
0.747354,-0.25511,0.490958,0.0125,0.167991
0.709316,-0.286287,0.516204,0.0225,0.167991
0.705027,-0.266542,0.48288,0.0175,0.167991
0.735493,-0.281459,0.446489,0.0175,0.167991
0.834217,-0.246445,0.511901,0.045,0.0641736
0.818914,-0.234255,0.482452,0.025,0.0641736
0.791351,-0.244178,0.520258,0.0125,0.0641736
0.830118,-0.205249,0.514104,0.0225,0.0641736
0.826683,-0.230385,0.543686,0.0175,0.0641736
0.830871,-0.278102,0.530249,0.0175,0.0641736
0.139092,-0.146641,0.223322,0.045,0.732628
0.15029,-0.171414,0.245926,0.025,0.732628
0.12572,-0.134114,0.26303,0.0125,0.732628
0.109253,-0.174775,0.229389,0.0225,0.732628
0.10414,-0.136505,0.224094,0.0175,0.732628
0.146555,-0.1108,0.220194,0.0175,0.732628
0.210794,-0.0965576,0.478143,0.045,0.454784
0.222698,-0.128589,0.487215,0.025,0.454784
0.175968,-0.119363,0.491541,0.0125,0.454784
0.207235,-0.122576,0.446063,0.0225,0.454784
0.182448,-0.094007,0.45545,0.0175,0.454784
0.194289,-0.0699351,0.497347,0.0175,0.454784
0.352159,-0.151074,0.467143,0.045,0.596421
0.343757,-0.173536,0.493122,0.025,0.596421
0.319469,-0.175856,0.451985,0.0125,0.596421
0.372699,-0.186744,0.462193,0.0225,0.596421
0.358456,-0.164194,0.433778,0.0175,0.596421
0.333113,-0.124641,0.450157,0.0175,0.596421
0.581006,-0.201927,0.596411,0.045,0.479784
0.563726,-0.231942,0.603519,0.025,0.479784
0.609606,-0.22821,0.616505,0.0125,0.479784
0.565396,-0.200509,0.634791,0.0225,0.479784
0.599341,-0.185334,0.623122,0.0175,0.479784
0.610307,-0.194599,0.575489,0.0175,0.479784
0.621427,-0.127646,0.563869,0.045,0.160389
0.649022,-0.112326,0.579799,0.025,0.160389
0.624972,-0.0875938,0.546672,0.0125,0.160389
0.60844,-0.105379,0.596337,0.0225,0.160389
0.589709,-0.109842,0.562455,0.0175,0.160389
0.614867,-0.136498,0.528817,0.0175,0.160389
0.640285,-0.0564318,0.488528,0.045,0.0769328
0.641409,-0.0822961,0.512607,0.025,0.0769328
0.663487,-0.0409725,0.52222,0.0125,0.0769328
0.609589,-0.0515566,0.515964,0.0225,0.0769328
0.629985,-0.023086,0.498871,0.0175,0.0769328
0.66653,-0.0393617,0.469299,0.0175,0.0769328
0.795226,-0.0917139,0.511621,0.045,0.0445205
0.779789,-0.113207,0.488174,0.025,0.0445205
0.753717,-0.0784088,0.508094,0.0125,0.0445205
0.796908,-0.074891,0.473767,0.0225,0.0445205
0.792075,-0.0557034,0.507341,0.0175,0.0445205
0.788848,-0.0852636,0.547226,0.0175,0.0445205
0.952882,-0.0568619,0.573528,0.045,0.0830353
0.946057,-0.0731171,0.604174,0.025,0.0830353
0.987784,-0.050312,0.599051,0.0125,0.0830353
0.936397,-0.0299725,0.600435,0.0225,0.0830353
0.963944,-0.0221859,0.57399,0.0175,0.0830353
0.978892,-0.0619361,0.548078,0.0175,0.0830353
0.218108,0.0745382,0.306032,0.045,0.49033
0.249296,0.0810935,0.32134,0.025,0.49033
0.248756,0.060392,0.278228,0.0125,0.49033
0.232744,0.111143,0.293201,0.0225,0.49033
0.212547,0.0855927,0.2718,0.0175,0.49033
0.201679,0.0433383,0.295705,0.0175,0.49033
0.363889,-0.0148201,0.437186,0.045,0.381003
0.338742,-0.0278335,0.416014,0.025,0.381003
0.349119,-0.0512073,0.45643,0.0125,0.381003
0.326685,-0.00117567,0.449372,0.0225,0.381003
0.356629,-0.0103351,0.472572,0.0175,0.381003
0.396226,-0.0282274,0.448346,0.0175,0.381003
0.389226,0.0538511,0.49539,0.045,0.32142
0.359078,0.0555654,0.513778,0.025,0.32142
0.357224,0.0426868,0.467754,0.0125,0.32142
0.379935,0.016514,0.510829,0.0225,0.32142
0.396639,0.0237171,0.476364,0.0175,0.32142
0.401295,0.0721278,0.465889,0.0175,0.32142
0.542987,-0.00176334,0.493496,0.045,0.0711328
0.522171,-0.0287743,0.50283,0.025,0.0711328
0.542694,-0.00262621,0.537219,0.0125,0.0711328
0.504357,0.0117702,0.50008,0.0225,0.0711328
0.537248,0.0309475,0.508398,0.0175,0.0711328
0.57867,0.00503977,0.499015,0.0175,0.0711328
0.672714,0.0946932,0.477528,0.045,0.0653102
0.700016,0.0934079,0.499955,0.025,0.0653102
0.708823,0.0996711,0.453364,0.0125,0.0653102
0.68322,0.133052,0.489231,0.0225,0.0653102
0.670458,0.12237,0.453992,0.0175,0.0653102
0.662926,0.0734271,0.449209,0.0175,0.0653102
0.750312,0.142235,0.489344,0.045,0.0772169
0.74995,0.110472,0.473819,0.025,0.0772169
0.711459,0.138547,0.469611,0.0125,0.0772169
0.762621,0.145631,0.449901,0.0225,0.0772169
0.741389,0.171588,0.469754,0.0175,0.0772169
0.729646,0.157057,0.515862,0.0175,0.0772169
0.783072,0.0825043,0.553324,0.045,0.0997333
0.754844,0.08216,0.574609,0.025,0.0997333
0.767456,0.12335,0.553828,0.0125,0.0997333
0.748617,0.0766454,0.531025,0.0225,0.0997333
0.779979,0.0970336,0.520092,0.0175,0.0997333
0.815186,0.100269,0.555092,0.0175,0.0997333
0.148088,0.0386467,0.264231,0.045,0.550522
0.15558,0.00409845,0.264764,0.025,0.550522
0.111517,0.0178675,0.252259,0.0125,0.550522
0.159712,0.0261116,0.226462,0.0225,0.550522
0.132606,0.0529213,0.23454,0.0175,0.550522
0.124129,0.0590706,0.283174,0.0175,0.550522
0.134171,0.280287,0.387156,0.045,0.506443
0.141601,0.288363,0.420765,0.025,0.506443
0.134019,0.323944,0.389716,0.0125,0.506443
0.0990421,0.285495,0.408546,0.0225,0.506443
0.105087,0.295429,0.37135,0.0175,0.506443
0.151573,0.287353,0.355576,0.0175,0.506443
0.313067,0.389041,0.551539,0.045,0.271631
0.293614,0.407476,0.528481,0.025,0.271631
0.3302,0.381431,0.512029,0.0125,0.271631
0.283121,0.365009,0.535906,0.0225,0.271631
0.319248,0.353733,0.545201,0.0175,0.271631
0.348555,0.39074,0.560905,0.0175,0.271631
0.415675,0.148091,0.484569,0.045,0.312321
0.39543,0.121415,0.473232,0.025,0.312321
0.439153,0.111589,0.489944,0.0125,0.312321
0.394923,0.131559,0.516424,0.0225,0.312321
0.431192,0.145786,0.517416,0.0175,0.312321
0.448102,0.16111,0.473209,0.0175,0.312321
0.554687,0.33303,0.474339,0.045,0.269231
0.565909,0.305219,0.455613,0.025,0.269231
0.592983,0.321046,0.491724,0.0125,0.269231
0.542814,0.297846,0.492775,0.0225,0.269231
0.553789,0.33069,0.510653,0.0175,0.269231
0.568676,0.366595,0.479601,0.0175,0.269231
0.772446,0.331492,0.495619,0.045,0.0472623
0.787269,0.339101,0.526802,0.025,0.0472623
0.741312,0.350372,0.519843,0.0125,0.0472623
0.76545,0.300707,0.52249,0.0225,0.0472623
0.740892,0.313355,0.495001,0.0175,0.0472623
0.757653,0.352606,0.469439,0.0175,0.0472623
0.795999,0.203222,0.424538,0.045,0.068174
0.770721,0.194042,0.44749,0.025,0.068174
0.816357,0.192452,0.461713,0.0125,0.068174
0.785289,0.235953,0.447619,0.0225,0.068174
0.82108,0.227579,0.434671,0.0175,0.068174
0.824035,0.184575,0.409833,0.0175,0.068174
0.887658,0.226588,0.477313,0.045,0.0174908
0.877639,0.209498,0.506597,0.025,0.0174908
0.902695,0.249993,0.511057,0.0125,0.0174908
0.851749,0.242039,0.491118,0.0225,0.0174908
0.880579,0.262167,0.474312,0.0175,0.0174908
0.920715,0.234815,0.463544,0.0175,0.0174908
0.133915,0.485524,0.204103,0.045,0.683176
0.149313,0.47252,0.233151,0.025,0.683176
0.15138,0.519633,0.225176,0.0125,0.683176
0.107686,0.487588,0.236142,0.0225,0.683176
0.110979,0.513606,0.207316,0.0175,0.683176
0.147272,0.503339,0.174876,0.0175,0.683176
0.258395,0.651224,0.450472,0.045,0.838296
0.282652,0.626404,0.457225,0.025,0.838296
0.243509,0.628345,0.48464,0.0125,0.838296
0.248421,0.616025,0.430971,0.0225,0.838296
0.223526,0.641378,0.446979,0.0175,0.838296
0.245592,0.679367,0.470323,0.0175,0.838296
0.629753,0.560391,0.588415,0.045,0.316204
0.613105,0.539578,0.565184,0.025,0.316204
0.603541,0.534295,0.611747,0.0125,0.316204
0.593166,0.577011,0.578222,0.0225,0.316204
0.610148,0.578358,0.613272,0.0175,0.316204
0.652938,0.553124,0.615977,0.0175,0.316204
0.590878,0.579588,0.506818,0.045,0.305568
0.624215,0.568019,0.509015,0.025,0.305568
0.611336,0.593902,0.470914,0.0125,0.305568
0.614841,0.608692,0.524067,0.0225,0.305568
0.584808,0.614825,0.5,0.0175,0.305568
0.563978,0.573114,0.482643,0.0175,0.305568
0.689866,0.594717,0.525373,0.045,0.200734
0.660624,0.611627,0.535812,0.025,0.200734
0.702538,0.624104,0.555178,0.0125,0.200734
0.684805,0.629299,0.503075,0.0225,0.200734
0.718752,0.614206,0.514847,0.0175,0.200734
0.714057,0.573706,0.543354,0.0175,0.200734
0.780663,0.576514,0.478677,0.045,0.093424
0.761498,0.567862,0.5071,0.025,0.093424
0.805973,0.550691,0.503274,0.0125,0.093424
0.788708,0.602814,0.509698,0.0225,0.093424
0.814264,0.589705,0.483359,0.0175,0.093424
0.795303,0.556398,0.45164,0.0175,0.093424
0.869418,0.462008,0.486212,0.045,0.0507989
0.890049,0.469033,0.514051,0.025,0.0507989
0.910479,0.453874,0.47355,0.0125,0.0507989
0.88344,0.500958,0.483953,0.0225,0.0507989
0.877618,0.476763,0.453962,0.0175,0.0507989
0.862967,0.431144,0.46735,0.0175,0.0507989
0.141982,0.589934,0.220346,0.045,0.657836
0.113456,0.573592,0.207339,0.025,0.657836
0.138998,0.551677,0.241321,0.0125,0.657836
0.108986,0.598021,0.244109,0.0225,0.657836
0.14563,0.593094,0.256426,0.0175,0.657836
0.177678,0.581228,0.220271,0.0175,0.657836
0.259143,0.750319,0.351565,0.045,0.670311
0.262871,0.780252,0.333123,0.025,0.670311
0.301129,0.761981,0.355258,0.0125,0.670311
0.271772,0.741707,0.313029,0.0225,0.670311
0.282202,0.722819,0.345482,0.0175,0.670311
0.263543,0.742491,0.387193,0.0175,0.670311
0.285394,0.812478,0.41058,0.045,0.735679
0.255674,0.828646,0.420843,0.025,0.735679
0.252298,0.78948,0.393601,0.0125,0.735679
0.271046,0.794979,0.445317,0.0225,0.735679
0.288731,0.776615,0.415842,0.0175,0.735679
0.299969,0.806184,0.377444,0.0175,0.735679
0.577806,0.814284,0.480165,0.045,0.274888
0.576587,0.841058,0.503223,0.025,0.274888
0.590189,0.850053,0.458261,0.0125,0.274888
0.54114,0.833467,0.477637,0.0225,0.274888
0.561097,0.81786,0.448024,0.0175,0.274888
0.605388,0.799321,0.46105,0.0175,0.274888
0.638379,0.744032,0.463779,0.045,0.112134
0.641318,0.72293,0.491995,0.025,0.112134
0.629257,0.768724,0.498702,0.0125,0.112134
0.601321,0.728204,0.473523,0.0225,0.112134
0.608208,0.763981,0.45969,0.0175,0.112134
0.65648,0.774321,0.453535,0.0175,0.112134
0.776231,0.662496,0.452768,0.045,0.125645
0.810044,0.655955,0.460761,0.025,0.125645
0.790083,0.696408,0.476655,0.0125,0.125645
0.778683,0.643922,0.489752,0.0225,0.125645
0.753188,0.67154,0.479456,0.0175,0.125645
0.760092,0.689295,0.433498,0.0175,0.125645
0.87326,0.787446,0.42135,0.045,0.0531126
0.856739,0.756949,0.414495,0.025,0.0531126
0.893774,0.756726,0.444758,0.0125,0.0531126
0.844097,0.780417,0.449966,0.0225,0.0531126
0.878762,0.797173,0.455992,0.0175,0.0531126
0.90774,0.798755,0.415584,0.0175,0.0531126
0.955157,0.400722,0.420018,0.045,0.0120568
0.934849,0.380662,0.44088,0.025,0.0120568
0.924588,0.427187,0.436679,0.0125,0.0120568
0.922297,0.38699,0.398795,0.0225,0.0120568
0.939325,0.421833,0.394946,0.0175,0.0120568
0.976646,0.429724,0.426881,0.0175,0.0120568
0.220539,0.952687,0.26369,0.045,0.621764
0.189672,0.943142,0.278047,0.025,0.621764
0.206057,0.918633,0.240386,0.0125,0.621764
0.226607,0.922596,0.291555,0.0225,0.621764
0.246035,0.927315,0.258103,0.0175,0.621764
0.229512,0.965116,0.230298,0.0175,0.621764
0.340861,0.815322,0.320839,0.045,0.50901
0.356144,0.803891,0.291077,0.025,0.50901
0.318477,0.83318,0.287786,0.0125,0.50901
0.369041,0.842856,0.307934,0.0225,0.50901
0.335038,0.850994,0.325147,0.0175,0.50901
0.307059,0.81095,0.334561,0.0175,0.50901
0.437728,0.807146,0.303024,0.045,0.120034
0.410015,0.808413,0.324942,0.025,0.120034
0.411423,0.838641,0.287905,0.0125,0.120034
0.406981,0.783538,0.288326,0.0225,0.120034
0.431826,0.804852,0.267179,0.0175,0.120034
0.463605,0.831762,0.294398,0.0175,0.120034
0.599739,0.869308,0.355659,0.045,0.124916
0.614341,0.840205,0.369436,0.025,0.124916
0.592992,0.871321,0.398821,0.0125,0.124916
0.571163,0.839487,0.359244,0.0225,0.124916
0.565407,0.877687,0.364382,0.0175,0.124916
0.606734,0.905079,0.360298,0.0175,0.124916
0.715407,0.94848,0.358304,0.045,0.0194645
0.719034,0.975132,0.38125,0.025,0.0194645
0.740883,0.978207,0.338815,0.0125,0.0194645
0.686906,0.977623,0.350749,0.0225,0.0194645
0.705227,0.95583,0.324138,0.0175,0.0194645
0.739641,0.925368,0.343184,0.0175,0.0194645
0.788791,0.929537,0.442963,0.045,0.0341639
0.798503,0.912015,0.472094,0.025,0.0341639
0.820749,0.95299,0.461432,0.0125,0.0341639
0.768106,0.944124,0.475797,0.0225,0.0341639
0.780891,0.964982,0.445461,0.0175,0.0341639
0.806925,0.938561,0.412308,0.0175,0.0341639
0.951881,0.817333,0.345239,0.045,0.0614514
0.93031,0.816822,0.373246,0.025,0.0614514
0.976636,0.826545,0.380094,0.0125,0.0614514
0.938088,0.855617,0.353166,0.0225,0.0614514
0.973574,0.846118,0.340156,0.0175,0.0614514
0.981203,0.797116,0.336212,0.0175,0.0614514
0.139169,-0.791714,0.207524,0.045,0.684868
0.110974,-0.783243,0.187947,0.025,0.684868
0.113035,-0.826778,0.207644,0.0125,0.684868
0.10888,-0.777255,0.231861,0.0225,0.684868
0.13407,-0.805625,0.240773,0.0175,0.684868
0.165098,-0.817469,0.203733,0.0175,0.684868
0.201183,-0.955133,0.3828,0.045,0.517643
0.18279,-0.93486,0.405176,0.025,0.517643
0.178231,-0.927209,0.358184,0.0125,0.517643
0.163306,-0.971026,0.38841,0.0225,0.517643
0.183775,-0.971347,0.355249,0.0175,0.517643
0.227278,-0.947382,0.358122,0.0175,0.517643
0.44427,-0.954662,0.468742,0.045,0.193976
0.414758,-0.973829,0.465322,0.025,0.193976
0.434005,-0.968835,0.508821,0.0125,0.193976
0.41106,-0.930877,0.475821,0.0225,0.193976
0.44548,-0.928411,0.49393,0.0175,0.193976
0.478176,-0.963228,0.480011,0.0175,0.193976
0.620227,-0.951584,0.441671,0.045,0.0486883
0.618539,-0.972756,0.413407,0.025,0.0486883
0.642217,-0.987919,0.452098,0.0125,0.0486883
0.588284,-0.977736,0.445479,0.0225,0.0486883
0.611156,-0.96491,0.474308,0.0175,0.0486883
0.648439,-0.935714,0.459056,0.0175,0.0486883
0.865778,-0.955036,0.515185,0.045,0.013587
0.887683,-0.935149,0.495828,0.025,0.013587
0.85228,-0.913694,0.519782,0.0125,0.013587
0.896564,-0.940673,0.538948,0.0225,0.013587
0.8595,-0.945821,0.549836,0.0175,0.013587
0.82961,-0.961177,0.513151,0.0175,0.013587
0.781945,-0.821569,0.417116,0.045,0.0293494
0.797569,-0.834433,0.446106,0.025,0.0293494
0.781578,-0.789362,0.446697,0.0125,0.0293494
0.753367,-0.836763,0.443023,0.0225,0.0293494
0.749486,-0.805393,0.420228,0.0175,0.0293494
0.790536,-0.793821,0.394617,0.0175,0.0293494
0.955049,-0.870239,0.448658,0.045,0.0209342
0.925469,-0.885518,0.436759,0.025,0.0209342
0.967574,-0.900786,0.419978,0.0125,0.0209342
0.946639,-0.90411,0.471036,0.0225,0.0209342
0.982052,-0.891266,0.461054,0.0175,0.0209342
0.981452,-0.850996,0.431849,0.0175,0.0209342
0.949961,-0.719519,0.42499,0.045,0.0100516
0.975081,-0.706925,0.403534,0.025,0.0100516
0.982551,-0.705878,0.450763,0.0125,0.0100516
0.977713,-0.749197,0.416759,0.0225,0.0100516
0.959076,-0.743777,0.450552,0.0175,0.0100516
0.929563,-0.703731,0.451157,0.0175,0.0100516
0.181324,-0.837277,0.381988,0.045,0.638861
0.146433,-0.839426,0.387281,0.025,0.638861
0.165796,-0.796517,0.378832,0.0125,0.638861
0.161677,-0.840524,0.345626,0.0225,0.638861
0.193705,-0.819492,0.35274,0.0175,0.638861
0.208132,-0.820123,0.400348,0.0175,0.638861
0.220686,-0.789815,0.465902,0.045,0.58261
0.231557,-0.82085,0.47889,0.025,0.58261
0.188462,-0.804449,0.491592,0.0125,0.58261
0.206812,-0.820764,0.44206,0.0225,0.58261
0.187877,-0.787707,0.450277,0.0175,0.58261
0.212033,-0.757926,0.481972,0.0175,0.58261
0.519752,-0.850934,0.477981,0.045,0.291002
0.544655,-0.825856,0.478948,0.025,0.291002
0.544813,-0.859716,0.512727,0.0125,0.291002
0.553825,-0.864075,0.458358,0.0225,0.291002
0.529766,-0.885876,0.479913,0.0175,0.291002
0.493002,-0.860166,0.501416,0.0175,0.291002
0.633808,-0.696745,0.519298,0.045,0.204243
0.636297,-0.730903,0.510522,0.025,0.204243
0.644461,-0.71818,0.555898,0.0125,0.204243
0.597721,-0.715853,0.526465,0.0225,0.204243
0.613342,-0.68728,0.547873,0.0175,0.204243
0.658319,-0.672707,0.532389,0.0175,0.204243
0.759729,-0.727119,0.489872,0.045,0.054022
0.785093,-0.734087,0.513497,0.025,0.054022
0.768438,-0.689376,0.510172,0.0125,0.054022
0.742778,-0.735442,0.526779,0.0225,0.054022
0.729791,-0.709505,0.500753,0.0175,0.054022
0.75866,-0.705101,0.460477,0.0175,0.054022
0.834543,-0.674363,0.488087,0.045,0.047366
0.814279,-0.691492,0.464721,0.025,0.047366
0.826971,-0.713985,0.504976,0.0125,0.047366
0.794551,-0.669753,0.497992,0.0225,0.047366
0.824244,-0.673294,0.522983,0.0175,0.047366
0.868266,-0.680937,0.501107,0.0175,0.047366
0.878916,-0.485125,0.442432,0.045,0.0519726
0.884772,-0.508522,0.468283,0.025,0.0519726
0.922259,-0.486829,0.447995,0.0125,0.0519726
0.881642,-0.465548,0.478875,0.0225,0.0519726
0.89436,-0.452229,0.444529,0.0175,0.0519726
0.88868,-0.484411,0.407018,0.0175,0.0519726
0.133404,-0.237675,0.229858,0.045,0.607966
0.14709,-0.261285,0.20738,0.025,0.607966
0.0998911,-0.261588,0.215108,0.0125,0.607966
0.131468,-0.223078,0.191104,0.0225,0.607966
0.105046,-0.217495,0.219201,0.0175,0.607966
0.115324,-0.241346,0.261633,0.0175,0.607966
0.253151,-0.242581,0.384405,0.045,0.526229
0.245361,-0.253558,0.417098,0.025,0.526229
0.23013,-0.279491,0.379909,0.0125,0.526229
0.281666,-0.269736,0.397376,0.0225,0.526229
0.268195,-0.266046,0.360994,0.0175,0.526229
0.232129,-0.232123,0.356144,0.0175,0.526229
0.371633,-0.538432,0.518404,0.045,0.299903
0.386246,-0.515466,0.495843,0.025,0.299903
0.353571,-0.546253,0.479351,0.0125,0.299903
0.347856,-0.504615,0.515266,0.0225,0.299903
0.335366,-0.541259,0.519739,0.0175,0.299903
0.371792,-0.575143,0.519921,0.0175,0.299903
0.563484,-0.532373,0.458568,0.045,0.242792
0.561043,-0.567338,0.463209,0.025,0.242792
0.566358,-0.539369,0.501641,0.0125,0.242792
0.524114,-0.542917,0.466157,0.0225,0.242792
0.541995,-0.510407,0.478079,0.0175,0.242792
0.590189,-0.508235,0.46593,0.0175,0.242792
0.669474,-0.52389,0.487748,0.045,0.102582
0.670538,-0.55741,0.476552,0.025,0.102582
0.664967,-0.54896,0.523297,0.0125,0.102582
0.63099,-0.53782,0.481134,0.0225,0.102582
0.642125,-0.513317,0.509319,0.0175,0.102582
0.691104,-0.504659,0.510382,0.0175,0.102582
0.738977,-0.445825,0.508711,0.045,0.180621
0.759272,-0.467152,0.528288,0.025,0.180621
0.750548,-0.422859,0.544083,0.0125,0.180621
0.715815,-0.465291,0.537054,0.0225,0.180621
0.710956,-0.428736,0.524451,0.0175,0.180621
0.745624,-0.413748,0.492071,0.0175,0.180621
0.794319,-0.354393,0.493924,0.045,0.189543
0.814152,-0.379065,0.509671,0.025,0.189543
0.800748,-0.340756,0.534975,0.0125,0.189543
0.770037,-0.381528,0.513744,0.0225,0.189543
0.763749,-0.343229,0.510228,0.0175,0.189543
0.800166,-0.318849,0.486682,0.0175,0.189543
0.896274,-0.428718,0.559196,0.045,0.0882251
0.913671,-0.418025,0.588058,0.025,0.0882251
0.899631,-0.385217,0.556214,0.0125,0.0882251
0.869307,-0.417997,0.588804,0.0225,0.0882251
0.864862,-0.412523,0.550477,0.0175,0.0882251
0.904125,-0.426608,0.523365,0.0175,0.0882251
0.212189,-0.0766611,0.384895,0.045,0.642475
0.190176,-0.0490789,0.382738,0.025,0.642475
0.175018,-0.0918218,0.367546,0.0125,0.642475
0.188096,-0.075125,0.418599,0.0225,0.642475
0.200565,-0.107369,0.400609,0.0175,0.642475
0.226982,-0.0985739,0.359381,0.0175,0.642475
0.331374,-0.229319,0.426417,0.045,0.525468
0.322924,-0.246542,0.396719,0.025,0.525468
0.292798,-0.213351,0.413402,0.0125,0.525468
0.344025,-0.20765,0.393415,0.0225,0.525468
0.330128,-0.192941,0.42672,0.0175,0.525468
0.315221,-0.227397,0.459363,0.0175,0.525468
0.344628,-0.260761,0.509421,0.045,0.426235
0.365361,-0.241766,0.487989,0.025,0.426235
0.330391,-0.268102,0.468729,0.0125,0.426235
0.327158,-0.223939,0.501826,0.0225,0.426235
0.308487,-0.257868,0.506186,0.0175,0.426235
0.338695,-0.296892,0.512486,0.0175,0.426235
0.590833,-0.309306,0.534943,0.045,0.349181
0.605286,-0.340908,0.541458,0.025,0.349181
0.614228,-0.304887,0.571625,0.0125,0.349181
0.56664,-0.33086,0.560806,0.0225,0.349181
0.572649,-0.292362,0.561537,0.0175,0.349181
0.605497,-0.276392,0.527759,0.0175,0.349181
0.65589,-0.242018,0.563976,0.045,0.29946
0.648219,-0.270433,0.544388,0.025,0.29946
0.661976,-0.276822,0.589747,0.0125,0.29946
0.616311,-0.252917,0.569761,0.0225,0.29946
0.640423,-0.238427,0.596731,0.0175,0.29946
0.686814,-0.230904,0.580413,0.0175,0.29946
0.710338,-0.167171,0.537914,0.045,0.24298
0.720195,-0.17905,0.569721,0.025,0.24298
0.744448,-0.193699,0.531189,0.0125,0.24298
0.740457,-0.143171,0.553263,0.0225,0.24298
0.735469,-0.152819,0.515836,0.0175,0.24298
0.697733,-0.184259,0.507929,0.0175,0.24298
0.865541,-0.150575,0.534472,0.045,0.0468541
0.884422,-0.145356,0.505039,0.025,0.0468541
0.90147,-0.128749,0.546524,0.0125,0.0468541
0.893459,-0.180898,0.530016,0.0225,0.0468541
0.881888,-0.164957,0.563642,0.0175,0.0468541
0.849754,-0.127372,0.558186,0.0175,0.0468541
0.126581,-0.02915,0.318407,0.045,0.561839
0.106254,-0.000798304,0.324152,0.025,0.561839
0.0925479,-0.0429322,0.342162,0.0125,0.561839
0.136461,-0.0117916,0.354736,0.0225,0.561839
0.136348,-0.049917,0.346662,0.0175,0.561839
0.12049,-0.0608089,0.300783,0.0175,0.561839
0.256295,0.108268,0.391251,0.045,0.408315
0.229245,0.0978942,0.370986,0.025,0.408315
0.220306,0.126054,0.408597,0.0125,0.408315
0.248511,0.13691,0.362306,0.0225,0.408315
0.260102,0.143652,0.398898,0.0175,0.408315
0.264298,0.102581,0.426657,0.0175,0.408315
0.280696,-0.124648,0.416605,0.045,0.57312
0.27178,-0.10799,0.446488,0.025,0.57312
0.298082,-0.147833,0.449357,0.0125,0.57312
0.310909,-0.0985639,0.42781,0.0225,0.57312
0.315577,-0.1334,0.410976,0.0175,0.57312
0.273067,-0.158217,0.403761,0.0175,0.57312
0.438194,-0.0175209,0.52021,0.045,0.359048
0.461157,-0.0405522,0.506344,0.025,0.359048
0.473654,-0.0165623,0.545787,0.0125,0.359048
0.434038,-0.054445,0.538597,0.0225,0.359048
0.430292,-0.0196187,0.555681,0.0175,0.359048
0.439728,0.0188035,0.525519,0.0175,0.359048
0.547807,-0.0549173,0.566702,0.045,0.086287
0.579731,-0.0588956,0.552038,0.025,0.086287
0.574943,-0.0287223,0.588837,0.0125,0.086287
0.569359,-0.0837024,0.587334,0.0225,0.086287
0.544422,-0.0580615,0.602808,0.0175,0.086287
0.525484,-0.0259098,0.569905,0.0175,0.086287
0.666245,0.0180073,0.534067,0.045,0.100214
0.661138,0.0326646,0.565833,0.025,0.100214
0.70199,0.041694,0.542658,0.0125,0.100214
0.650177,0.0559747,0.529705,0.0225,0.100214
0.676382,0.0391844,0.50625,0.0175,0.100214
0.691303,-0.00575334,0.521514,0.0175,0.100214
0.777681,-0.00694752,0.547988,0.045,0.093154
0.768375,-0.0408923,0.551325,0.025,0.093154
0.771217,-0.0138662,0.590683,0.0125,0.093154
0.736364,-0.0103565,0.547913,0.0225,0.093154
0.757086,0.0186519,0.563657,0.0175,0.093154
0.80633,0.0122249,0.560703,0.0175,0.093154
0.955176,0.102568,0.561666,0.045,0.0455953
0.975019,0.0853065,0.585295,0.025,0.0455953
0.987623,0.129708,0.572761,0.0125,0.0455953
0.942911,0.112113,0.600101,0.0225,0.0455953
0.943639,0.136198,0.569472,0.0175,0.0455953
0.962477,0.115817,0.528183,0.0175,0.0455953
0.183132,0.145733,0.347096,0.045,0.446645
0.178169,0.140112,0.381647,0.025,0.446645
0.189435,0.1842,0.366922,0.0125,0.446645
0.143895,0.154359,0.357335,0.0225,0.446645
0.16552,0.173191,0.330944,0.0175,0.446645
0.212369,0.156755,0.327764,0.0175,0.446645
0.309401,0.182082,0.394581,0.045,0.342432
0.309344,0.178454,0.42975,0.025,0.342432
0.349213,0.193879,0.408302,0.0125,0.342432
0.299743,0.218195,0.412508,0.0225,0.342432
0.320807,0.213453,0.380064,0.0175,0.342432
0.328995,0.165873,0.36806,0.0175,0.342432
0.237401,0.160571,0.508453,0.045,0.347761
0.256558,0.181315,0.487177,0.025,0.347761
0.209114,0.187233,0.488416,0.0125,0.347761
0.246801,0.195951,0.527912,0.0225,0.347761
0.213562,0.175891,0.531301,0.0175,0.347761
0.210969,0.135941,0.501766,0.0175,0.347761
0.470061,0.0733614,0.529349,0.045,0.32413
0.450724,0.0681197,0.55848,0.025,0.32413
0.484792,0.10168,0.559242,0.0125,0.32413
0.437966,0.0995973,0.529929,0.0225,0.32413
0.473721,0.107187,0.51641,0.0175,0.32413
0.50599,0.0698204,0.522526,0.0175,0.32413
0.710503,0.219744,0.51127,0.045,0.058649
0.682582,0.241394,0.512565,0.025,0.058649
0.725737,0.258865,0.523516,0.0125,0.058649
0.706555,0.239903,0.475259,0.0225,0.058649
0.740021,0.230059,0.492634,0.0175,0.058649
0.734124,0.208254,0.53696,0.0175,0.058649
0.795593,0.238729,0.531808,0.045,0.0904118
0.768598,0.257348,0.54502,0.025,0.0904118
0.812204,0.276996,0.544931,0.0125,0.0904118
0.779613,0.263248,0.502445,0.0225,0.0904118
0.817245,0.254183,0.506961,0.0175,0.0904118
0.82659,0.225988,0.54687,0.0175,0.0904118
0.831536,0.153597,0.526795,0.045,0.0583092
0.831212,0.159009,0.561733,0.025,0.0583092
0.8719,0.144683,0.541073,0.0125,0.0583092
0.844185,0.192162,0.53525,0.0225,0.0583092
0.857572,0.169229,0.506726,0.0175,0.0583092
0.837689,0.123627,0.50645,0.0175,0.0583092
-0.103821,0.246961,0.134104,0.045,0.107215
-0.100273,0.218709,0.155063,0.025,0.107215
-0.144133,0.231393,0.140818,0.0125,0.107215
-0.101478,0.212522,0.111142,0.0225,0.107215
-0.123252,0.24392,0.103474,0.0175,0.107215
-0.121064,0.279094,0.138588,0.0175,0.107215
0.193674,0.402024,0.407889,0.045,0.530857
0.221315,0.379981,0.407657,0.025,0.530857
0.193674,0.382591,0.368712,0.0125,0.530857
0.226634,0.420847,0.391214,0.0225,0.530857
0.189497,0.42543,0.380326,0.0175,0.530857
0.157488,0.396375,0.404948,0.0175,0.530857
0.328959,0.465773,0.505869,0.045,0.578733
0.320506,0.46782,0.4716,0.025,0.578733
0.350323,0.500431,0.489903,0.0125,0.578733
0.357414,0.44603,0.483081,0.0225,0.578733
0.364051,0.466611,0.515502,0.0175,0.578733
0.323509,0.488634,0.534112,0.0175,0.578733
0.431192,0.320782,0.577249,0.045,0.24682
0.414492,0.289786,0.574026,0.025,0.24682
0.451301,0.29301,0.604394,0.0125,0.24682
0.401767,0.317488,0.606267,0.0225,0.24682
0.436513,0.334623,0.610492,0.0175,0.24682
0.465799,0.331075,0.570432,0.0175,0.24682
0.697015,0.422499,0.491282,0.045,0.0630336
0.698681,0.454215,0.506816,0.025,0.0630336
0.690365,0.415734,0.533973,0.0125,0.0630336
0.735471,0.42947,0.505112,0.0225,0.0630336
0.71697,0.395173,0.504701,0.0175,0.0630336
0.670029,0.397728,0.488424,0.0175,0.0630336
0.786172,0.494515,0.52962,0.045,0.0259365
0.818302,0.479784,0.530411,0.025,0.0259365
0.813619,0.525445,0.543851,0.0125,0.0259365
0.793922,0.479512,0.567483,0.0225,0.0259365
0.773984,0.511946,0.559161,0.0175,0.0259365
0.772365,0.522779,0.510632,0.0175,0.0259365
0.771841,0.413085,0.442613,0.045,0.0663974
0.759074,0.395855,0.470722,0.025,0.0663974
0.805478,0.391273,0.460085,0.0125,0.0663974
0.777352,0.43582,0.476839,0.0225,0.0663974
0.801687,0.43356,0.446484,0.0175,0.0663974
0.787229,0.401451,0.411342,0.0175,0.0663974
0.95508,0.285644,0.484218,0.045,0.0351842
0.921683,0.291985,0.493936,0.025,0.0351842
0.955918,0.292989,0.52732,0.0125,0.0351842
0.947817,0.32646,0.484073,0.0225,0.0351842
0.981143,0.308998,0.494231,0.0175,0.0351842
0.978969,0.259302,0.493463,0.0175,0.0351842
0.0238056,0.652425,0.137402,0.045,0.220588
0.0178144,0.620571,0.12328,0.025,0.220588
0.0621415,0.638459,0.121659,0.0125,0.220588
0.0319704,0.622837,0.16527,0.0225,0.220588
0.0512496,0.656432,0.160976,0.0175,0.220588
0.0352802,0.68417,0.122889,0.0175,0.220588
0.315475,0.619573,0.524384,0.045,0.907347
0.311966,0.633297,0.556777,0.025,0.907347
0.315445,0.663028,0.519475,0.0125,0.907347
0.275478,0.627056,0.532315,0.0225,0.907347
0.293281,0.630944,0.497867,0.0175,0.907347
0.342188,0.621932,0.499266,0.0175,0.907347
0.466581,0.686189,0.558132,0.045,1.08398
0.476253,0.65692,0.575448,0.025,1.08398
0.453296,0.691314,0.599481,0.0125,1.08398
0.43533,0.658949,0.558421,0.0225,1.08398
0.432156,0.69772,0.560758,0.0175,1.08398
0.475819,0.721522,0.562162,0.0175,1.08398
0.526017,0.77882,0.561278,0.045,0.684399
0.521871,0.811704,0.573586,0.025,0.684399
0.483165,0.784129,0.568205,0.0125,0.684399
0.52597,0.778503,0.602735,0.0225,0.684399
0.510936,0.751114,0.579442,0.0175,0.684399
0.513787,0.762007,0.530984,0.0175,0.684399
0.704661,0.747088,0.528418,0.045,0.207066
0.696198,0.770805,0.553235,0.025,0.207066
0.662183,0.741323,0.53707,0.0125,0.207066
0.70788,0.729958,0.566033,0.0225,0.207066
0.695732,0.712176,0.533553,0.0175,0.207066
0.693012,0.74213,0.493926,0.0175,0.207066
0.856912,0.70879,0.465953,0.045,0.0774432
0.863435,0.742603,0.473959,0.025,0.0774432
0.87341,0.7271,0.429827,0.0125,0.0774432
0.824562,0.732371,0.455172,0.0225,0.0774432
0.837722,0.701102,0.435992,0.0175,0.0774432
0.8788,0.681118,0.455696,0.0175,0.0774432
0.951011,0.515078,0.489156,0.045,0.0255775
0.955404,0.524032,0.523075,0.025,0.0255775
0.986197,0.493268,0.503255,0.0125,0.0255775
0.977624,0.54673,0.492094,0.0225,0.0255775
0.979349,0.51745,0.466433,0.0175,0.0255775
0.944067,0.482948,0.47274,0.0175,0.0255775
0.198647,0.603102,0.297286,0.045,0.700032
0.212879,0.608783,0.329148,0.025,0.700032
0.234462,0.627318,0.290701,0.0125,0.700032
0.185102,0.639169,0.312598,0.0225,0.700032
0.192868,0.631451,0.275197,0.0175,0.700032
0.211099,0.585834,0.26734,0.0175,0.700032
0.242371,0.86108,0.348032,0.045,0.816229
0.211978,0.844353,0.35485,0.025,0.816229
0.232797,0.869381,0.389888,0.0125,0.816229
0.210443,0.886935,0.342471,0.0225,0.816229
0.245497,0.896296,0.356696,0.0175,0.816229
0.276225,0.857513,0.361858,0.0175,0.816229
0.510649,0.829559,0.412024,0.045,0.491054
0.506685,0.822552,0.44645,0.025,0.491054
0.47124,0.844803,0.423297,0.0125,0.491054
0.490803,0.793491,0.416921,0.0225,0.491054
0.484358,0.819737,0.388843,0.0175,0.491054
0.511723,0.861061,0.393143,0.0175,0.491054
0.517359,0.950558,0.38293,0.045,0.253583
0.502064,0.97365,0.404903,0.025,0.253583
0.541201,0.987166,0.380963,0.0125,0.253583
0.490828,0.974565,0.361988,0.0225,0.253583
0.524879,0.960902,0.34885,0.0175,0.253583
0.550647,0.935007,0.382621,0.0175,0.253583
0.642694,0.855907,0.433952,0.045,0.10273
0.63103,0.880586,0.456423,0.025,0.10273
0.676286,0.865589,0.460226,0.0125,0.10273
0.651732,0.893669,0.419423,0.0225,0.10273
0.673756,0.861713,0.415886,0.0175,0.10273
0.655255,0.821756,0.43904,0.0175,0.10273
0.728057,0.839423,0.457814,0.045,0.140982
0.752897,0.859975,0.443304,0.025,0.140982
0.738971,0.820701,0.419829,0.0125,0.140982
0.710546,0.866572,0.431832,0.0225,0.140982
0.699206,0.829772,0.437827,0.0175,0.140982
0.728386,0.804492,0.469203,0.0175,0.140982
0.906607,0.951058,0.384649,0.045,0.0270574
0.908912,0.947817,0.41978,0.025,0.0270574
0.925647,0.98763,0.399227,0.0125,0.0270574
0.873773,0.968828,0.402676,0.0225,0.0270574
0.892052,0.981323,0.370606,0.0175,0.0270574
0.932076,0.954422,0.358381,0.0175,0.0270574
0.955099,0.60281,0.46226,0.045,0.0232712
0.934371,0.624562,0.480894,0.025,0.0232712
0.943329,0.580895,0.498228,0.0125,0.0232712
0.977736,0.623418,0.490218,0.0225,0.0232712
0.983094,0.586521,0.478873,0.0175,0.0232712
0.948956,0.570143,0.446602,0.0175,0.0232712
0.221095,-0.892592,0.314838,0.045,0.494431
0.197909,-0.895581,0.341362,0.025,0.494431
0.227781,-0.931926,0.332745,0.0125,0.494431
0.238715,-0.880703,0.350432,0.0225,0.494431
0.256241,-0.899609,0.321206,0.0175,0.494431
0.225761,-0.911659,0.283779,0.0175,0.494431
0.336952,-0.885789,0.469767,0.045,0.513506
0.325495,-0.905997,0.443114,0.025,0.513506
0.365326,-0.91888,0.466245,0.0125,0.513506
0.313184,-0.91642,0.484448,0.0225,0.513506
0.344731,-0.901406,0.501713,0.0175,0.513506
0.367884,-0.866596,0.474748,0.0175,0.513506
0.566859,-0.95509,0.517098,0.045,0.178227
0.567779,-0.953217,0.552392,0.025,0.178227
0.608286,-0.96276,0.528822,0.0125,0.178227
0.577528,-0.916823,0.528957,0.0225,0.178227
0.590979,-0.93589,0.497743,0.0175,0.178227
0.573887,-0.982425,0.493574,0.0175,0.178227
0.625199,-0.868962,0.476351,0.045,0.0650212
0.593262,-0.855983,0.484196,0.025,0.0650212
0.618758,-0.834951,0.449626,0.0125,0.0650212
0.596638,-0.885588,0.451319,0.0225,0.0650212
0.633237,-0.87635,0.441626,0.0175,0.0650212
0.658927,-0.854504,0.478202,0.0175,0.0650212
0.765134,-0.884472,0.489063,0.045,0.0449378
0.78395,-0.914146,0.485139,0.025,0.0449378
0.782479,-0.893393,0.528205,0.0125,0.0449378
0.74198,-0.917341,0.499177,0.0225,0.0449378
0.740994,-0.882308,0.516222,0.0175,0.0449378
0.774594,-0.850225,0.498425,0.0175,0.0449378
0.81214,-0.798919,0.507613,0.045,0.0454013
0.844845,-0.806399,0.496458,0.025,0.0454013
0.826714,-0.763136,0.487126,0.0125,0.0454013
0.839905,-0.786151,0.535629,0.0225,0.0454013
0.806472,-0.768326,0.526506,0.0175,0.0454013
0.781243,-0.790308,0.489691,0.0175,0.0454013
0.884039,-0.605824,0.448101,0.045,0.0148335
0.855659,-0.616823,0.430112,0.025,0.0148335
0.88035,-0.64871,0.455824,0.0125,0.0148335
0.850634,-0.605234,0.472647,0.0225,0.0148335
0.886985,-0.614297,0.483379,0.0175,0.0148335
0.919663,-0.614536,0.445868,0.0175,0.0148335
0.123851,-0.510993,0.362232,0.045,0.555327
0.145918,-0.496098,0.338969,0.025,0.555327
0.139385,-0.543451,0.337379,0.0125,0.555327
0.103677,-0.502539,0.327014,0.0225,0.555327
0.097855,-0.533396,0.350095,0.0175,0.555327
0.12899,-0.535825,0.388821,0.0175,0.555327
0.205749,-0.516273,0.398667,0.045,0.507027
0.205104,-0.550793,0.391059,0.025,0.507027
0.165879,-0.530594,0.409521,0.0125,0.507027
0.190277,-0.522088,0.360647,0.0225,0.507027
0.179018,-0.494926,0.386225,0.0175,0.507027
0.202063,-0.497811,0.43022,0.0175,0.507027
0.291807,-0.527081,0.375335,0.045,0.424032
0.265757,-0.549126,0.384574,0.025,0.424032
0.261787,-0.524744,0.34362,0.0125,0.424032
0.297814,-0.564188,0.357849,0.0225,0.424032
0.306073,-0.529584,0.34194,0.0175,0.424032
0.292755,-0.490737,0.370021,0.0175,0.424032
0.539403,-0.677507,0.528236,0.045,0.342711
0.512654,-0.697889,0.517322,0.025,0.342711
0.529678,-0.704071,0.561588,0.0125,0.342711
0.503259,-0.660731,0.539679,0.0225,0.342711
0.536482,-0.660039,0.560038,0.0175,0.342711
0.573725,-0.685278,0.538802,0.0175,0.342711
0.693827,-0.648657,0.461154,0.045,0.0734923
0.687846,-0.652852,0.495746,0.025,0.0734923
0.732932,-0.654415,0.479864,0.0125,0.0734923
0.697233,-0.612211,0.480617,0.0225,0.0734923
0.718582,-0.624266,0.450324,0.0175,0.0734923
0.708498,-0.670742,0.435718,0.0175,0.0734923
0.740875,-0.628297,0.534963,0.045,0.0807703
0.763464,-0.655151,0.530649,0.025,0.0807703
0.753419,-0.627309,0.49308,0.0125,0.0807703
0.779806,-0.61499,0.540072,0.0225,0.0807703
0.750575,-0.595059,0.523729,0.0175,0.0807703
0.708175,-0.620811,0.519974,0.0175,0.0807703
0.824193,-0.490074,0.517534,0.045,0.0701051
0.846666,-0.511144,0.500185,0.025,0.0701051
0.851615,-0.463767,0.49589,0.0125,0.0701051
0.858355,-0.496069,0.540246,0.0225,0.0701051
0.837505,-0.463209,0.538176,0.0175,0.0701051
0.799586,-0.465328,0.506041,0.0175,0.0701051
0.95507,-0.495083,0.535468,0.045,0.038042
0.920516,-0.492119,0.542342,0.025,0.038042
0.94601,-0.5247,0.566343,0.0125,0.038042
0.949179,-0.469521,0.567572,0.0225,0.038042
0.978708,-0.494565,0.563144,0.0175,0.038042
0.975393,-0.522686,0.52224,0.0175,0.038042
0.260151,-0.331584,0.373199,0.045,0.402789
0.226457,-0.340279,0.379454,0.025,0.402789
0.261061,-0.367653,0.397911,0.0125,0.402789
0.247767,-0.315195,0.409211,0.0225,0.402789
0.283269,-0.329138,0.40121,0.0175,0.402789
0.287399,-0.34905,0.355807,0.0175,0.402789
0.381452,-0.413954,0.423653,0.045,0.695145
0.354364,-0.418058,0.446001,0.025,0.695145
0.351218,-0.437251,0.402306,0.0125,0.695145
0.385236,-0.449866,0.444018,0.0225,0.695145
0.395155,-0.443232,0.406919,0.0175,0.695145
0.384293,-0.39737,0.390989,0.0175,0.695145
0.479779,-0.375047,0.525876,0.045,0.385551
0.452001,-0.381579,0.505002,0.025,0.385551
0.456211,-0.405936,0.545948,0.0125,0.385551
0.447441,-0.351974,0.537736,0.0225,0.385551
0.474129,-0.368049,0.561148,0.0175,0.385551
0.507612,-0.396111,0.537349,0.0175,0.385551
0.570076,-0.401422,0.542954,0.045,0.482224
0.545779,-0.376424,0.548852,0.025,0.482224
0.58413,-0.365428,0.522475,0.0125,0.482224
0.542813,-0.400553,0.511734,0.0225,0.482224
0.581002,-0.407749,0.508814,0.0175,0.482224
0.605627,-0.403975,0.551876,0.0175,0.482224
0.673176,-0.340622,0.558193,0.045,0.463581
0.646153,-0.353064,0.577298,0.025,0.463581
0.690266,-0.355419,0.595629,0.0125,0.463581
0.659265,-0.311186,0.583859,0.0225,0.463581
0.696375,-0.317163,0.57357,0.0175,0.463581
0.703073,-0.356742,0.544183,0.0175,0.463581
0.745546,-0.249465,0.562265,0.045,0.350176
0.7206,-0.264698,0.582155,0.025,0.350176
0.764699,-0.28321,0.582439,0.0125,0.350176
0.74689,-0.234194,0.600785,0.0225,0.350176
0.777442,-0.240774,0.577503,0.0175,0.350176
0.765534,-0.261704,0.533969,0.0175,0.350176
0.805181,-0.41801,0.567964,0.045,0.188545
0.801859,-0.434521,0.59905,0.025,0.188545
0.779429,-0.392759,0.592698,0.0125,0.188545
0.770994,-0.441463,0.567938,0.0225,0.188545
0.77521,-0.406816,0.550601,0.0175,0.188545
0.819412,-0.385446,0.558633,0.0175,0.188545
0.135592,-0.362679,0.427763,0.045,0.454471
0.159954,-0.382586,0.411633,0.025,0.454471
0.113849,-0.389596,0.401019,0.0125,0.454471
0.145976,-0.345641,0.391423,0.0225,0.454471
0.110526,-0.34563,0.407612,0.0175,0.454471
0.107807,-0.371005,0.450317,0.0175,0.454471
0.26465,-0.0238056,0.435021,0.045,0.688317
0.230259,-0.0163515,0.438438,0.025,0.688317
0.260619,-0.000603521,0.471871,0.0125,0.688317
0.256529,0.0133565,0.418536,0.0225,0.688317
0.288934,0.00318362,0.437646,0.0175,0.688317
0.287976,-0.0431114,0.455835,0.0175,0.688317
0.214743,-0.122165,0.564169,0.045,0.378868
0.203586,-0.155328,0.569241,0.025,0.378868
0.222021,-0.131362,0.606299,0.0125,0.378868
0.175589,-0.121985,0.577797,0.0225,0.378868
0.203232,-0.0959991,0.586705,0.0175,0.378868
0.247806,-0.106435,0.567231,0.0175,0.378868
0.485737,-0.112437,0.534751,0.045,0.450593
0.506174,-0.139615,0.544432,0.025,0.450593
0.49877,-0.10416,0.575667,0.0125,0.450593
0.463034,-0.140785,0.554744,0.0225,0.450593
0.458519,-0.102122,0.556609,0.0175,0.450593
0.492518,-0.0765397,0.530828,0.0175,0.450593
0.397194,-0.151731,0.544867,0.045,0.568503
0.365108,-0.165264,0.538756,0.025,0.568503
0.403368,-0.188064,0.521324,0.0125,0.568503
0.388005,-0.179957,0.573807,0.0225,0.568503
0.423189,-0.173302,0.558428,0.0175,0.568503
0.423344,-0.13895,0.522443,0.0175,0.568503
0.706667,-0.073595,0.546972,0.045,0.16862
0.728269,-0.0978946,0.56086,0.025,0.16862
0.731699,-0.0526931,0.57611,0.0125,0.16862
0.690252,-0.0888225,0.581864,0.0225,0.16862
0.687647,-0.0520276,0.56929,0.0175,0.16862
0.712993,-0.0431409,0.527414,0.0175,0.16862
0.792962,-0.175508,0.581332,0.045,0.214073
0.808739,-0.202614,0.597652,0.025,0.214073
0.825892,-0.188069,0.555441,0.0125,0.214073
0.824799,-0.16175,0.604045,0.0225,0.214073
0.813294,-0.147703,0.569562,0.0175,0.214073
0.775505,-0.172783,0.549117,0.0175,0.214073
0.890698,-0.114827,0.613023,0.045,0.0232569
0.903919,-0.106416,0.581329,0.025,0.0232569
0.856424,-0.108124,0.586701,0.0125,0.0232569
0.893264,-0.073621,0.609252,0.0225,0.0232569
0.865283,-0.0933851,0.627832,0.0175,0.0232569
0.869843,-0.142813,0.624505,0.0175,0.0232569
0.205399,0.018714,0.375124,0.045,0.739011
0.219784,0.0117729,0.343582,0.025,0.739011
0.232677,-0.0149413,0.381101,0.0125,0.739011
0.183657,-0.0108702,0.355867,0.0225,0.739011
0.190535,-0.00852441,0.394154,0.0175,0.739011
0.219913,0.0294743,0.407117,0.0175,0.739011
0.220984,0.0791607,0.468802,0.045,0.266339
0.232994,0.0630491,0.439714,0.025,0.266339
0.196546,0.0432759,0.463548,0.0125,0.266339
0.198809,0.0910727,0.435861,0.0225,0.266339
0.185296,0.0855787,0.471999,0.0175,0.266339
0.219466,0.0687687,0.504012,0.0175,0.266339
0.289616,0.0605011,0.524035,0.045,0.275369
0.288229,0.0275168,0.536688,0.025,0.275369
0.303824,0.0624881,0.565346,0.0125,0.275369
0.253617,0.0543883,0.543669,0.0225,0.275369
0.274284,0.0874242,0.543142,0.0175,0.275369
0.317504,0.0838354,0.518767,0.0175,0.275369
0.54238,0.0643969,0.582044,0.045,0.379832
0.53218,0.0940758,0.598326,0.025,0.379832
0.530151,0.0921971,0.550578,0.0125,0.379832
0.501397,0.0637469,0.588262,0.0225,0.379832
0.520276,0.0492615,0.557399,0.0175,0.379832
0.569366,0.0573043,0.558138,0.0175,0.379832
0.628252,0.0852013,0.598395,0.045,0.44792
0.64714,0.0738052,0.626024,0.025,0.44792
0.634257,0.119837,0.624411,0.0125,0.44792
0.602908,0.07458,0.629438,0.0225,0.44792
0.597679,0.104012,0.604434,0.0175,0.44792
0.635152,0.110113,0.572284,0.0175,0.44792
0.68461,0.145034,0.557241,0.045,0.151307
0.700836,0.148566,0.588454,0.025,0.151307
0.693133,0.187662,0.562004,0.0125,0.151307
0.656841,0.154041,0.586677,0.0225,0.151307
0.65602,0.166256,0.549679,0.0175,0.151307
0.695392,0.152003,0.522815,0.0175,0.151307
0.767514,0.175574,0.589141,0.045,0.0916573
0.768543,0.153359,0.616625,0.025,0.0916573
0.809779,0.167487,0.59694,0.0125,0.0916573
0.771891,0.196911,0.624416,0.0225,0.0916573
0.787911,0.205711,0.589997,0.0175,0.0916573
0.778653,0.172344,0.554277,0.0175,0.0916573
0.13139,0.122416,0.238174,0.045,0.635233
0.113231,0.0921185,0.236646,0.025,0.635233
0.16082,0.0906419,0.232107,0.0125,0.635233
0.129961,0.104875,0.275712,0.0225,0.635233
0.15988,0.124832,0.260701,0.0175,0.635233
0.152715,0.139745,0.213783,0.0175,0.635233
0.215339,0.181423,0.423853,0.045,0.476257
0.184831,0.183332,0.406087,0.025,0.476257
0.183463,0.177912,0.453587,0.0125,0.476257
0.201632,0.220548,0.423448,0.0225,0.476257
0.220333,0.202961,0.45277,0.0175,0.476257
0.230385,0.154958,0.444424,0.0175,0.476257
0.335616,0.231986,0.467704,0.045,0.183281
0.311453,0.245398,0.489755,0.025,0.183281
0.35771,0.249149,0.501316,0.0125,0.183281
0.329801,0.272214,0.459539,0.0225,0.183281
0.363552,0.252862,0.457275,0.0175,0.183281
0.360583,0.205314,0.471605,0.0175,0.183281
0.497755,0.182827,0.504272,0.045,0.3212
0.483621,0.150651,0.508142,0.025,0.3212
0.528977,0.157603,0.521634,0.0125,0.3212
0.482328,0.178664,0.542527,0.0225,0.3212
0.514503,0.198307,0.532643,0.0175,0.3212
0.526038,0.195202,0.484349,0.0175,0.3212
0.593344,0.245178,0.483645,0.045,0.169042
0.621385,0.24616,0.505156,0.025,0.169042
0.600478,0.287351,0.492759,0.0125,0.169042
0.58084,0.24557,0.523171,0.0225,0.169042
0.563105,0.26305,0.493194,0.0175,0.169042
0.587456,0.258775,0.450023,0.0175,0.169042
0.702048,0.307718,0.546202,0.045,0.134611
0.676325,0.283836,0.541966,0.025,0.134611
0.676924,0.310126,0.581916,0.0125,0.134611
0.668634,0.325728,0.529532,0.0225,0.134611
0.693168,0.341865,0.555153,0.0175,0.134611
0.728838,0.311082,0.571121,0.0175,0.134611
0.867278,0.291922,0.54127,0.045,0.0641335
0.902462,0.288609,0.540224,0.025,0.0641335
0.88371,0.32994,0.55531,0.0125,0.0641335
0.881438,0.279701,0.578269,0.0225,0.0641335
0.851548,0.303869,0.571845,0.0175,0.0641335
0.844002,0.314351,0.523802,0.0175,0.0641335
0.9513,0.184093,0.524237,0.045,0.0182513
0.972004,0.170275,0.549344,0.025,0.0182513
0.987678,0.170456,0.504158,0.0125,0.0182513
0.977695,0.212847,0.53821,0.0225,0.0182513
0.965224,0.208878,0.501502,0.0175,0.0182513
0.935562,0.169579,0.494376,0.0175,0.0182513
0.134825,0.375897,0.240443,0.045,0.737087
0.154249,0.347116,0.247104,0.025,0.737087
0.138286,0.3731,0.283948,0.0125,0.737087
0.110043,0.343301,0.246927,0.0225,0.737087
0.103005,0.380112,0.257612,0.0175,0.737087
0.140202,0.411557,0.24748,0.0175,0.737087
0.273307,0.528816,0.473969,0.045,0.754094
0.244827,0.539148,0.492194,0.025,0.754094
0.272283,0.504384,0.510226,0.0125,0.754094
0.283981,0.557737,0.501689,0.0225,0.754094
0.305467,0.527056,0.49093,0.0175,0.754094
0.282663,0.49669,0.458791,0.0175,0.754094
0.437529,0.432442,0.57405,0.045,0.398253
0.422962,0.442585,0.543473,0.025,0.398253
0.401901,0.407695,0.568505,0.0125,0.398253
0.408438,0.461132,0.581074,0.0225,0.398253
0.416656,0.430568,0.603813,0.0175,0.398253
0.451675,0.400459,0.585318,0.0175,0.398253
0.558297,0.666726,0.556231,0.045,0.733472
0.574268,0.644863,0.533495,0.025,0.733472
0.526575,0.648296,0.53243,0.0125,0.733472
0.564956,0.686167,0.520225,0.0225,0.733472
0.534103,0.6908,0.543578,0.0175,0.733472
0.53421,0.660934,0.583366,0.0175,0.733472
0.744728,0.665599,0.543768,0.045,0.22981
0.733979,0.683908,0.572039,0.025,0.22981
0.746366,0.707827,0.532518,0.0125,0.22981
0.704075,0.673257,0.541038,0.0225,0.22981
0.72942,0.672382,0.511447,0.0175,0.22981
0.776559,0.664807,0.525432,0.0175,0.22981
0.879481,0.5457,0.53427,0.045,0.0439534
0.859325,0.572321,0.545891,0.025,0.0439534
0.90364,0.567756,0.563294,0.0125,0.0439534
0.886952,0.57986,0.511999,0.0225,0.0439534
0.913113,0.552892,0.522345,0.0175,0.0439534
0.894651,0.516887,0.551291,0.0175,0.0439534
0.877915,0.364944,0.489017,0.045,0.0302153
0.895012,0.334306,0.493381,0.025,0.0302153
0.920151,0.374984,0.494291,0.0125,0.0302153
0.881687,0.356485,0.529427,0.0225,0.0302153
0.883338,0.391785,0.512998,0.0175,0.0302153
0.880222,0.391134,0.46335,0.0175,0.0302153
0.131996,0.546033,0.315117,0.045,0.562693
0.120535,0.563686,0.343525,0.025,0.562693
0.0932973,0.528638,0.325714,0.0125,0.562693
0.143054,0.525949,0.349658,0.0225,0.562693
0.132417,0.509643,0.315898,0.0175,0.562693
0.118509,0.542399,0.281133,0.0175,0.562693
0.130033,0.684288,0.33982,0.045,0.780717
0.114078,0.662825,0.316694,0.025,0.780717
0.091879,0.672827,0.35786,0.0125,0.780717
0.104469,0.706128,0.315566,0.0225,0.780717
0.111546,0.71258,0.353342,0.0175,0.780717
0.141932,0.679164,0.374202,0.0175,0.780717
0.444629,0.765656,0.51607,0.045,1.0921
0.433719,0.732128,0.513454,0.025,1.0921
0.479356,0.740613,0.524979,0.0125,1.0921
0.433182,0.75156,0.55334,0.0225,1.0921
0.462514,0.776143,0.545989,0.0175,1.0921
0.469804,0.785005,0.497582,0.0175,1.0921
0.537746,0.946525,0.559201,0.045,0.485949
0.520362,0.916663,0.566688,0.025,0.485949
0.495387,0.954751,0.552094,0.0125,0.485949
0.532423,0.924221,0.524662,0.0225,0.485949
0.531546,0.963087,0.527385,0.0175,0.485949
0.536521,0.980207,0.57383,0.0175,0.485949
0.650086,0.820306,0.534934,0.045,0.460607
0.636653,0.8235,0.567482,0.025,0.460607
0.660292,0.783482,0.556202,0.0125,0.460607
0.678869,0.835356,0.560698,0.0225,0.460607
0.685008,0.810785,0.531079,0.0175,0.460607
0.643476,0.796604,0.507648,0.0175,0.460607
0.802631,0.749159,0.524843,0.045,0.0802855
0.793305,0.782607,0.531494,0.025,0.0802855
0.759944,0.75213,0.51582,0.0125,0.0802855
0.787949,0.752331,0.563484,0.0225,0.0802855
0.783042,0.722126,0.539352,0.0175,0.0802855
0.802465,0.729069,0.49408,0.0175,0.0802855
0.942857,0.687002,0.511014,0.045,0.0393209
0.975085,0.675511,0.519919,0.025,0.0393209
0.966897,0.688054,0.474497,0.0125,0.0393209
0.967319,0.719196,0.520173,0.0225,0.0393209
0.939683,0.718306,0.49271,0.0175,0.0393209
0.917505,0.674046,0.487789,0.0175,0.0393209
0.947888,0.423414,0.506678,0.045,0.0285958
0.924254,0.418766,0.480797,0.025,0.0285958
0.942606,0.380218,0.502355,0.0125,0.0285958
0.909844,0.419802,0.52275,0.0225,0.0285958
0.942888,0.406377,0.538454,0.0175,0.0285958
0.983119,0.413557,0.510084,0.0175,0.0285958
0.307366,0.94754,0.406954,0.045,0.674411
0.315377,0.971262,0.381992,0.025,0.674411
0.277557,0.979382,0.410121,0.0125,0.674411
0.331293,0.977377,0.422956,0.0225,0.674411
0.302184,0.958917,0.44114,0.0175,0.674411
0.277819,0.9264,0.412435,0.0175,0.674411
0.421459,0.81392,0.439861,0.045,1.0356
0.4128,0.817741,0.473926,0.025,1.0356
0.402916,0.853352,0.443568,0.0125,1.0356
0.382159,0.802165,0.445868,0.0225,1.0356
0.396253,0.820311,0.41439,0.0175,1.0356
0.444366,0.832461,0.417918,0.0175,1.0356
0.409652,0.93684,0.436191,0.045,0.48353
0.394936,0.966745,0.447988,0.025,0.48353
0.427608,0.969392,0.413159,0.0125,0.48353
0.377119,0.946882,0.412536,0.0225,0.48353
0.410257,0.930366,0.400375,0.0175,0.48353
0.444307,0.924634,0.43619,0.0175,0.48353
0.563131,0.897376,0.440521,0.045,0.183609
0.560677,0.899878,0.40534,0.025,0.183609
0.56287,0.85642,0.425191,0.0125,0.183609
0.523407,0.894957,0.428908,0.0225,0.183609
0.540052,0.875591,0.458347,0.0175,0.183609
0.588992,0.883454,0.462598,0.0175,0.183609
0.695968,0.955072,0.448159,0.045,0.0466237
0.676401,0.955603,0.477602,0.025,0.0466237
0.71072,0.922556,0.473409,0.0125,0.0466237
0.714972,0.977534,0.477367,0.0225,0.0466237
0.732249,0.954559,0.451053,0.0175,0.0466237
0.700462,0.929787,0.421883,0.0175,0.0466237
0.860816,0.954615,0.502395,0.045,0.249115
0.889089,0.974675,0.495451,0.025,0.249115
0.889112,0.947846,0.535044,0.0125,0.249115
0.889241,0.932405,0.481961,0.0225,0.249115
0.865612,0.919357,0.510071,0.0175,0.249115
0.836733,0.954544,0.530143,0.0175,0.249115
0.955126,0.882202,0.416495,0.045,0.0797365
0.928655,0.85886,0.414387,0.025,0.0797365
0.973665,0.842721,0.413321,0.0125,0.0797365
0.946075,0.867635,0.45424,0.0225,0.0797365
0.981543,0.87681,0.44095,0.0175,0.0797365
0.982199,0.891081,0.393296,0.0175,0.0797365
0.132749,-0.954953,0.22256,0.045,0.624045
0.11111,-0.93962,0.245941,0.025,0.624045
0.109554,-0.987158,0.240926,0.0125,0.624045
0.150218,-0.955021,0.260157,0.0225,0.624045
0.153277,-0.983048,0.233251,0.0175,0.624045
0.126419,-0.974684,0.192218,0.0175,0.624045
0.124972,-0.897031,0.344349,0.045,0.63333
0.12255,-0.927698,0.361775,0.025,0.63333
0.152927,-0.924517,0.32497,0.0125,0.63333
0.153983,-0.898829,0.373911,0.0225,0.63333
0.15784,-0.882414,0.338777,0.0175,0.63333
0.117979,-0.887753,0.309492,0.0175,0.63333
0.411088,-0.87199,0.4188,0.045,0.363872
0.414038,-0.890781,0.448603,0.025,0.363872
0.448296,-0.859177,0.437877,0.0125,0.363872
0.395172,-0.850671,0.450595,0.0225,0.363872
0.414654,-0.835796,0.420298,0.0175,0.363872
0.431939,-0.870033,0.388611,0.0175,0.363872
0.489552,-0.913197,0.5355,0.045,0.407741
0.502004,-0.897964,0.564875,0.025,0.407741
0.454653,-0.900935,0.558829,0.0125,0.407741
0.491896,-0.941152,0.566024,0.0225,0.407741
0.464419,-0.939363,0.538446,0.0175,0.407741
0.469059,-0.900455,0.507792,0.0175,0.407741
0.679372,-0.808793,0.515354,0.045,0.0989312
0.68451,-0.819224,0.548743,0.025,0.0989312
0.720429,-0.823703,0.517481,0.0125,0.0989312
0.696407,-0.778033,0.537317,0.0225,0.0989312
0.703537,-0.786368,0.499922,0.0175,0.0989312
0.679925,-0.82692,0.483399,0.0175,0.0989312
0.832925,-0.872588,0.554847,0.045,0.0141287
0.813687,-0.901266,0.547267,0.025,0.0141287
0.857355,-0.907145,0.565867,0.0125,0.0141287
0.812069,-0.884924,0.588486,0.0225,0.0141287
0.84788,-0.869562,0.587895,0.0175,0.0141287
0.865164,-0.860352,0.542163,0.0175,0.0141287
0.900457,-0.741049,0.498343,0.045,0.0295
0.90819,-0.757472,0.468003,0.025,0.0295
0.905851,-0.709703,0.468329,0.0125,0.0295
0.941578,-0.743452,0.493643,0.0225,0.0295
0.921886,-0.71391,0.509713,0.0175,0.0295
0.872466,-0.71946,0.508362,0.0175,0.0295
0.948861,-0.539353,0.455023,0.045,0.0366282
0.972896,-0.516628,0.442538,0.025,0.0366282
0.936212,-0.499569,0.468049,0.0125,0.0366282
0.977911,-0.532296,0.483747,0.0225,0.0366282
0.939922,-0.538031,0.490284,0.0175,0.0366282
0.912836,-0.543136,0.448868,0.0175,0.0366282
0.204454,-0.618656,0.376143,0.045,0.268737
0.18223,-0.592105,0.368993,0.025,0.268737
0.20005,-0.595882,0.413216,0.0125,0.268737
0.225855,-0.584747,0.36561,0.0225,0.268737
0.236256,-0.611245,0.392227,0.0175,0.268737
0.202447,-0.647028,0.399402,0.0175,0.268737
0.128901,-0.780875,0.42974,0.045,0.525382
0.100193,-0.80121,0.433252,0.025,0.525382
0.094905,-0.756648,0.416708,0.0125,0.525382
0.120603,-0.799944,0.393875,0.0225,0.525382
0.134761,-0.76388,0.398088,0.0175,0.525382
0.13885,-0.749181,0.44544,0.0175,0.525382
0.458304,-0.744825,0.510906,0.045,0.39996
0.443415,-0.7715,0.528704,0.025,0.39996
0.486136,-0.778462,0.508359,0.0125,0.39996
0.471938,-0.745057,0.550057,0.0225,0.39996
0.492678,-0.735537,0.518467,0.0175,0.39996
0.467906,-0.740901,0.475658,0.0175,0.39996
0.648471,-0.603941,0.52659,0.045,0.1439
0.661239,-0.622162,0.554067,0.025,0.1439
0.684014,-0.582438,0.540257,0.0125,0.1439
0.633547,-0.588417,0.562017,0.0225,0.1439
0.643027,-0.568124,0.530126,0.0175,0.1439
0.662521,-0.595761,0.493641,0.0175,0.1439
0.751268,-0.828208,0.567783,0.045,0.0662752
0.754172,-0.828954,0.532555,0.025,0.0662752
0.79379,-0.823401,0.558767,0.0125,0.0662752
0.759699,-0.866767,0.555101,0.0225,0.0662752
0.772649,-0.849873,0.587746,0.0175,0.0662752
0.758917,-0.802314,0.592704,0.0175,0.0662752
0.86761,-0.571142,0.529324,0.045,0.024747
0.86198,-0.606006,0.52765,0.025,0.024747
0.904834,-0.58901,0.514913,0.0125,0.024747
0.880252,-0.58921,0.56443,0.0225,0.024747
0.897077,-0.558811,0.546778,0.0175,0.024747
0.875731,-0.546125,0.503669,0.0175,0.024747
0.947562,-0.655362,0.487974,0.045,0.0120072
0.937443,-0.621563,0.490263,0.025,0.0120072
0.964327,-0.639926,0.525299,0.0125,0.0120072
0.976961,-0.630704,0.472275,0.0225,0.0120072
0.982746,-0.663615,0.492329,0.0175,0.0120072
0.940914,-0.684672,0.50911,0.0175,0.0120072
0.130767,-0.436171,0.254897,0.045,0.567216
0.144223,-0.412027,0.276943,0.025,0.567216
0.097031,-0.412284,0.269175,0.0125,0.567216
0.128923,-0.450061,0.293915,0.0225,0.567216
0.102578,-0.456399,0.265906,0.0175,0.567216
0.112685,-0.433251,0.223046,0.0175,0.567216
0.121155,-0.602268,0.41969,0.045,0.451438
0.0991724,-0.597953,0.447043,0.025,0.451438
0.121329,-0.640011,0.441779,0.0125,0.451438
0.142429,-0.590197,0.453163,0.0225,0.451438
0.154667,-0.615098,0.425797,0.0175,0.451438
0.120651,-0.625084,0.390895,0.0175,0.451438
0.222529,-0.607987,0.464799,0.045,0.359527
0.240933,-0.618633,0.436551,0.025,0.359527
0.244291,-0.572942,0.450281,0.0125,0.359527
0.260876,-0.618878,0.476186,0.0225,0.359527
0.239703,-0.589849,0.491277,0.0175,0.359527
0.195733,-0.583198,0.468974,0.0175,0.359527
0.489911,-0.520142,0.536091,0.045,0.404867
0.456506,-0.514775,0.525828,0.025,0.404867
0.466293,-0.515745,0.572633,0.0125,0.404867
0.482111,-0.479477,0.534024,0.0225,0.404867
0.504904,-0.497293,0.560135,0.0175,0.404867
0.505785,-0.546838,0.55572,0.0175,0.404867
0.7039,-0.531587,0.570451,0.045,0.0531957
0.720934,-0.545564,0.5981,0.025,0.0531957
0.729502,-0.499965,0.586487,0.0125,0.0531957
0.683172,-0.523446,0.60542,0.0225,0.0531957
0.68654,-0.49986,0.57458,0.0175,0.0531957
0.715701,-0.517819,0.538494,0.0175,0.0531957
0.79112,-0.55366,0.573275,0.045,0.049783
0.777951,-0.5238,0.559675,0.025,0.049783
0.817374,-0.542532,0.540118,0.0125,0.049783
0.765837,-0.56248,0.541624,0.0225,0.049783
0.79856,-0.58146,0.550986,0.0175,0.049783
0.823243,-0.561502,0.589293,0.0175,0.049783
0.714017,-0.418371,0.596281,0.045,0.404321
0.706508,-0.450466,0.60907,0.025,0.404321
0.705543,-0.413056,0.638854,0.0125,0.404321
0.673036,-0.424612,0.595656,0.0225,0.404321
0.691121,-0.390875,0.602971,0.0175,0.404321
0.740742,-0.394331,0.603885,0.0175,0.404321
0.95323,-0.252365,0.516688,0.045,0.0614879
0.95282,-0.240195,0.54988,0.025,0.0614879
0.977637,-0.216078,0.516866,0.0125,0.0614879
0.923116,-0.224208,0.521056,0.0225,0.0614879
0.945221,-0.229621,0.48942,0.0175,0.0614879
0.980406,-0.264338,0.495053,0.0175,0.0614879
0.192499,-0.192774,0.436988,0.045,0.589306
0.215197,-0.219842,0.43845,0.025,0.589306
0.232583,-0.175295,0.43754,0.0125,0.589306
0.202572,-0.200669,0.476421,0.0225,0.589306
0.195891,-0.165548,0.46091,0.0175,0.589306
0.186971,-0.166434,0.411974,0.0175,0.589306
0.270613,-0.186612,0.48115,0.045,0.656939
0.269327,-0.208674,0.453552,0.025,0.656939
0.310847,-0.203146,0.47664,0.0125,0.656939
0.263346,-0.225262,0.494269,0.0225,0.656939
0.284835,-0.198363,0.512529,0.0175,0.656939
0.289577,-0.155749,0.487299,0.0175,0.656939
0.283252,-0.533283,0.466267,0.045,0.324198
0.281135,-0.534513,0.501537,0.025,0.324198
0.323973,-0.539632,0.480893,0.0125,0.324198
0.290455,-0.495687,0.482186,0.0225,0.324198
0.307618,-0.511114,0.450782,0.0175,0.324198
0.293917,-0.557977,0.441238,0.0175,0.324198
0.430088,-0.282785,0.528423,0.045,0.612074
0.404925,-0.294705,0.550212,0.025,0.612074
0.446571,-0.280374,0.568858,0.0125,0.612074
0.407627,-0.251042,0.542796,0.0225,0.612074
0.445912,-0.250782,0.535521,0.0175,0.612074
0.463997,-0.294754,0.520879,0.0175,0.612074
0.592845,-0.306045,0.62484,0.045,0.47372
0.599101,-0.338788,0.636617,0.025,0.47372
0.565167,-0.312757,0.658027,0.0125,0.47372
0.567021,-0.332827,0.606549,0.0225,0.47372
0.558642,-0.296266,0.617125,0.0175,0.47372
0.59577,-0.273047,0.640733,0.0175,0.47372
0.660211,-0.189945,0.637215,0.045,0.392539
0.67227,-0.204332,0.667174,0.025,0.392539
0.670059,-0.156672,0.663831,0.0125,0.392539
0.629221,-0.19393,0.664464,0.0225,0.392539
0.633941,-0.164811,0.638997,0.0175,0.392539
0.675819,-0.167887,0.612319,0.0175,0.392539
0.871173,-0.321767,0.552102,0.045,0.0328208
0.891821,-0.341081,0.57333,0.025,0.0328208
0.856965,-0.314798,0.592871,0.0125,0.0328208
0.85354,-0.35859,0.559304,0.0225,0.0328208
0.835019,-0.324535,0.555307,0.0175,0.0328208
0.865399,-0.28558,0.549423,0.0175,0.0328208
0.130814,-0.119749,0.317535,0.045,0.51424
0.108734,-0.109996,0.291702,0.025,0.51424
0.148708,-0.133551,0.280095,0.0125,0.51424
0.104699,-0.150741,0.3088,0.0225,0.51424
0.142143,-0.154311,0.318997,0.0175,0.51424
0.165697,-0.110895,0.324934,0.0175,0.51424
0.130498,-0.129528,0.451868,0.045,0.49063
0.103363,-0.151525,0.446405,0.025,0.49063
0.12582,-0.152773,0.488615,0.0125,0.49063
0.0954319,-0.11251,0.465993,0.0225,0.49063
0.130827,-0.108983,0.481915,0.0175,0.49063
0.166098,-0.13539,0.458815,0.0175,0.49063
0.259835,-0.0364075,0.523846,0.045,0.496861
0.230409,-0.027806,0.506235,0.025,0.496861
0.226285,-0.0487221,0.549049,0.0125,0.496861
0.246576,0.000986122,0.535873,0.0225,0.496861
0.263396,-0.0259052,0.558516,0.0175,0.496861
0.273414,-0.0686406,0.535099,0.0175,0.496861
0.464197,-0.0544024,0.599878,0.045,0.337436
0.453431,-0.0212275,0.605667,0.025,0.337436
0.44693,-0.0538289,0.640053,0.0125,0.337436
0.493882,-0.0331188,0.619489,0.0225,0.337436
0.48521,-0.0707538,0.6247,0.0175,0.337436
0.446122,-0.0863452,0.598166,0.0175,0.337436
0.631906,-0.0392771,0.59444,0.045,0.121201
0.623126,-0.0645596,0.617542,0.025,0.121201
0.668825,-0.0507002,0.614907,0.0125,0.121201
0.624303,-0.0224824,0.631573,0.0225,0.121201
0.651259,-0.0107026,0.606012,0.0175,0.121201
0.654235,-0.0390842,0.565262,0.0175,0.121201
0.71493,-0.00208855,0.612332,0.045,0.0649564
0.715217,-0.0371927,0.608135,0.025,0.0649564
0.756972,-0.0140765,0.61124,0.0125,0.0649564
0.717413,-0.0207293,0.64928,0.0225,0.0649564
0.734701,0.012678,0.639091,0.0175,0.0649564
0.727587,0.025428,0.591532,0.0175,0.0649564
0.80409,-0.0908356,0.609661,0.045,0.0855621
0.77892,-0.100487,0.586786,0.025,0.0855621
0.766167,-0.0886157,0.631327,0.0125,0.0855621
0.78801,-0.057298,0.591348,0.0225,0.0855621
0.800081,-0.0598361,0.628315,0.0175,0.0855621
0.815484,-0.105276,0.641468,0.0175,0.0855621
0.855894,-0.0190201,0.594028,0.045,0.104295
0.872652,0.00661037,0.576357,0.025,0.104295
0.891128,-0.0375023,0.575875,0.0125,0.104295
0.843716,-0.0188706,0.554399,0.0225,0.104295
0.848435,-0.0502944,0.576961,0.0175,0.104295
0.865858,-0.0400932,0.622429,0.0175,0.104295
0.124837,0.0777931,0.356529,0.045,0.551782
0.130348,0.0440851,0.365662,0.025,0.551782
0.128629,0.0553216,0.319204,0.0125,0.551782
0.165525,0.0699276,0.357695,0.0225,0.551782
0.147304,0.0935236,0.332596,0.0175,0.551782
0.0978369,0.094273,0.337837,0.0175,0.551782
0.121863,0.152286,0.42066,0.045,0.512977
0.131012,0.153032,0.454803,0.025,0.512977
0.0889097,0.133833,0.442707,0.0125,0.512977
0.140159,0.116602,0.431183,0.0225,0.512977
0.110698,0.120879,0.406033,0.0175,0.512977
0.0940699,0.167605,0.402145,0.0175,0.512977
0.214351,0.259956,0.524268,0.045,0.340613
0.209767,0.225228,0.529058,0.025,0.340613
0.252043,0.240834,0.513035,0.0125,0.340613
0.227659,0.249003,0.561973,0.0225,0.340613
0.243496,0.276125,0.538901,0.0175,0.340613
0.221622,0.280072,0.494393,0.0175,0.340613
0.565362,0.176751,0.563309,0.045,0.404324
0.578344,0.14605,0.575094,0.025,0.404324
0.548771,0.170851,0.603339,0.0125,0.404324
0.538806,0.14603,0.554956,0.0225,0.404324
0.529459,0.182535,0.564894,0.0175,0.404324
0.568675,0.211291,0.575393,0.0175,0.404324
0.650535,0.229233,0.577332,0.045,0.266599
0.621646,0.218005,0.56032,0.025,0.266599
0.645375,0.187171,0.588135,0.0125,0.266599
0.617357,0.232787,0.601936,0.0225,0.266599
0.653441,0.223207,0.613112,0.0175,0.266599
0.685808,0.2191,0.575555,0.0175,0.266599
0.783726,0.338063,0.596599,0.045,0.0784446
0.761171,0.358443,0.614653,0.025,0.0784446
0.790123,0.329115,0.638925,0.0125,0.0784446
0.802467,0.373243,0.607996,0.0225,0.0784446
0.818884,0.337953,0.606028,0.0175,0.0784446
0.78724,0.301606,0.593676,0.0175,0.0784446
0.887528,0.193276,0.58686,0.045,0.016391
0.902484,0.175199,0.613309,0.025,0.016391
0.92939,0.205846,0.588322,0.0125,0.016391
0.886444,0.215708,0.621708,0.0225,0.016391
0.891649,0.229421,0.585603,0.0175,0.016391
0.893933,0.194055,0.550688,0.0175,0.016391
0.130666,0.307545,0.300199,0.045,0.55448
0.132547,0.272552,0.295512,0.025,0.55448
0.0938738,0.290825,0.316911,0.0125,0.55448
0.111637,0.296958,0.26492,0.0225,0.55448
0.100739,0.32524,0.289416,0.0175,0.55448
0.128783,0.328406,0.330386,0.0175,0.55448
0.207644,0.313327,0.345708,0.045,0.495147
0.192396,0.288809,0.325302,0.025,0.495147
0.164644,0.321203,0.346935,0.0125,0.495147
0.202561,0.328066,0.307293,0.0225,0.495147
0.199377,0.348377,0.3404,0.0175,0.495147
0.204828,0.320942,0.381542,0.0175,0.495147
0.288039,0.335288,0.474363,0.045,0.336495
0.315342,0.329544,0.452648,0.025,0.336495
0.292762,0.291898,0.471632,0.0125,0.336495
0.27436,0.329611,0.435641,0.0225,0.336495
0.256666,0.31785,0.468312,0.0175,0.336495
0.282477,0.327268,0.509786,0.0175,0.336495
0.364866,0.30302,0.51946,0.045,0.159724
0.36167,0.296393,0.484879,0.025,0.159724
0.323669,0.289772,0.513155,0.0125,0.159724
0.350109,0.336492,0.49995,0.0225,0.159724
0.340321,0.324443,0.535696,0.0175,0.159724
0.361746,0.281609,0.549155,0.0175,0.159724
0.702733,0.514463,0.563681,0.045,0.0429627
0.734536,0.529605,0.560633,0.025,0.0429627
0.701004,0.551619,0.586681,0.0125,0.0429627
0.726731,0.503519,0.595666,0.0225,0.0429627
0.688337,0.510096,0.596827,0.0175,0.0429627
0.669112,0.525247,0.553516,0.0175,0.0429627
0.811743,0.408471,0.531225,0.045,0.0314355
0.821937,0.37462,0.530831,0.025,0.0314355
0.821586,0.39803,0.572536,0.0125,0.0314355
0.779452,0.383878,0.539663,0.0225,0.0314355
0.786337,0.419005,0.55507,0.0175,0.0314355
0.829221,0.439477,0.540344,0.0175,0.0314355
0.857729,0.477878,0.589086,0.045,0.0264047
0.853879,0.483808,0.623727,0.025,0.0264047
0.887167,0.452639,0.609308,0.0125,0.0264047
0.884222,0.507279,0.601431,0.0225,0.0264047
0.890947,0.480062,0.574362,0.0175,0.0264047
0.853615,0.447698,0.568536,0.0175,0.0264047
0.948752,0.345291,0.551107,0.045,0.0513217
0.967393,0.331551,0.577823,0.025,0.0513217
0.984244,0.32697,0.533297,0.0125,0.0513217
0.977308,0.372493,0.563888,0.0225,0.0513217
0.96553,0.366964,0.527154,0.0175,0.0513217
0.932558,0.330092,0.521838,0.0175,0.0513217
0.195931,0.644979,0.386353,0.045,0.795299
0.161524,0.638129,0.381967,0.025,0.795299
0.192346,0.601561,0.382534,0.0125,0.795299
0.178403,0.636583,0.422973,0.0225,0.795299
0.21446,0.626808,0.411878,0.0175,0.795299
0.225231,0.639261,0.364932,0.0175,0.795299
0.234584,0.740968,0.47016,0.045,0.518982
0.262674,0.76066,0.478714,0.025,0.518982
0.239377,0.770288,0.438068,0.0125,0.518982
0.222355,0.774986,0.490456,0.0225,0.518982
0.203447,0.757546,0.46118,0.0175,0.518982
0.227699,0.718689,0.441765,0.0175,0.518982
0.233933,0.877059,0.470039,0.045,0.559912
0.23259,0.910601,0.481135,0.025,0.559912
0.267623,0.882398,0.497408,0.0125,0.559912
0.258094,0.900831,0.446167,0.0225,0.559912
0.265264,0.864044,0.456848,0.0175,0.559912
0.231277,0.844996,0.487785,0.0175,0.559912
0.492357,0.863374,0.518852,0.045,0.503703
0.459345,0.863803,0.531501,0.025,0.503703
0.494694,0.848833,0.56003,0.0125,0.503703
0.485325,0.899019,0.53882,0.0225,0.503703
0.518876,0.879205,0.538116,0.0175,0.503703
0.516395,0.836138,0.513335,0.0175,0.503703
0.768467,0.886396,0.538083,0.045,0.304955
0.762498,0.887644,0.503258,0.025,0.304955
0.745935,0.923142,0.530698,0.0125,0.304955
0.79808,0.908634,0.519447,0.0225,0.304955
0.78277,0.915499,0.554621,0.0175,0.304955
0.745892,0.88449,0.567009,0.0175,0.304955
0.911887,0.863396,0.515007,0.045,0.12885
0.882023,0.852312,0.530347,0.025,0.12885
0.878987,0.879585,0.491174,0.0125,0.12885
0.898921,0.828355,0.497041,0.0225,0.12885
0.916316,0.858338,0.479233,0.0175,0.12885
0.925757,0.896918,0.50919,0.0175,0.12885
0.949406,0.527544,0.59321,0.045,0.0189207
0.974517,0.504552,0.583683,0.025,0.0189207
0.981682,0.55112,0.575465,0.0125,0.0189207
0.977538,0.52399,0.623454,0.0225,0.0189207
0.958632,0.556502,0.613243,0.0175,0.0189207
0.928672,0.55095,0.573916,0.0175,0.0189207
0.157708,0.725984,0.265111,0.045,0.688639
0.159224,0.756826,0.282329,0.025,0.688639
0.1283,0.723594,0.29739,0.0125,0.688639
0.183579,0.72292,0.297361,0.0225,0.688639
0.159828,0.695008,0.284111,0.0175,0.688639
0.130813,0.709408,0.246352,0.0175,0.688639
0.347858,0.86954,0.443337,0.045,0.792073
0.354593,0.897024,0.464534,0.025,0.792073
0.311587,0.893967,0.44383,0.0125,0.792073
0.334863,0.861237,0.48182,0.0225,0.792073
0.317583,0.850062,0.448725,0.0175,0.792073
0.339648,0.867281,0.407595,0.0175,0.792073
0.171479,0.823621,0.412443,0.045,0.823891
0.187134,0.852604,0.399603,0.025,0.823891
0.204079,0.809749,0.386805,0.0125,0.823891
0.155324,0.833227,0.375491,0.0225,0.823891
0.161343,0.797325,0.389404,0.0175,0.823891
0.183633,0.79636,0.43387,0.0175,0.823891
0.388879,0.861566,0.523765,0.045,0.800784
0.377325,0.828332,0.520297,0.025,0.800784
0.393893,0.851056,0.481611,0.0125,0.800784
0.420608,0.835119,0.527312,0.0225,0.800784
0.421684,0.870334,0.510654,0.0175,0.800784
0.377599,0.893339,0.509163,0.0175,0.800784
0.609226,0.950863,0.496464,0.045,0.236193
0.601313,0.942176,0.529809,0.025,0.236193
0.5954,0.98754,0.515858,0.0125,0.236193
0.568874,0.941864,0.499538,0.0225,0.236193
0.584747,0.96914,0.476673,0.0175,0.236193
0.633968,0.973919,0.482101,0.0175,0.236193
0.762003,0.755575,0.444839,0.045,0.0563884
0.740515,0.731745,0.459685,0.025,0.0563884
0.787587,0.72818,0.467365,0.0125,0.0563884
0.752115,0.767473,0.483302,0.0225,0.0563884
0.786461,0.772714,0.465649,0.0175,0.0563884
0.789148,0.752508,0.420267,0.0175,0.0563884
0.823879,0.832382,0.492247,0.045,0.0445456
0.811017,0.806648,0.471695,0.025,0.0445456
0.849639,0.830697,0.456947,0.0125,0.0445456
0.843577,0.796775,0.500176,0.0225,0.0445456
0.859349,0.832411,0.500424,0.0175,0.0445456
0.827866,0.868537,0.487056,0.0175,0.0445456
0.950652,0.607336,0.551828,0.045,0.0110303
0.933185,0.634864,0.565507,0.025,0.0110303
0.94616,0.599149,0.594552,0.0125,0.0110303
0.977538,0.635162,0.566716,0.0225,0.0110303
0.981578,0.596411,0.567615,0.0175,0.0110303
0.942504,0.571592,0.549389,0.0175,0.0110303
0.155828,-0.872453,0.248237,0.045,0.57161
0.169765,-0.85735,0.277005,0.025,0.57161
0.122319,-0.856112,0.271099,0.0125,0.57161
0.155676,-0.899331,0.279801,0.0225,0.57161
0.128375,-0.896027,0.252188,0.0175,0.57161
0.136502,-0.85891,0.220074,0.0175,0.57161
0.293288,-0.737484,0.473213,0.045,0.465423
0.282863,-0.70461,0.480999,0.025,0.465423
0.292366,-0.734803,0.516853,0.0125,0.465423
0.326357,-0.71316,0.479005,0.0225,0.465423
0.323313,-0.750709,0.488982,0.0175,0.465423
0.278508,-0.770414,0.48008,0.0175,0.465423
0.429689,-0.851833,0.509109,0.045,0.416919
0.447707,-0.831988,0.532164,0.025,0.416919
0.436163,-0.813163,0.489739,0.0125,0.416919
0.403456,-0.828805,0.531475,0.0225,0.416919
0.399548,-0.838259,0.49387,0.0175,0.416919
0.437797,-0.864216,0.475479,0.0175,0.416919
0.542223,-0.773725,0.525491,0.045,0.294077
0.554239,-0.806974,0.525806,0.025,0.294077
0.539466,-0.787486,0.56691,0.0125,0.294077
0.510594,-0.800231,0.52152,0.0225,0.294077
0.510053,-0.766407,0.54087,0.0175,0.294077
0.553947,-0.743015,0.541907,0.0175,0.294077
0.678864,-0.925042,0.521691,0.045,0.0417622
0.693184,-0.910331,0.492908,0.025,0.0417622
0.718651,-0.94265,0.517288,0.0125,0.0417622
0.67183,-0.948984,0.488584,0.0225,0.0417622
0.678878,-0.961303,0.524879,0.0175,0.0417622
0.688599,-0.924682,0.557119,0.0175,0.0417622
0.943556,-0.742849,0.577415,0.045,0.0375117
0.934658,-0.775234,0.566365,0.025,0.0375117
0.945653,-0.742034,0.53374,0.0125,0.0375117
0.977646,-0.765822,0.572039,0.0225,0.0375117
0.974168,-0.727677,0.564857,0.0175,0.0375117
0.928301,-0.709841,0.572147,0.0175,0.0375117
0.91393,-0.828041,0.516457,0.045,0.0266924
0.947648,-0.831232,0.506312,0.025,0.0266924
0.935457,-0.794417,0.534304,0.0125,0.0266924
0.935488,-0.848598,0.545291,0.0225,0.0266924
0.906459,-0.82342,0.551781,0.0175,0.0266924
0.888661,-0.802032,0.51054,0.0175,0.0266924
0.125762,-0.606253,0.330448,0.045,0.546494
0.107557,-0.632101,0.346274,0.025,0.546494
0.106949,-0.629475,0.298522,0.0125,0.546494
0.148954,-0.640541,0.332717,0.0225,0.546494
0.148728,-0.614739,0.303512,0.0175,0.546494
0.115427,-0.578201,0.309087,0.0175,0.546494
0.127052,-0.787043,0.313048,0.045,0.592181
0.150059,-0.791351,0.339546,0.025,0.592181
0.1635,-0.803395,0.295254,0.0125,0.592181
0.15144,-0.753663,0.31617,0.0225,0.592181
0.137645,-0.769145,0.283174,0.0175,0.592181
0.111261,-0.810786,0.289877,0.0175,0.592181
0.206079,-0.694222,0.440555,0.045,0.251449
0.194364,-0.725249,0.452806,0.025,0.251449
0.186335,-0.714121,0.406989,0.0125,0.251449
0.234087,-0.723862,0.433086,0.0225,0.251449
0.225802,-0.693604,0.409966,0.0175,0.251449
0.188737,-0.664945,0.426696,0.0175,0.251449
0.485714,-0.610565,0.488733,0.045,0.302092
0.490351,-0.607608,0.523658,0.025,0.302092
0.45688,-0.580735,0.502563,0.0125,0.302092
0.45938,-0.635623,0.508668,0.0225,0.302092
0.452148,-0.616042,0.475758,0.0175,0.302092
0.489486,-0.586589,0.461149,0.0175,0.302092
0.796743,-0.699571,0.57321,0.045,0.122404
0.775538,-0.724129,0.587253,0.025,0.122404
0.765455,-0.707277,0.543643,0.0125,0.122404
0.808609,-0.737293,0.560762,0.0225,0.122404
0.809771,-0.704593,0.539594,0.0175,0.122404
0.790865,-0.664837,0.562767,0.0175,0.122404
0.890466,-0.662496,0.55745,0.045,0.0273072
0.907878,-0.668139,0.587699,0.025,0.0273072
0.884259,-0.70457,0.567636,0.0125,0.0273072
0.928502,-0.676889,0.549399,0.0225,0.0273072
0.896063,-0.684974,0.529372,0.0175,0.0273072
0.854878,-0.664739,0.54859,0.0175,0.0273072
0.954852,-0.584276,0.54674,0.045,0.0336367
0.930335,-0.608142,0.537833,0.025,0.0336367
0.976441,-0.618977,0.531173,0.0125,0.0336367
0.948611,-0.610554,0.578192,0.0225,0.0336367
0.982617,-0.594521,0.567933,0.0175,0.0336367
0.980113,-0.566229,0.527088,0.0175,0.0336367
0.884269,-0.516958,0.599092,0.045,0.0795758
0.863279,-0.539784,0.616075,0.025,0.0795758
0.853048,-0.528515,0.570734,0.0125,0.0795758
0.896462,-0.555822,0.591368,0.0225,0.0795758
0.897338,-0.525967,0.566335,0.0175,0.0795758
0.878087,-0.483826,0.584462,0.0175,0.0795758
0.217612,-0.466139,0.48163,0.045,0.45082
0.186648,-0.480483,0.490875,0.025,0.45082
0.19534,-0.472471,0.444531,0.0125,0.45082
0.219982,-0.507475,0.479514,0.0225,0.45082
0.237431,-0.482117,0.455613,0.0175,0.45082
0.226265,-0.43455,0.464979,0.0175,0.45082
0.212644,-0.375112,0.477849,0.045,0.54486
0.237985,-0.366486,0.500944,0.025,0.54486
0.19384,-0.349421,0.507831,0.0125,0.54486
0.212235,-0.401516,0.509808,0.0225,0.54486
0.181136,-0.388403,0.490323,0.0175,0.54486
0.191971,-0.354961,0.455121,0.0175,0.54486
0.335456,-0.645532,0.494739,0.045,0.53215
0.35425,-0.674862,0.488695,0.025,0.53215
0.322379,-0.67493,0.524356,0.0125,0.53215
0.314285,-0.671009,0.46981,0.0225,0.53215
0.299237,-0.647983,0.497416,0.0175,0.53215
0.333315,-0.623041,0.523714,0.0175,0.53215
0.560113,-0.588859,0.534317,0.045,0.325041
0.589031,-0.568759,0.537435,0.025,0.325041
0.591591,-0.614822,0.55005,0.0125,0.325041
0.583459,-0.592284,0.500229,0.0225,0.325041
0.562499,-0.620666,0.516779,0.0175,0.325041
0.539885,-0.607112,0.558967,0.0175,0.325041
0.577375,-0.499987,0.541787,0.045,0.221345
0.59267,-0.52501,0.561533,0.025,0.221345
0.62054,-0.49493,0.536918,0.0125,0.221345
0.586488,-0.484815,0.579278,0.0225,0.221345
0.588228,-0.465441,0.545508,0.0175,0.221345
0.57773,-0.493312,0.505658,0.0175,0.221345
0.698793,-0.306928,0.638376,0.045,0.507696
0.682686,-0.338188,0.634723,0.025,0.507696
0.705929,-0.328936,0.675487,0.0125,0.507696
0.660646,-0.305151,0.654511,0.0225,0.507696
0.692349,-0.287101,0.668215,0.0175,0.507696
0.73402,-0.297648,0.643169,0.0175,0.507696
0.761171,-0.340085,0.57657,0.045,0.339904
0.780848,-0.315517,0.592671,0.025,0.339904
0.734343,-0.306779,0.585707,0.0125,0.339904
0.758713,-0.344716,0.617694,0.0225,0.339904
0.729981,-0.350691,0.592051,0.0175,0.339904
0.742268,-0.339912,0.545064,0.0175,0.339904
0.130744,-0.40615,0.345031,0.045,0.588832
0.103797,-0.396752,0.365901,0.025,0.588832
0.146112,-0.406451,0.385972,0.0125,0.588832
0.131803,-0.365288,0.351956,0.0225,0.588832
0.162612,-0.388897,0.348461,0.0175,0.588832
0.150761,-0.436879,0.342787,0.0175,0.588832
0.125892,-0.28374,0.363305,0.045,0.553291
0.114275,-0.312297,0.380613,0.025,0.553291
0.0926126,-0.299729,0.339866,0.0125,0.553291
0.14418,-0.317785,0.348297,0.0225,0.553291
0.133419,-0.286439,0.327794,0.0175,0.553291
0.109877,-0.251819,0.354669,0.0175,0.553291
0.267934,-0.29285,0.473253,0.045,0.34127
0.256056,-0.274043,0.500734,0.025,0.34127
0.245264,-0.259418,0.456495,0.0125,0.34127
0.229649,-0.305162,0.483326,0.0225,0.34127
0.24448,-0.303044,0.44735,0.0175,0.34127
0.290647,-0.284592,0.445578,0.0175,0.34127
0.302026,-0.392588,0.490303,0.045,0.466379
0.273575,-0.403262,0.508375,0.025,0.466379
0.273382,-0.407313,0.460719,0.0125,0.466379
0.304707,-0.433197,0.498203,0.0225,0.466379
0.316965,-0.41512,0.465928,0.0175,0.466379
0.306873,-0.366414,0.464976,0.0175,0.466379
0.506177,-0.299893,0.573174,0.045,0.521923
0.530146,-0.280915,0.555417,0.025,0.521923
0.544594,-0.30696,0.592839,0.0125,0.521923
0.524179,-0.32342,0.54417,0.0225,0.521923
0.512712,-0.335135,0.579526,0.0175,0.521923
0.494453,-0.298633,0.607972,0.0175,0.521923
0.303099,-0.133945,0.546472,0.045,0.506874
0.314004,-0.166387,0.53761,0.025,0.506874
0.331961,-0.146068,0.577008,0.0125,0.506874
0.280273,-0.162407,0.56616,0.0225,0.506874
0.2914,-0.12788,0.580404,0.0175,0.506874
0.320816,-0.101929,0.549805,0.0175,0.506874
0.723837,-0.127606,0.625918,0.045,0.0799624
0.729795,-0.096835,0.642278,0.025,0.0799624
0.691883,-0.122875,0.655398,0.0125,0.0799624
0.745796,-0.133993,0.660498,0.0225,0.0799624
0.718328,-0.157499,0.645946,0.0175,0.0799624
0.695948,-0.139657,0.605255,0.0175,0.0799624
0.89068,-0.226077,0.580123,0.045,0.111476
0.905658,-0.25597,0.568631,0.025,0.111476
0.911316,-0.243581,0.614478,0.0125,0.111476
0.865457,-0.258192,0.587279,0.0225,0.111476
0.870155,-0.227004,0.610171,0.0175,0.111476
0.904739,-0.195101,0.59401,0.0175,0.111476
0.123309,-0.18356,0.379973,0.045,0.529644
0.136368,-0.216304,0.377268,0.025,0.529644
0.092166,-0.207783,0.361109,0.0125,0.529644
0.140725,-0.188807,0.342719,0.0225,0.529644
0.108833,-0.167813,0.350521,0.0175,0.529644
0.0944399,-0.169849,0.3981,0.0175,0.529644
0.126478,-0.0486889,0.410375,0.045,0.632518
0.102086,-0.0255555,0.399427,0.025,0.632518
0.0877769,-0.064527,0.423176,0.0125,0.632518
0.11801,-0.0216724,0.440659,0.0225,0.632518
0.126249,-0.0594991,0.445132,0.0175,0.632518
0.132457,-0.0840307,0.402299,0.0175,0.632518
0.144879,0.0400429,0.438498,0.045,0.29839
0.144659,0.0345278,0.473419,0.025,0.29839
0.106597,0.0210495,0.447784,0.0125,0.29839
0.158395,0.00175098,0.446853,0.0225,0.29839
0.136843,0.0124255,0.416188,0.0175,0.29839
0.123583,0.0603739,0.416518,0.0175,0.29839
0.122879,0.106464,0.506503,0.045,0.312009
0.132249,0.139586,0.514576,0.025,0.312009
0.152697,0.118465,0.476849,0.0125,0.312009
0.100034,0.133334,0.484711,0.0225,0.312009
0.112982,0.0987204,0.472341,0.0175,0.312009
0.141813,0.0750026,0.505222,0.0175,0.312009
0.7157,0.0857935,0.632374,0.045,0.325617
0.745696,0.085226,0.65108,0.025,0.325617
0.743074,0.0591695,0.611059,0.0125,0.325617
0.742151,0.114063,0.617545,0.0225,0.325617
0.717276,0.092547,0.59664,0.0175,0.325617
0.691535,0.0595597,0.623551,0.0175,0.325617
0.86171,0.104974,0.598491,0.045,0.0550552
0.857546,0.0714679,0.60898,0.025,0.0550552
0.900796,0.0857848,0.594421,0.0125,0.0550552
0.871488,0.101398,0.63862,0.0225,0.0550552
0.888848,0.124682,0.612635,0.0175,0.0550552
0.871397,0.119808,0.566302,0.0175,0.0550552
0.92368,0.0364904,0.613706,0.045,0.0722683
0.943023,0.0527578,0.638429,0.025,0.0722683
0.906001,0.0258188,0.652255,0.0125,0.0722683
0.953211,0.0109435,0.627635,0.0225,0.0722683
0.917096,0.000845172,0.617031,0.0175,0.0722683
0.888326,0.0393208,0.604112,0.0175,0.0722683
0.203423,0.496513,0.353465,0.045,0.661258
0.218483,0.525206,0.339326,0.025,0.661258
0.246597,0.491453,0.358241,0.0125,0.661258
0.213587,0.489135,0.313956,0.0225,0.661258
0.215159,0.463579,0.343336,0.0175,0.661258
0.203264,0.482922,0.387601,0.0175,0.661258
0.133768,0.20643,0.273232,0.045,0.629179
0.10964,0.180681,0.271042,0.025,0.629179
0.0982195,0.220972,0.294144,0.0125,0.629179
0.109101,0.212905,0.240546,0.0225,0.629179
0.12441,0.240284,0.263671,0.0175,0.629179
0.150681,0.222133,0.301821,0.0175,0.629179
0.148034,0.23698,0.467991,0.045,0.325156
0.112988,0.240506,0.464932,0.025,0.325156
0.138908,0.233388,0.425373,0.0125,0.325156
0.12999,0.199657,0.468255,0.0225,0.325156
0.164383,0.208536,0.452223,0.0175,0.325156
0.176126,0.256798,0.455025,0.0175,0.325156
0.517011,0.263101,0.54432,0.045,0.347573
0.522205,0.297539,0.538237,0.025,0.347573
0.480597,0.283581,0.557248,0.0125,0.347573
0.531582,0.281461,0.578515,0.0225,0.347573
0.505552,0.252488,0.5772,0.0175,0.347573
0.4926,0.239038,0.531088,0.0175,0.347573
0.599009,0.304729,0.550639,0.045,0.231009
0.632057,0.311534,0.561199,0.025,0.231009
0.611324,0.341256,0.529986,0.0125,0.231009
0.598478,0.330938,0.582757,0.0225,0.231009
0.574094,0.331211,0.552358,0.0175,0.231009
0.584626,0.297112,0.517698,0.0175,0.231009
0.645061,0.381399,0.55924,0.045,0.262881
0.659379,0.41187,0.570035,0.025,0.262881
0.631181,0.41214,0.531404,0.0125,0.262881
0.618644,0.401392,0.584164,0.0225,0.262881
0.609224,0.379927,0.553031,0.0175,0.262881
0.648449,0.362102,0.528157,0.0175,0.262881
0.828255,0.255032,0.614559,0.045,0.13889
0.822159,0.220298,0.617098,0.025,0.13889
0.806208,0.24903,0.651848,0.0125,0.13889
0.790988,0.246023,0.598786,0.0225,0.13889
0.800474,0.278198,0.618624,0.0175,0.13889
0.847242,0.278428,0.635585,0.0175,0.13889
0.952637,0.259795,0.579468,0.045,0.0773089
0.928869,0.285038,0.586388,0.025,0.0773089
0.934846,0.249774,0.618141,0.0125,0.0773089
0.969935,0.289557,0.602571,0.0225,0.0773089
0.977361,0.251366,0.604819,0.0175,0.0773089
0.949477,0.223536,0.574437,0.0175,0.0773089
0.120538,0.581269,0.425889,0.045,0.527556
0.149748,0.598604,0.416079,0.025,0.527556
0.149134,0.550895,0.412767,0.0125,0.527556
0.119621,0.588567,0.385089,0.0225,0.527556
0.106008,0.556834,0.403156,0.0175,0.527556
0.114149,0.556467,0.452233,0.0175,0.527556
0.124864,0.391047,0.351241,0.045,0.534639
0.14589,0.368537,0.368596,0.025,0.534639
0.135163,0.410404,0.389079,0.0125,0.534639
0.102325,0.367612,0.376963,0.0225,0.534639
0.096015,0.405108,0.368418,0.0175,0.534639
0.130272,0.42502,0.338335,0.0175,0.534639
0.126599,0.467019,0.399391,0.045,0.608511
0.10175,0.44332,0.407808,0.025,0.608511
0.138653,0.449489,0.4376,0.0125,0.608511
0.0981148,0.4845,0.423923,0.0225,0.608511
0.136374,0.491911,0.424086,0.0175,0.608511
0.162538,0.463796,0.392463,0.0175,0.608511
0.646789,0.662173,0.582114,0.045,0.746105
0.642677,0.650672,0.615293,0.025,0.746105
0.682101,0.675402,0.604262,0.0125,0.746105
0.629309,0.69178,0.605281,0.0225,0.746105
0.654938,0.697191,0.576425,0.0175,0.746105
0.672,0.65498,0.556373,0.0175,0.746105
0.875408,0.620849,0.602826,0.045,0.0770994
0.885686,0.652387,0.615062,0.025,0.0770994
0.918819,0.618698,0.607658,0.0125,0.0770994
0.88675,0.645244,0.571283,0.0225,0.0770994
0.892334,0.60676,0.573843,0.0175,0.0770994
0.877341,0.58699,0.616963,0.0175,0.0770994
0.729392,0.423982,0.582088,0.045,0.0843972
0.744424,0.413004,0.552029,0.025,0.0843972
0.698849,0.401269,0.560553,0.0125,0.0843972
0.721415,0.45094,0.551618,0.0225,0.0843972
0.697285,0.441066,0.580584,0.0175,0.0843972
0.715288,0.405852,0.610765,0.0175,0.0843972
0.873869,0.383247,0.591153,0.045,0.0315806
0.850138,0.373162,0.615342,0.025,0.0315806
0.886397,0.401196,0.629014,0.0125,0.0315806
0.844316,0.412086,0.594854,0.0225,0.0315806
0.88216,0.418566,0.588175,0.0175,0.0315806
0.90999,0.377329,0.587949,0.0175,0.0315806
0.134172,0.792011,0.209115,0.045,0.787513
0.134001,0.789922,0.244408,0.025,0.787513
0.0995653,0.815036,0.222706,0.0125,0.787513
0.109846,0.760735,0.221313,0.0225,0.787513
0.103708,0.784181,0.190795,0.0175,0.787513
0.137484,0.820394,0.186019,0.0175,0.787513
0.131393,0.949265,0.240819,0.045,0.612821
0.135824,0.94324,0.206264,0.025,0.612821
0.102094,0.974219,0.22005,0.0125,0.612821
0.15708,0.977542,0.224713,0.0225,0.612821
0.130799,0.983619,0.25284,0.0175,0.612821
0.102981,0.943763,0.263457,0.0175,0.612821
0.125644,0.792962,0.33031,0.045,0.653078
0.10626,0.821526,0.322668,0.025,0.653078
0.151475,0.827605,0.337026,0.0125,0.653078
0.131945,0.804201,0.290905,0.0225,0.653078
0.158568,0.789383,0.315204,0.0175,0.653078
0.141665,0.781498,0.361324,0.0175,0.653078
0.398324,0.585381,0.525662,0.045,0.680418
0.387324,0.607095,0.500021,0.025,0.680418
0.415018,0.569896,0.488326,0.0125,0.680418
0.363574,0.5706,0.508554,0.0225,0.680418
0.393597,0.549508,0.521687,0.0175,0.680418
0.431792,0.576797,0.538161,0.0175,0.680418
0.607436,0.741956,0.55177,0.045,0.382288
0.593267,0.757938,0.523596,0.025,0.382288
0.56415,0.73662,0.554985,0.0125,0.382288
0.596723,0.780817,0.561455,0.0225,0.382288
0.594495,0.749756,0.584886,0.0175,0.382288
0.607385,0.706975,0.56301,0.0175,0.382288
0.847712,0.634633,0.515954,0.045,0.0986343
0.874901,0.656272,0.509438,0.025,0.0986343
0.850849,0.661302,0.550471,0.0125,0.0986343
0.882317,0.619369,0.532931,0.0225,0.0986343
0.846364,0.617028,0.547786,0.0175,0.0986343
0.811838,0.640785,0.52098,0.0175,0.0986343
0.90489,0.767229,0.524799,0.045,0.0871675
0.910628,0.796701,0.543467,0.025,0.0871675
0.887872,0.760256,0.564476,0.0125,0.0871675
0.940038,0.763615,0.546486,0.0225,0.0871675
0.914502,0.735135,0.539034,0.0175,0.0871675
0.874077,0.750212,0.514263,0.0175,0.0871675
0.945246,0.437781,0.595338,0.045,0.017054
0.965867,0.438616,0.624045,0.025,0.017054
0.932175,0.404812,0.620925,0.0125,0.017054
0.977569,0.412318,0.590277,0.0225,0.017054
0.941295,0.406403,0.577316,0.0175,0.017054
0.909008,0.441779,0.590772,0.0175,0.017054
0.155929,0.866002,0.263052,0.045,0.589106
0.150107,0.895789,0.281186,0.025,0.589106
0.131453,0.891553,0.23735,0.0125,0.589106
0.119947,0.863325,0.28347,0.0225,0.589106
0.127648,0.848496,0.248263,0.0175,0.589106
0.173136,0.859332,0.231281,0.0175,0.589106
0.216079,0.949015,0.372938,0.045,0.414685
0.213871,0.973636,0.398215,0.025,0.414685
0.186874,0.978445,0.359029,0.0125,0.414685
0.184897,0.940036,0.398742,0.0225,0.414685
0.185486,0.933902,0.360261,0.0175,0.414685
0.226637,0.95052,0.337778,0.0175,0.414685
0.131253,0.955321,0.330304,0.045,0.462402
0.105323,0.933397,0.340149,0.025,0.462402
0.150676,0.92015,0.347575,0.0125,0.462402
0.121854,0.961547,0.3702,0.0225,0.462402
0.157347,0.963721,0.354254,0.0175,0.462402
0.158535,0.952014,0.305916,0.0175,0.462402
0.488398,0.952548,0.47976,0.045,0.475413
0.459322,0.971283,0.472437,0.025,0.475413
0.454564,0.929265,0.494784,0.0125,0.475413
0.478164,0.976082,0.51232,0.0225,0.475413
0.493435,0.940252,0.513649,0.0175,0.475413
0.49981,0.919334,0.468964,0.0175,0.475413
0.68083,0.904999,0.529912,0.045,0.332253
0.693892,0.891447,0.559841,0.025,0.332253
0.71709,0.927702,0.538985,0.0125,0.332253
0.667044,0.926677,0.56245,0.0225,0.332253
0.676155,0.941009,0.527374,0.0175,0.332253
0.694254,0.907112,0.495775,0.0175,0.332253
0.955052,0.950477,0.49081,0.045,0.0459509
0.932302,0.948594,0.463813,0.025,0.0459509
0.929154,0.985572,0.493982,0.0125,0.0459509
0.969489,0.972232,0.458608,0.0225,0.0459509
0.973479,0.981389,0.496277,0.0175,0.0459509
0.95031,0.950095,0.527243,0.0175,0.0459509
0.955096,0.798358,0.456663,0.045,0.0265211
0.974539,0.801274,0.427278,0.025,0.0265211
0.93183,0.822746,0.4288,0.0125,0.0265211
0.977608,0.833146,0.457996,0.0225,0.0265211
0.941516,0.82848,0.471937,0.0175,0.0265211
0.922113,0.783522,0.463144,0.0175,0.0265211
